========== OUTPUT ==========
Job ID    Task ID    STATUS    Data center ID    VM ID        Time    Start Time    Finish Time    Depth
    100        Stage-in    SUCCESS        2            12            0.11        0.1            0.21            0
    10        11,    SUCCESS        2            13            19.88        0.21            20.09            1
    7        8,    SUCCESS        2            19            20.26        0.21            20.47            1
    17        18,    SUCCESS        2            5            20.37        0.21            20.58            1
    8        9,    SUCCESS        2            3            20.44        0.21            20.65            1
    13        14,    SUCCESS        2            10            20.57        0.21            20.78            1
    19        20,    SUCCESS        2            8            20.65        0.21            20.86            1
    12        13,    SUCCESS        2            2            20.66        0.21            20.87            1
    5        6,    SUCCESS        2            9            20.66        0.21            20.87            1
    0        1,    SUCCESS        2            6            20.82        0.21            21.03            1
    9        10,    SUCCESS        2            1            20.83        0.21            21.04            1
    4        5,    SUCCESS        2            12            20.84        0.21            21.05            1
    2        3,    SUCCESS        2            17            20.89        0.21            21.1            1
    3        4,    SUCCESS        2            15            21.23        0.21            21.44            1
    6        7,    SUCCESS        2            4            21.33        0.21            21.54            1
    22        23,    SUCCESS        2            14            21.35        0.21            21.56            1
    1        2,    SUCCESS        2            18            21.45        0.21            21.66            1
    21        22,    SUCCESS        2            16            21.47        0.21            21.68            1
    18        19,    SUCCESS        2            2            17.66        20.87            38.53            1
    14        15,    SUCCESS        2            19            18.17        20.47            38.64            1
    20        21,    SUCCESS        2            18            17.26        21.66            38.92            1
    11        12,    SUCCESS        2            12            18.34        21.05            39.39            1
    16        17,    SUCCESS        2            4            17.96        21.54            39.5            1
    15        16,    SUCCESS        2            9            18.74        20.87            39.61            1
    40        41,    SUCCESS        2            13            251.3        20.58            271.88            2
    23        24,    SUCCESS        2            12            263.24        39.39            302.63            2
    34        35,    SUCCESS        2            19            280.07        39.39            319.46            2
    28        29,    SUCCESS        2            0            317.45        20.87            338.32            2
    36        37,    SUCCESS        2            14            356.74        21.56            378.3            2
    37        38,    SUCCESS        2            16            340.59        38.64            379.24            2
    33        34,    SUCCESS        2            17            397.34        21.1            418.44            2
    30        31,    SUCCESS        2            4            406.18        39.5            445.68            2
    42        43,    SUCCESS        2            2            470.4        38.53            508.93            2
    25        26,    SUCCESS        2            13            249.37        271.88            521.25            2
    31        32,    SUCCESS        2            6            528.54        21.03            549.57            2
    35        36,    SUCCESS        2            15            531.82        21.44            553.26            2
    29        30,    SUCCESS        2            0            248.87        338.32            587.19            2
    44        45,    SUCCESS        2            5            583.36        21.68            605.04            2
    32        33,    SUCCESS        2            14            307.68        378.3            685.98            2
    41        42,    SUCCESS        2            4            311.16        445.68            756.84            2
    43        44,    SUCCESS        2            6            235.24        549.57            784.81            2
    26        27,    SUCCESS        2            15            290.1        553.26            843.36            2
    27        28,    SUCCESS        2            17            452.8        418.44            871.24            2
    45        46,    SUCCESS        2            0            328.64        587.19            915.83            2
    39        40,    SUCCESS        2            4            253.81        756.84            1010.65            2
    47        48,    SUCCESS        2            4            5.55        1010.65            1016.2            3
    72        73,    SUCCESS        2            16            4.55        1016.2            1020.75            4
    71        72,    SUCCESS        2            19            5.06        1016.2            1021.26            4
    69        70,    SUCCESS        2            1            5.09        1016.2            1021.29            4
    66        67,    SUCCESS        2            7            5.19        1016.2            1021.39            4
    68        69,    SUCCESS        2            5            5.28        1016.2            1021.48            4
    67        68,    SUCCESS        2            2            5.64        1016.2            1021.84            4
    38        39,    SUCCESS        2            6            320.12        784.81            1104.93            2
    91        92,    SUCCESS        2            7            247.92        1021.39            1269.32            5
    24        25,    SUCCESS        2            0            393.82        915.83            1309.65            2
    70        71,    SUCCESS        2            0            4.92        1309.65            1314.57            4
    97        98,    SUCCESS        2            4            340.41        1020.75            1361.16            5
    93        94,    SUCCESS        2            0            243.8        1314.57            1558.37            5
    94        95,    SUCCESS        2            19            551.74        1021.29            1573.04            5
    46        47,    SUCCESS        2            19            5.32        1573.04            1578.36            3
    52        53,    SUCCESS        2            1            4.2        1578.36            1582.56            4
    49        50,    SUCCESS        2            3            4.87        1578.36            1583.23            4
    53        54,    SUCCESS        2            17            4.92        1578.36            1583.28            4
    60        61,    SUCCESS        2            16            4.96        1578.36            1583.32            4
    54        55,    SUCCESS        2            11            4.98        1578.36            1583.34            4
    62        63,    SUCCESS        2            9            5.01        1578.36            1583.37            4
    51        52,    SUCCESS        2            0            5.07        1578.36            1583.43            4
    50        51,    SUCCESS        2            4            5.13        1578.36            1583.49            4
    48        49,    SUCCESS        2            5            5.21        1578.36            1583.57            4
    55        56,    SUCCESS        2            13            5.26        1578.36            1583.62            4
    58        59,    SUCCESS        2            19            5.76        1578.36            1584.12            4
    64        65,    SUCCESS        2            1            4.82        1582.56            1587.38            4
    57        58,    SUCCESS        2            11            4.94        1583.34            1588.28            4
    59        60,    SUCCESS        2            4            4.9        1583.49            1588.39            4
    63        64,    SUCCESS        2            16            5.18        1583.32            1588.5            4
    61        62,    SUCCESS        2            3            5.38        1583.23            1588.61            4
    65        66,    SUCCESS        2            9            5.62        1583.37            1588.99            4
    95        96,    SUCCESS        2            8            283.7        1314.57            1598.28            5
    96        97,    SUCCESS        2            15            674.28        1021.26            1695.55            5
    92        93,    SUCCESS        2            6            628.14        1104.93            1733.07            5
    56        57,    SUCCESS        2            6            5.22        1733.07            1738.29            4
    85        86,    SUCCESS        2            16            412.64        1588.5            2001.14            5
    87        88,    SUCCESS        2            9            424.18        1588.99            2013.17            5
    75        76,    SUCCESS        2            13            442.73        1583.62            2026.35            5
    88        89,    SUCCESS        2            11            512.57        1588.5            2101.07            5
    83        84,    SUCCESS        2            18            528.98        1584.12            2113.1            5
    99        100,    SUCCESS        2            18            5.41        2113.1            2118.51            6
    90        91,    SUCCESS        2            10            546.52        1588.99            2135.51            5
    79        80,    SUCCESS        2            5            553        1583.57            2136.57            5
    89        90,    SUCCESS        2            3            558.09        1588.61            2146.7            5
    76        77,    SUCCESS        2            12            620.11        1583.43            2203.54            5
    73        74,    SUCCESS        2            14            657.22        1583.57            2240.79            5
    77        78,    SUCCESS        2            4            682.72        1588.39            2271.11            5
    80        81,    SUCCESS        2            13            255.74        2026.35            2282.09            5
    74        75,    SUCCESS        2            6            565.99        1738.29            2304.28            5
    84        85,    SUCCESS        2            16            437.38        2001.14            2438.52            5
    78        79,    SUCCESS        2            4            237.36        2271.11            2508.47            5
    82        83,    SUCCESS        2            6            401.18        2304.28            2705.46            5
    81        82,    SUCCESS        2            14            660.74        2240.79            2901.53            5
    86        87,    SUCCESS        2            4            653.46        2508.47            3161.93            5
    98        99,    SUCCESS        2            0            5.71        3161.93            3167.64            6
