========== OUTPUT ==========
Job ID    Task ID    STATUS    Data center ID    VM ID        Time    Start Time    Finish Time    Depth
    400        Stage-in    SUCCESS        2            13            0.11        0.1            0.21            0
    40        41,    SUCCESS        2            0            19.94        0.21            20.15            1
    18        19,    SUCCESS        2            1            20.34        0.21            20.55            1
    6        7,    SUCCESS        2            3            20.51        0.21            20.72            1
    25        26,    SUCCESS        2            9            20.62        0.21            20.83            1
    7        8,    SUCCESS        2            2            20.7        0.21            20.91            1
    2        3,    SUCCESS        2            12            20.7        0.21            20.91            1
    43        44,    SUCCESS        2            19            20.7        0.21            20.91            1
    13        14,    SUCCESS        2            4            20.73        0.21            20.94            1
    9        10,    SUCCESS        2            10            20.79        0.21            21            1
    46        47,    SUCCESS        2            14            20.86        0.21            21.07            1
    54        55,    SUCCESS        2            8            20.89        0.21            21.1            1
    16        17,    SUCCESS        2            5            20.95        0.21            21.16            1
    10        11,    SUCCESS        2            7            21.06        0.21            21.27            1
    12        13,    SUCCESS        2            6            21.07        0.21            21.29            1
    74        75,    SUCCESS        2            16            21.17        0.21            21.38            1
    28        29,    SUCCESS        2            15            21.22        0.21            21.43            1
    1        2,    SUCCESS        2            17            21.27        0.21            21.48            1
    11        12,    SUCCESS        2            18            21.38        0.21            21.59            1
    31        32,    SUCCESS        2            13            21.6        0.21            21.81            1
    0        1,    SUCCESS        2            11            21.76        0.21            21.97            1
    42        43,    SUCCESS        2            1            17.64        20.55            38.19            1
    45        46,    SUCCESS        2            0            18.28        20.15            38.43            1
    26        27,    SUCCESS        2            10            17.55        21            38.54            1
    23        24,    SUCCESS        2            4            17.71        20.94            38.65            1
    30        31,    SUCCESS        2            12            17.93        20.91            38.84            1
    87        88,    SUCCESS        2            6            17.67        21.29            38.95            1
    64        65,    SUCCESS        2            9            18.25        20.83            39.08            1
    19        20,    SUCCESS        2            2            18.28        20.91            39.19            1
    33        34,    SUCCESS        2            5            18.14        21.16            39.3            1
    17        18,    SUCCESS        2            7            18.03        21.27            39.3            1
    78        79,    SUCCESS        2            8            18.2        21.1            39.3            1
    88        89,    SUCCESS        2            16            17.92        21.38            39.3            1
    3        4,    SUCCESS        2            17            17.95        21.48            39.43            1
    32        33,    SUCCESS        2            15            18.12        21.43            39.54            1
    83        84,    SUCCESS        2            14            18.59        21.07            39.66            1
    20        21,    SUCCESS        2            3            19.05        20.72            39.77            1
    21        22,    SUCCESS        2            18            18.29        21.59            39.88            1
    59        60,    SUCCESS        2            13            18.33        21.81            40.14            1
    14        15,    SUCCESS        2            11            18.62        21.97            40.59            1
    72        73,    SUCCESS        2            1            18        38.19            56.19            1
    55        56,    SUCCESS        2            10            17.76        38.54            56.3            1
    47        48,    SUCCESS        2            12            17.46        38.84            56.3            1
    29        30,    SUCCESS        2            4            18.35        38.65            57            1
    22        23,    SUCCESS        2            7            17.81        39.3            57.11            1
    41        42,    SUCCESS        2            5            17.92        39.3            57.22            1
    81        82,    SUCCESS        2            9            18.14        39.08            57.22            1
    27        28,    SUCCESS        2            2            18.14        39.19            57.33            1
    24        25,    SUCCESS        2            3            17.56        39.77            57.33            1
    51        52,    SUCCESS        2            15            17.96        39.54            57.5            1
    34        35,    SUCCESS        2            18            17.91        39.88            57.79            1
    4        5,    SUCCESS        2            17            18.56        39.43            57.99            1
    91        92,    SUCCESS        2            14            18.45        39.66            58.1            1
    63        64,    SUCCESS        2            13            18.07        40.14            58.21            1
    35        36,    SUCCESS        2            11            18.88        40.59            59.47            1
    85        86,    SUCCESS        2            1            18.21        56.19            74.4            1
    37        38,    SUCCESS        2            4            17.55        57            74.55            1
    56        57,    SUCCESS        2            10            18.51        56.3            74.81            1
    48        49,    SUCCESS        2            12            18.75        56.3            75.05            1
    44        45,    SUCCESS        2            7            18.05        57.11            75.16            1
    82        83,    SUCCESS        2            5            18.23        57.22            75.45            1
    68        69,    SUCCESS        2            15            18.06        57.5            75.56            1
    52        53,    SUCCESS        2            18            17.88        57.79            75.67            1
    60        61,    SUCCESS        2            2            18.45        57.33            75.78            1
    5        6,    SUCCESS        2            17            17.79        57.99            75.78            1
    49        50,    SUCCESS        2            3            18.59        57.33            75.92            1
    36        37,    SUCCESS        2            11            17.39        59.47            76.86            1
    38        39,    SUCCESS        2            4            17.81        74.55            92.36            1
    57        58,    SUCCESS        2            7            17.31        75.16            92.47            1
    65        66,    SUCCESS        2            10            17.66        74.81            92.47            1
    86        87,    SUCCESS        2            18            17.7        75.67            93.37            1
    8        9,    SUCCESS        2            17            17.83        75.78            93.61            1
    67        68,    SUCCESS        2            12            18.67        75.05            93.72            1
    89        90,    SUCCESS        2            15            18.16        75.56            93.72            1
    66        67,    SUCCESS        2            2            18.05        75.78            93.83            1
    61        62,    SUCCESS        2            3            18.41        75.92            94.33            1
    62        63,    SUCCESS        2            11            18.14        76.86            95            1
    84        85,    SUCCESS        2            7            18.03        92.47            110.5            1
    39        40,    SUCCESS        2            4            18.66        92.36            111.02            1
    15        16,    SUCCESS        2            17            17.68        93.61            111.29            1
    71        72,    SUCCESS        2            11            17.8        95            112.8            1
    70        71,    SUCCESS        2            3            18.58        94.33            112.91            1
    90        91,    SUCCESS        2            7            18.13        110.5            128.63            1
    58        59,    SUCCESS        2            17            17.99        111.29            129.28            1
    50        51,    SUCCESS        2            4            18.7        111.02            129.72            1
    75        76,    SUCCESS        2            3            17.89        112.91            130.8            1
    76        77,    SUCCESS        2            11            18.48        112.8            131.28            1
    69        70,    SUCCESS        2            17            18.14        129.28            147.42            1
    53        54,    SUCCESS        2            4            18.73        129.72            148.45            1
    79        80,    SUCCESS        2            11            18.22        131.28            149.5            1
    77        78,    SUCCESS        2            17            18.3        147.42            165.72            1
    73        74,    SUCCESS        2            4            17.43        148.45            165.88            1
    80        81,    SUCCESS        2            4            17.69        165.88            183.57            1
    138        139,    SUCCESS        2            2            236.29        93.83            330.12            2
    110        111,    SUCCESS        2            15            237.9        93.72            331.62            2
    98        99,    SUCCESS        2            13            291.15        58.21            349.36            2
    127        128,    SUCCESS        2            7            265.88        128.63            394.51            2
    92        93,    SUCCESS        2            9            345.4        57.22            402.62            2
    109        110,    SUCCESS        2            11            310.73        149.5            460.23            2
    126        127,    SUCCESS        2            10            379.64        92.47            472.11            2
    104        105,    SUCCESS        2            0            453.41        38.43            491.84            2
    132        133,    SUCCESS        2            1            421.51        74.4            495.91            2
    95        96,    SUCCESS        2            6            493.06        39.43            532.49            2
    94        95,    SUCCESS        2            5            478.35        75.45            553.8            2
    105        106,    SUCCESS        2            17            392.34        165.72            558.06            2
    117        118,    SUCCESS        2            16            533.67        39.3            572.97            2
    93        94,    SUCCESS        2            19            604.41        21.48            625.89            2
    166        167,    SUCCESS        2            3            527        130.8            657.8            2
    101        102,    SUCCESS        2            4            489.72        183.57            673.29            2
    114        115,    SUCCESS        2            14            615.61        58.1            673.71            2
    179        180,    SUCCESS        2            8            649.97        39.3            689.27            2
    170        171,    SUCCESS        2            12            622.31        93.72            716.03            2
    146        147,    SUCCESS        2            18            658.07        93.37            751.44            2
    102        103,    SUCCESS        2            15            487.36        331.62            818.98            2
    134        135,    SUCCESS        2            5            278.05        553.8            831.85            2
    152        153,    SUCCESS        2            7            463.21        394.51            857.72            2
    180        181,    SUCCESS        2            11            429.65        460.23            889.88            2
    151        152,    SUCCESS        2            2            575.66        330.12            905.78            2
    143        144,    SUCCESS        2            19            280.23        625.89            906.12            2
    125        126,    SUCCESS        2            4            251.2        673.29            924.49            2
    99        100,    SUCCESS        2            13            610.79        349.36            960.15            2
    129        130,    SUCCESS        2            17            403.83        558.06            961.89            2
    156        157,    SUCCESS        2            8            324.1        689.27            1013.37            2
    113        114,    SUCCESS        2            18            277.95        751.44            1029.39            2
    118        119,    SUCCESS        2            9            664.44        402.62            1067.06            2
    103        104,    SUCCESS        2            0            581.02        491.84            1072.86            2
    120        121,    SUCCESS        2            16            516.97        572.97            1089.94            2
    164        165,    SUCCESS        2            6            559.41        532.49            1091.9            2
    176        177,    SUCCESS        2            10            629.35        472.11            1101.46            2
    115        116,    SUCCESS        2            3            479.48        657.8            1137.28            2
    147        148,    SUCCESS        2            1            642.83        495.91            1138.74            2
    106        107,    SUCCESS        2            15            336.09        818.98            1155.07            2
    155        156,    SUCCESS        2            12            442.74        716.03            1158.77            2
    141        142,    SUCCESS        2            7            308.75        857.72            1166.47            2
    137        138,    SUCCESS        2            5            356.57        831.85            1188.42            2
    160        161,    SUCCESS        2            17            268.69        961.89            1230.58            2
    130        131,    SUCCESS        2            19            387.99        906.12            1294.11            2
    135        136,    SUCCESS        2            13            375.06        960.15            1335.21            2
    133        134,    SUCCESS        2            14            671.78        673.71            1345.49            2
    177        178,    SUCCESS        2            1            258.63        1138.74            1397.37            2
    96        97,    SUCCESS        2            6            318.04        1091.9            1409.94            2
    174        175,    SUCCESS        2            8            426.32        1013.37            1439.69            2
    183        184,    SUCCESS        2            16            367.51        1089.94            1457.45            2
    123        124,    SUCCESS        2            0            489.23        1072.86            1562.09            2
    158        159,    SUCCESS        2            2            683.77        905.78            1589.55            2
    124        125,    SUCCESS        2            4            681.83        924.49            1606.32            2
    145        146,    SUCCESS        2            12            480.02        1158.77            1638.79            2
    116        117,    SUCCESS        2            9            575.98        1067.06            1643.04            2
    173        174,    SUCCESS        2            18            635.25        1029.39            1664.64            2
    144        145,    SUCCESS        2            1            294.57        1397.37            1691.94            2
    108        109,    SUCCESS        2            13            425.8        1335.21            1761.01            2
    149        150,    SUCCESS        2            15            615.53        1155.07            1770.6            2
    128        129,    SUCCESS        2            16            314.91        1457.45            1772.36            2
    139        140,    SUCCESS        2            3            674.9        1137.28            1812.18            2
    175        176,    SUCCESS        2            5            680.74        1188.42            1869.16            2
    122        123,    SUCCESS        2            0            401.29        1562.09            1963.38            2
    150        151,    SUCCESS        2            14            653.8        1345.49            1999.29            2
    157        158,    SUCCESS        2            1            323.92        1691.94            2015.86            2
    100        101,    SUCCESS        2            8            677.01        1439.69            2116.7            2
    119        120,    SUCCESS        2            3            354.17        1812.18            2166.35            2
    111        112,    SUCCESS        2            13            454.12        1761.01            2215.13            2
    159        160,    SUCCESS        2            9            608.1        1643.04            2251.14            2
    171        172,    SUCCESS        2            14            263.39        1999.29            2262.68            2
    107        108,    SUCCESS        2            18            602.36        1664.64            2267            2
    168        169,    SUCCESS        2            2            678.52        1589.55            2268.07            2
    121        122,    SUCCESS        2            5            418.45        1869.16            2287.61            2
    148        149,    SUCCESS        2            0            476.86        1963.38            2440.24            2
    165        166,    SUCCESS        2            16            673.09        1772.36            2445.45            2
    154        155,    SUCCESS        2            5            339.8        2287.61            2627.41            2
    112        113,    SUCCESS        2            13            500.8        2215.13            2715.93            2
    153        154,    SUCCESS        2            8            632.16        2116.7            2748.86            2
    186        187,    SUCCESS        2            4            5.92        2748.86            2754.78            3
    258        259,    SUCCESS        2            4            4.87        2754.78            2759.66            4
    249        250,    SUCCESS        2            10            5.01        2754.78            2759.8            4
    256        257,    SUCCESS        2            17            5.16        2754.78            2759.95            4
    248        249,    SUCCESS        2            1            5.36        2754.78            2760.15            4
    254        255,    SUCCESS        2            16            5.4        2754.78            2760.19            4
    255        256,    SUCCESS        2            7            5.51        2754.78            2760.3            4
    257        258,    SUCCESS        2            16            4.68        2760.19            2764.87            4
    250        251,    SUCCESS        2            10            5.43        2759.8            2765.23            4
    253        254,    SUCCESS        2            10            4.8        2765.23            2770.03            4
    140        141,    SUCCESS        2            3            612.82        2166.35            2779.17            2
    181        182,    SUCCESS        2            9            549.19        2251.14            2800.33            2
    169        170,    SUCCESS        2            18            685.56        2267            2952.56            2
    178        179,    SUCCESS        2            0            528.19        2440.24            2968.43            2
    349        350,    SUCCESS        2            17            270.56        2760.15            3030.71            5
    350        351,    SUCCESS        2            2            364.48        2759.8            3124.28            5
    162        163,    SUCCESS        2            8            427.78        2748.86            3176.64            2
    359        360,    SUCCESS        2            15            539.05        2759.66            3298.71            5
    167        168,    SUCCESS        2            13            626.74        2715.93            3342.67            2
    246        247,    SUCCESS        2            13            4.8        3342.67            3347.47            4
    251        252,    SUCCESS        2            13            5.15        3347.47            3352.62            4
    182        183,    SUCCESS        2            9            574.97        2800.33            3375.3            2
    351        352,    SUCCESS        2            14            612.53        2765.23            3377.76            5
    136        137,    SUCCESS        2            3            667.2        2779.17            3446.37            2
    163        164,    SUCCESS        2            0            507.86        2968.43            3476.29            2
    188        189,    SUCCESS        2            0            5.25        3476.29            3481.54            3
    276        277,    SUCCESS        2            15            4.85        3481.54            3486.39            4
    272        273,    SUCCESS        2            19            5.16        3481.54            3486.7            4
    273        274,    SUCCESS        2            0            5.26        3481.54            3486.8            4
    357        358,    SUCCESS        2            18            610.12        2952.56            3562.68            5
    277        278,    SUCCESS        2            18            5.17        3562.68            3567.85            4
    354        355,    SUCCESS        2            17            614.52        3030.71            3645.23            5
    280        281,    SUCCESS        2            17            5.02        3645.23            3650.25            4
    142        143,    SUCCESS        2            8            506.63        3176.64            3683.27            2
    185        186,    SUCCESS        2            7            5.36        3683.27            3688.63            3
    252        253,    SUCCESS        2            8            5.51        3683.27            3688.78            4
    352        353,    SUCCESS        2            13            338.96        3352.62            3691.59            5
    243        244,    SUCCESS        2            19            4.76        3688.63            3693.39            4
    232        233,    SUCCESS        2            12            4.92        3688.63            3693.55            4
    234        235,    SUCCESS        2            15            5.01        3688.63            3693.64            4
    244        245,    SUCCESS        2            17            5.4        3688.63            3694.03            4
    245        246,    SUCCESS        2            7            5.43        3688.63            3694.06            4
    239        240,    SUCCESS        2            16            5.51        3688.63            3694.14            4
    241        242,    SUCCESS        2            11            5.79        3688.63            3694.42            4
    274        275,    SUCCESS        2            13            5.23        3691.59            3696.82            4
    235        236,    SUCCESS        2            15            4.62        3693.64            3698.26            4
    236        237,    SUCCESS        2            13            5.1        3696.82            3701.92            4
    240        241,    SUCCESS        2            13            4.53        3701.92            3706.45            4
    242        243,    SUCCESS        2            13            5.09        3706.45            3711.54            4
    356        357,    SUCCESS        2            2            589.48        3124.28            3713.76            5
    189        190,    SUCCESS        2            2            5.4        3713.76            3719.16            3
    287        288,    SUCCESS        2            14            4.69        3719.16            3723.85            4
    279        280,    SUCCESS        2            2            4.86        3719.16            3724.02            4
    290        291,    SUCCESS        2            11            4.96        3719.16            3724.12            4
    289        290,    SUCCESS        2            8            5.48        3719.16            3724.64            4
    285        286,    SUCCESS        2            12            5.54        3719.16            3724.7            4
    233        234,    SUCCESS        2            2            5.1        3724.02            3729.12            4
    97        98,    SUCCESS        2            3            311.23        3446.37            3757.6            2
    347        348,    SUCCESS        2            10            410.88        3347.47            3758.35            5
    278        279,    SUCCESS        2            10            4.86        3758.35            3763.21            4
    161        162,    SUCCESS        2            9            456.18        3375.3            3831.48            2
    373        374,    SUCCESS        2            0            393.57        3486.8            3880.37            5
    237        238,    SUCCESS        2            0            5.13        3880.37            3885.5            4
    282        283,    SUCCESS        2            0            5.24        3885.5            3890.74            4
    345        346,    SUCCESS        2            19            234.07        3694.03            3928.11            5
    286        287,    SUCCESS        2            19            5.26        3928.11            3933.37            4
    342        343,    SUCCESS        2            2            305.2        3729.12            4034.32            5
    337        338,    SUCCESS        2            16            384.86        3701.92            4086.78            5
    131        132,    SUCCESS        2            3            355.34        3757.6            4112.94            2
    381        382,    SUCCESS        2            6            464.84        3650.25            4115.09            5
    184        185,    SUCCESS        2            17            6.02        4112.94            4118.96            3
    225        226,    SUCCESS        2            8            4.77        4118.96            4123.73            4
    207        208,    SUCCESS        2            17            4.81        4118.96            4123.77            4
    204        205,    SUCCESS        2            16            5.11        4118.96            4124.07            4
    212        213,    SUCCESS        2            14            5.22        4118.96            4124.18            4
    206        207,    SUCCESS        2            15            5.31        4118.96            4124.27            4
    208        209,    SUCCESS        2            17            4.76        4123.77            4128.53            4
    226        227,    SUCCESS        2            8            4.91        4123.73            4128.64            4
    209        210,    SUCCESS        2            16            4.76        4124.07            4128.83            4
    213        214,    SUCCESS        2            14            5.06        4124.18            4129.24            4
    229        230,    SUCCESS        2            15            5.5        4124.27            4129.77            4
    218        219,    SUCCESS        2            17            5.18        4128.53            4133.71            4
    219        220,    SUCCESS        2            14            4.63        4129.24            4133.87            4
    215        216,    SUCCESS        2            16            5.42        4128.83            4134.25            4
    220        221,    SUCCESS        2            17            4.81        4133.71            4138.52            4
    228        229,    SUCCESS        2            14            5.2        4133.87            4139.07            4
    377        378,    SUCCESS        2            10            380.35        3763.21            4143.56            5
    231        232,    SUCCESS        2            14            4.69        4139.07            4143.76            4
    387        388,    SUCCESS        2            12            240.94        3933.37            4174.31            5
    191        192,    SUCCESS        2            12            4.95        4174.31            4179.26            4
    374        375,    SUCCESS        2            5            693.01        3486.8            4179.81            5
    388        389,    SUCCESS        2            19            294.69        3933.37            4228.06            5
    199        200,    SUCCESS        2            19            5.03        4228.06            4233.09            4
    203        204,    SUCCESS        2            19            5.41        4233.09            4238.5            4
    214        215,    SUCCESS        2            19            4.99        4238.5            4243.49            4
    340        341,    SUCCESS        2            13            542.81        3711.54            4254.34            5
    353        354,    SUCCESS        2            7            568.63        3694.06            4262.69            5
    344        345,    SUCCESS        2            4            659.43        3693.39            4352.82            5
    379        380,    SUCCESS        2            0            466.02        3890.74            4356.76            5
    202        203,    SUCCESS        2            0            5.16        4356.76            4361.92            4
    205        206,    SUCCESS        2            0            5.15        4361.92            4367.07            4
    380        381,    SUCCESS        2            1            646.15        3724.02            4370.17            5
    216        217,    SUCCESS        2            0            5.08        4367.07            4372.15            4
    195        196,    SUCCESS        2            1            4.72        4370.17            4374.89            4
    221        222,    SUCCESS        2            1            5.18        4374.89            4380.07            4
    333        334,    SUCCESS        2            18            691.55        3693.55            4385.11            5
    335        336,    SUCCESS        2            10            264.25        4143.56            4407.81            5
    316        317,    SUCCESS        2            11            290.23        4134.25            4424.48            5
    172        173,    SUCCESS        2            9            597.43        3831.48            4428.91            2
    334        335,    SUCCESS        2            6            316.57        4115.09            4431.66            5
    190        191,    SUCCESS        2            9            5.45        4428.91            4434.36            3
    200        201,    SUCCESS        2            6            4.56        4431.66            4436.22            4
    247        248,    SUCCESS        2            9            4.64        4434.36            4439            4
    309        310,    SUCCESS        2            15            329.08        4129.77            4458.85            5
    343        344,    SUCCESS        2            2            524.59        4034.32            4558.91            5
    281        282,    SUCCESS        2            2            5        4558.91            4563.91            4
    196        197,    SUCCESS        2            2            5.09        4563.91            4569            4
    217        218,    SUCCESS        2            2            4.54        4569            4573.54            4
    341        342,    SUCCESS        2            5            418.34        4179.81            4598.15            5
    224        225,    SUCCESS        2            5            4.91        4598.15            4603.06            4
    227        228,    SUCCESS        2            5            4.82        4603.06            4607.88            4
    327        328,    SUCCESS        2            19            368.96        4243.49            4612.45            5
    230        231,    SUCCESS        2            5            5.46        4607.88            4613.34            4
    308        309,    SUCCESS        2            17            498.99        4138.52            4637.51            5
    358        359,    SUCCESS        2            3            536.74        4112.94            4649.68            5
    275        276,    SUCCESS        2            3            5.49        4649.68            4655.17            4
    284        285,    SUCCESS        2            3            4.86        4655.17            4660.03            4
    375        376,    SUCCESS        2            13            490.95        4254.34            4745.29            5
    192        193,    SUCCESS        2            13            5.1        4745.29            4750.39            4
    194        195,    SUCCESS        2            13            5.29        4750.39            4755.68            4
    222        223,    SUCCESS        2            13            5.35        4755.68            4761.03            4
    326        327,    SUCCESS        2            6            331.44        4436.22            4767.66            5
    313        314,    SUCCESS        2            1            392.98        4380.07            4773.05            5
    292        293,    SUCCESS        2            14            596.76        4179.26            4776.02            5
    391        392,    SUCCESS        2            10            391.09        4407.81            4798.9            5
    297        298,    SUCCESS        2            11            233.47        4569            4802.46            5
    210        211,    SUCCESS        2            10            4.91        4798.9            4803.81            4
    223        224,    SUCCESS        2            10            5.27        4803.81            4809.08            4
    330        331,    SUCCESS        2            15            359.02        4458.85            4817.87            5
    319        320,    SUCCESS        2            0            515.86        4372.15            4888.01            5
    386        387,    SUCCESS        2            7            654.29        4262.69            4916.98            5
    201        202,    SUCCESS        2            7            5.24        4916.98            4922.22            4
    310        311,    SUCCESS        2            6            249.63        4767.66            5017.29            5
    331        332,    SUCCESS        2            19            428.81        4613.34            5042.16            5
    355        356,    SUCCESS        2            9            619.12        4439            5058.12            5
    296        297,    SUCCESS        2            8            685.68        4374.89            5060.56            5
    346        347,    SUCCESS        2            18            688.42        4385.11            5073.53            5
    197        198,    SUCCESS        2            18            4.94        5073.53            5078.47            4
    320        321,    SUCCESS        2            5            469.4        4613.34            5082.74            5
    211        212,    SUCCESS        2            18            5.16        5078.47            5083.63            4
    291        292,    SUCCESS        2            5            4.64        5082.74            5087.38            4
    314        315,    SUCCESS        2            10            343.16        4809.08            5152.24            5
    390        391,    SUCCESS        2            3            502.18        4660.03            5162.21            5
    306        307,    SUCCESS        2            0            374.3        4888.01            5262.31            5
    307        308,    SUCCESS        2            13            508.55        4761.03            5269.58            5
    305        306,    SUCCESS        2            17            646.29        4637.51            5283.8            5
    329        330,    SUCCESS        2            15            477.73        4817.87            5295.6            5
    324        325,    SUCCESS        2            7            437.56        4922.22            5359.78            5
    382        383,    SUCCESS        2            1            624.91        4773.05            5397.96            5
    376        377,    SUCCESS        2            14            628.48        4776.02            5404.5            5
    378        379,    SUCCESS        2            9            484.09        5058.12            5542.21            5
    238        239,    SUCCESS        2            9            4.68        5542.21            5546.89            4
    317        318,    SUCCESS        2            0            352.27        5262.31            5614.58            5
    304        305,    SUCCESS        2            6            601.93        5017.29            5619.22            5
    328        329,    SUCCESS        2            18            574.65        5083.63            5658.28            5
    298        299,    SUCCESS        2            1            374.17        5397.96            5772.13            5
    318        319,    SUCCESS        2            5            687.91        5087.38            5775.29            5
    383        384,    SUCCESS        2            3            647.42        5162.21            5809.63            5
    198        199,    SUCCESS        2            3            4.8        5809.63            5814.43            4
    397        398,    SUCCESS        2            12            5.29        5809.63            5814.92            6
    300        301,    SUCCESS        2            10            685.96        5152.24            5838.2            5
    187        188,    SUCCESS        2            10            5.08        5838.2            5843.28            3
    270        271,    SUCCESS        2            16            4.21        5843.28            5847.49            4
    263        264,    SUCCESS        2            0            5.32        5843.28            5848.6            4
    265        266,    SUCCESS        2            1            5.35        5843.28            5848.63            4
    268        269,    SUCCESS        2            17            5.5        5843.28            5848.78            4
    271        272,    SUCCESS        2            1            4.67        5848.63            5853.3            4
    269        270,    SUCCESS        2            0            5.53        5848.6            5854.13            4
    336        337,    SUCCESS        2            9            317.73        5546.89            5864.62            5
    283        284,    SUCCESS        2            9            4.88        5864.62            5869.5            4
    288        289,    SUCCESS        2            9            5.49        5869.5            5874.99            4
    332        333,    SUCCESS        2            15            584.37        5295.6            5879.97            5
    302        303,    SUCCESS        2            14            521.58        5404.5            5926.08            5
    348        349,    SUCCESS        2            6            308.99        5619.22            5928.21            5
    312        313,    SUCCESS        2            18            459.98        5658.28            6118.26            5
    267        268,    SUCCESS        2            18            5.59        6118.26            6123.85            4
    339        340,    SUCCESS        2            13            590.04        5546.89            6136.94            5
    338        339,    SUCCESS        2            9            331.78        5874.99            6206.77            5
    193        194,    SUCCESS        2            9            5.48        6206.77            6212.25            4
    369        370,    SUCCESS        2            16            416.06        5848.78            6264.85            5
    303        304,    SUCCESS        2            3            482.48        5814.43            6296.91            5
    299        300,    SUCCESS        2            2            484.74        5814.43            6299.17            5
    371        372,    SUCCESS        2            11            594.7        5847.49            6442.2            5
    384        385,    SUCCESS        2            4            575.66        5869.5            6445.16            5
    395        396,    SUCCESS        2            11            5.29        6442.2            6447.49            6
    293        294,    SUCCESS        2            6            538.76        5928.21            6466.97            5
    301        302,    SUCCESS        2            10            626.99        5843.28            6470.27            5
    259        260,    SUCCESS        2            6            5.06        6466.97            6472.03            4
    262        263,    SUCCESS        2            6            5.09        6472.03            6477.12            4
    264        265,    SUCCESS        2            6            4.8        6477.12            6481.92            4
    315        316,    SUCCESS        2            15            655.78        5879.97            6535.75            5
    311        312,    SUCCESS        2            3            313.14        6296.91            6610.05            5
    260        261,    SUCCESS        2            3            4.95        6610.05            6615            4
    370        371,    SUCCESS        2            13            483.59        6136.94            6620.53            5
    368        369,    SUCCESS        2            19            534.61        6123.85            6658.46            5
    394        395,    SUCCESS        2            19            5.3        6658.46            6663.76            6
    321        322,    SUCCESS        2            9            461.25        6212.25            6673.5            5
    372        373,    SUCCESS        2            16            420.15        6264.85            6685            5
    364        365,    SUCCESS        2            2            486.51        6299.17            6785.68            5
    360        361,    SUCCESS        2            12            315.23        6472.03            6787.25            5
    294        295,    SUCCESS        2            5            668.79        6212.25            6881.04            5
    322        323,    SUCCESS        2            9            308.95        6673.5            6982.45            5
    363        364,    SUCCESS        2            7            555.75        6477.12            7032.87            5
    325        326,    SUCCESS        2            10            564.36        6470.27            7034.63            5
    366        367,    SUCCESS        2            3            437.75        6615            7052.75            5
    385        386,    SUCCESS        2            15            563.78        6535.75            7099.53            5
    361        362,    SUCCESS        2            1            548.61        6615            7163.62            5
    365        366,    SUCCESS        2            7            456.54        7032.87            7489.41            5
    392        393,    SUCCESS        2            10            522.72        7034.63            7557.35            5
    399        400,    SUCCESS        2            12            5.26        7557.35            7562.62            6
    261        262,    SUCCESS        2            10            5.43        7557.35            7562.78            4
    266        267,    SUCCESS        2            10            5.9        7562.78            7568.68            4
    295        296,    SUCCESS        2            15            605.88        7099.53            7705.41            5
    389        390,    SUCCESS        2            3            677.16        7052.75            7729.91            5
    398        399,    SUCCESS        2            12            5.63        7729.91            7735.54            6
    362        363,    SUCCESS        2            11            461.82        7562.78            8024.6            5
    323        324,    SUCCESS        2            15            397.77        7705.41            8103.18            5
    367        368,    SUCCESS        2            15            314.26        8103.18            8417.44            5
    393        394,    SUCCESS        2            15            5.42        8417.44            8422.86            6
    396        397,    SUCCESS        2            11            5.92        8417.44            8423.36            6
