========== OUTPUT ==========
Job ID    Task ID    STATUS    Data center ID    VM ID        Time    Start Time    Finish Time    Depth
    300        Stage-in    SUCCESS        2            0            0.11        0.1            0.21            0
    1        2,    SUCCESS        2            15            20.17        0.21            20.38            1
    49        50,    SUCCESS        2            19            20.34        0.21            20.55            1
    36        37,    SUCCESS        2            8            20.41        0.21            20.62            1
    2        3,    SUCCESS        2            3            20.5        0.21            20.71            1
    38        39,    SUCCESS        2            4            20.5        0.21            20.71            1
    39        40,    SUCCESS        2            14            20.59        0.21            20.8            1
    17        18,    SUCCESS        2            11            20.68        0.21            20.89            1
    19        20,    SUCCESS        2            6            20.7        0.21            20.91            1
    14        15,    SUCCESS        2            16            20.71        0.21            20.92            1
    15        16,    SUCCESS        2            17            20.73        0.21            20.94            1
    10        11,    SUCCESS        2            9            20.74        0.21            20.95            1
    4        5,    SUCCESS        2            12            20.79        0.21            21            1
    8        9,    SUCCESS        2            10            20.94        0.21            21.15            1
    16        17,    SUCCESS        2            0            21.17        0.21            21.38            1
    7        8,    SUCCESS        2            13            21.21        0.21            21.42            1
    37        38,    SUCCESS        2            18            21.57        0.21            21.78            1
    0        1,    SUCCESS        2            7            21.64        0.21            21.85            1
    12        13,    SUCCESS        2            2            21.74        0.21            21.95            1
    6        7,    SUCCESS        2            1            22.01        0.21            22.22            1
    11        12,    SUCCESS        2            15            17.88        20.38            38.26            1
    58        59,    SUCCESS        2            19            18.09        20.55            38.64            1
    3        4,    SUCCESS        2            3            18.04        20.71            38.75            1
    41        42,    SUCCESS        2            14            18.13        20.8            38.93            1
    31        32,    SUCCESS        2            17            18.1        20.94            39.04            1
    40        41,    SUCCESS        2            8            18.53        20.62            39.15            1
    43        44,    SUCCESS        2            9            18.31        20.95            39.26            1
    54        55,    SUCCESS        2            16            18.34        20.92            39.26            1
    29        30,    SUCCESS        2            6            18.46        20.91            39.37            1
    21        22,    SUCCESS        2            11            18.48        20.89            39.37            1
    55        56,    SUCCESS        2            12            18.49        21            39.49            1
    61        62,    SUCCESS        2            13            18.24        21.42            39.66            1
    5        6,    SUCCESS        2            7            18.13        21.85            39.98            1
    18        19,    SUCCESS        2            0            18.96        21.38            40.34            1
    67        68,    SUCCESS        2            18            18.79        21.78            40.57            1
    23        24,    SUCCESS        2            2            18.84        21.95            40.79            1
    13        14,    SUCCESS        2            1            18.68        22.22            40.9            1
    20        21,    SUCCESS        2            15            17.84        38.26            56.1            1
    45        46,    SUCCESS        2            6            17.37        39.37            56.74            1
    62        63,    SUCCESS        2            14            17.92        38.93            56.85            1
    24        25,    SUCCESS        2            11            17.59        39.37            56.96            1
    64        65,    SUCCESS        2            19            18.48        38.64            57.12            1
    34        35,    SUCCESS        2            3            18.48        38.75            57.23            1
    59        60,    SUCCESS        2            16            18.09        39.26            57.35            1
    32        33,    SUCCESS        2            17            18.42        39.04            57.46            1
    65        66,    SUCCESS        2            12            18.14        39.49            57.63            1
    51        52,    SUCCESS        2            0            17.79        40.34            58.13            1
    9        10,    SUCCESS        2            7            18.42        39.98            58.4            1
    26        27,    SUCCESS        2            2            18.19        40.79            58.98            1
    22        23,    SUCCESS        2            1            18.44        40.9            59.34            1
    35        36,    SUCCESS        2            15            17.85        56.1            73.95            1
    25        26,    SUCCESS        2            11            17.64        56.96            74.6            1
    50        51,    SUCCESS        2            6            18.53        56.74            75.27            1
    63        64,    SUCCESS        2            16            18.04        57.35            75.39            1
    69        70,    SUCCESS        2            7            17.11        58.4            75.51            1
    70        71,    SUCCESS        2            17            18.41        57.46            75.87            1
    53        54,    SUCCESS        2            0            17.85        58.13            75.98            1
    28        29,    SUCCESS        2            2            17.61        58.98            76.59            1
    27        28,    SUCCESS        2            1            18.3        59.34            77.64            1
    47        48,    SUCCESS        2            15            18.72        73.95            92.67            1
    57        58,    SUCCESS        2            6            17.78        75.27            93.05            1
    66        67,    SUCCESS        2            16            17.97        75.39            93.36            1
    44        45,    SUCCESS        2            11            18.94        74.6            93.54            1
    33        34,    SUCCESS        2            2            18.17        76.59            94.76            1
    30        31,    SUCCESS        2            1            18.1        77.64            95.74            1
    68        69,    SUCCESS        2            6            17.55        93.05            110.6            1
    52        53,    SUCCESS        2            15            18.04        92.67            110.71            1
    46        47,    SUCCESS        2            2            17.99        94.76            112.75            1
    42        43,    SUCCESS        2            1            18.58        95.74            114.32            1
    48        49,    SUCCESS        2            1            17.85        114.32            132.17            1
    56        57,    SUCCESS        2            1            18.61        132.17            150.78            1
    60        61,    SUCCESS        2            1            18.34        150.78            169.12            1
    87        88,    SUCCESS        2            5            258.46        21.38            279.84            2
    72        73,    SUCCESS        2            7            241.14        75.51            316.65            2
    81        82,    SUCCESS        2            19            263.9        57.12            321.02            2
    75        76,    SUCCESS        2            10            308.9        21.15            330.05            2
    88        89,    SUCCESS        2            12            291.57        57.63            349.2            2
    86        87,    SUCCESS        2            9            312.26        39.26            351.52            2
    108        109,    SUCCESS        2            13            336.04        39.66            375.7            2
    111        112,    SUCCESS        2            18            351.19        40.57            391.76            2
    79        80,    SUCCESS        2            0            320.81        75.98            396.79            2
    103        104,    SUCCESS        2            11            340.88        93.54            434.42            2
    121        122,    SUCCESS        2            8            383.79        75.27            459.06            2
    107        108,    SUCCESS        2            6            376.53        110.6            487.13            2
    129        130,    SUCCESS        2            3            436.8        57.23            494.03            2
    71        72,    SUCCESS        2            2            388.94        112.75            501.69            2
    73        74,    SUCCESS        2            17            436.83        75.87            512.7            2
    109        110,    SUCCESS        2            14            458.64        56.85            515.49            2
    84        85,    SUCCESS        2            4            478.04        40.9            518.94            2
    120        121,    SUCCESS        2            1            372.13        169.12            541.25            2
    90        91,    SUCCESS        2            15            434.44        110.71            545.15            2
    114        115,    SUCCESS        2            7            253.38        316.65            570.03            2
    97        98,    SUCCESS        2            10            269.69        330.05            599.74            2
    141        142,    SUCCESS        2            9            402        351.52            753.52            2
    85        86,    SUCCESS        2            16            675.93        93.36            769.29            2
    89        90,    SUCCESS        2            5            584.66        279.84            864.5            2
    76        77,    SUCCESS        2            0            469.28        396.79            866.07            2
    138        139,    SUCCESS        2            19            549.98        321.02            871            2
    74        75,    SUCCESS        2            1            354.26        541.25            895.51            2
    118        119,    SUCCESS        2            10            345.75        599.74            945.49            2
    78        79,    SUCCESS        2            12            616.43        349.2            965.63            2
    98        99,    SUCCESS        2            11            558.84        434.42            993.26            2
    116        117,    SUCCESS        2            4            480.13        518.94            999.07            2
    112        113,    SUCCESS        2            15            466.37        545.15            1011.52            2
    77        78,    SUCCESS        2            13            645.78        375.7            1021.48            2
    126        127,    SUCCESS        2            3            529.88        494.03            1023.91            2
    137        138,    SUCCESS        2            8            645.29        459.06            1104.35            2
    110        111,    SUCCESS        2            14            595.83        515.49            1111.32            2
    95        96,    SUCCESS        2            2            616.97        501.69            1118.66            2
    130        131,    SUCCESS        2            7            607.38        570.03            1177.41            2
    91        92,    SUCCESS        2            1            303.84        895.51            1199.35            2
    94        95,    SUCCESS        2            5            351.93        864.5            1216.43            2
    83        84,    SUCCESS        2            16            488.51        769.29            1257.8            2
    99        100,    SUCCESS        2            3            274.48        1023.91            1298.39            2
    96        97,    SUCCESS        2            4            301.89        999.07            1300.96            2
    128        129,    SUCCESS        2            9            548.01        753.52            1301.53            2
    124        125,    SUCCESS        2            19            487.48        871            1358.48            2
    135        136,    SUCCESS        2            15            399.49        1011.52            1411.01            2
    139        140,    SUCCESS        2            11            442.03        993.26            1435.29            2
    119        120,    SUCCESS        2            7            335.16        1177.41            1512.57            2
    92        93,    SUCCESS        2            13            500.51        1021.48            1521.99            2
    132        133,    SUCCESS        2            12            672.08        965.63            1637.71            2
    134        135,    SUCCESS        2            1            521.61        1199.35            1720.96            2
    123        124,    SUCCESS        2            2            646.76        1118.66            1765.42            2
    82        83,    SUCCESS        2            14            657.1        1111.32            1768.42            2
    106        107,    SUCCESS        2            5            602.53        1216.43            1818.96            2
    100        101,    SUCCESS        2            13            307.27        1521.99            1829.26            2
    102        103,    SUCCESS        2            16            678.47        1257.8            1936.27            2
    105        106,    SUCCESS        2            15            568.23        1411.01            1979.24            2
    117        118,    SUCCESS        2            19            640.97        1358.48            1999.45            2
    115        116,    SUCCESS        2            1            327.99        1720.96            2048.95            2
    146        147,    SUCCESS        2            1            5.71        2048.95            2054.66            3
    122        123,    SUCCESS        2            12            473.09        1637.71            2110.8            2
    131        132,    SUCCESS        2            5            353.27        1818.96            2172.23            2
    133        134,    SUCCESS        2            13            373.73        1829.26            2202.99            2
    80        81,    SUCCESS        2            12            353.26        2110.8            2464.06            2
    113        114,    SUCCESS        2            19            522.18        1999.45            2521.63            2
    136        137,    SUCCESS        2            13            357.92        2202.99            2560.91            2
    125        126,    SUCCESS        2            16            630.79        1936.27            2567.06            2
    140        141,    SUCCESS        2            16            347.01        2567.06            2914.07            2
    145        146,    SUCCESS        2            15            4.9        2914.07            2918.97            3
    144        145,    SUCCESS        2            1            5.48        2914.07            2919.55            3
    127        128,    SUCCESS        2            12            459.12        2464.06            2923.18            2
    219        220,    SUCCESS        2            0            4.68        2918.97            2923.65            4
    216        217,    SUCCESS        2            7            5.01        2919.55            2924.57            4
    214        215,    SUCCESS        2            3            5.04        2919.55            2924.6            4
    220        221,    SUCCESS        2            1            5.31        2919.55            2924.86            4
    218        219,    SUCCESS        2            12            4.78        2923.18            2927.96            4
    217        218,    SUCCESS        2            7            5.11        2924.57            2929.68            4
    143        144,    SUCCESS        2            7            5.49        2929.68            2935.17            3
    197        198,    SUCCESS        2            18            4.58        2935.17            2939.75            4
    185        186,    SUCCESS        2            14            4.74        2935.17            2939.91            4
    210        211,    SUCCESS        2            15            4.91        2935.17            2940.08            4
    187        188,    SUCCESS        2            11            4.98        2935.17            2940.15            4
    193        194,    SUCCESS        2            10            5.01        2935.17            2940.18            4
    199        200,    SUCCESS        2            17            5.07        2935.17            2940.24            4
    202        203,    SUCCESS        2            2            5.11        2935.17            2940.28            4
    192        193,    SUCCESS        2            0            5.14        2935.17            2940.31            4
    188        189,    SUCCESS        2            3            5.14        2935.17            2940.31            4
    186        187,    SUCCESS        2            12            5.25        2935.17            2940.42            4
    190        191,    SUCCESS        2            4            5.41        2935.17            2940.58            4
    200        201,    SUCCESS        2            14            4.36        2939.91            2944.27            4
    201        202,    SUCCESS        2            18            5.09        2939.75            2944.84            4
    209        210,    SUCCESS        2            12            4.53        2940.42            2944.95            4
    203        204,    SUCCESS        2            3            4.75        2940.31            2945.06            4
    198        199,    SUCCESS        2            0            4.87        2940.31            2945.18            4
    211        212,    SUCCESS        2            15            5.35        2940.08            2945.43            4
    208        209,    SUCCESS        2            11            5.92        2940.15            2946.07            4
    206        207,    SUCCESS        2            0            4.69        2945.18            2949.87            4
    204        205,    SUCCESS        2            18            5.14        2944.84            2949.98            4
    213        214,    SUCCESS        2            12            5.28        2944.95            2950.23            4
    93        94,    SUCCESS        2            13            551.22        2560.91            3112.13            2
    284        285,    SUCCESS        2            14            255.27        2944.27            3199.54            5
    288        289,    SUCCESS        2            8            277.75        2924.6            3202.35            5
    194        195,    SUCCESS        2            8            4.7        3202.35            3207.05            4
    259        260,    SUCCESS        2            4            272.14        2940.58            3212.72            5
    291        292,    SUCCESS        2            19            294.22        2929.68            3223.9            5
    189        190,    SUCCESS        2            19            5.02        3223.9            3228.92            4
    205        206,    SUCCESS        2            19            4.81        3228.92            3233.73            4
    273        274,    SUCCESS        2            10            328.83        2940.24            3269.07            5
    293        294,    SUCCESS        2            5            357.63        2923.65            3281.28            5
    196        197,    SUCCESS        2            5            5.12        3281.28            3286.4            4
    101        102,    SUCCESS        2            16            464.81        2914.07            3378.88            2
    290        291,    SUCCESS        2            6            458.23        2924.57            3382.8            5
    215        216,    SUCCESS        2            16            4.87        3378.88            3383.75            4
    207        208,    SUCCESS        2            6            5.09        3382.8            3387.89            4
    212        213,    SUCCESS        2            16            5.14        3383.75            3388.89            4
    264        265,    SUCCESS        2            17            449.68        2940.58            3390.26            5
    292        293,    SUCCESS        2            1            473.14        2927.96            3401.1            5
    195        196,    SUCCESS        2            1            5.47        3401.1            3406.57            4
    267        268,    SUCCESS        2            3            468.55        2945.06            3413.61            5
    294        295,    SUCCESS        2            7            490.85        2935.17            3426.02            5
    191        192,    SUCCESS        2            7            4.9        3426.02            3430.92            4
    299        300,    SUCCESS        2            10            5.61        3426.02            3431.63            6
    262        263,    SUCCESS        2            4            237.92        3212.72            3450.64            5
    261        262,    SUCCESS        2            9            528.52        2940.15            3468.67            5
    275        276,    SUCCESS        2            19            308.8        3233.73            3542.53            5
    260        261,    SUCCESS        2            8            344.38        3207.05            3551.43            5
    287        288,    SUCCESS        2            5            325.18        3286.4            3611.58            5
    289        290,    SUCCESS        2            12            251.01        3383.75            3634.76            5
    104        105,    SUCCESS        2            13            523.44        3112.13            3635.57            2
    297        298,    SUCCESS        2            15            5.87        3634.76            3640.63            6
    298        299,    SUCCESS        2            13            5.41        3635.57            3640.98            6
    270        271,    SUCCESS        2            1            266.95        3406.57            3673.52            5
    283        284,    SUCCESS        2            14            551.28        3199.54            3750.82            5
    274        275,    SUCCESS        2            7            374.21        3430.92            3805.13            5
    269        270,    SUCCESS        2            17            440.85        3406.57            3847.42            5
    266        267,    SUCCESS        2            6            462.42        3387.89            3850.31            5
    276        277,    SUCCESS        2            3            452.18        3413.61            3865.79            5
    272        273,    SUCCESS        2            9            454.07        3468.67            3922.74            5
    281        282,    SUCCESS        2            0            551.63        3387.89            3939.52            5
    142        143,    SUCCESS        2            0            5.24        3939.52            3944.76            3
    165        166,    SUCCESS        2            19            4.65        3944.76            3949.41            4
    149        150,    SUCCESS        2            14            4.82        3944.76            3949.58            4
    147        148,    SUCCESS        2            17            4.87        3944.76            3949.63            4
    150        151,    SUCCESS        2            12            5        3944.76            3949.76            4
    152        153,    SUCCESS        2            18            5.04        3944.76            3949.8            4
    154        155,    SUCCESS        2            6            5.09        3944.76            3949.85            4
    160        161,    SUCCESS        2            13            5.09        3944.76            3949.85            4
    148        149,    SUCCESS        2            2            5.13        3944.76            3949.89            4
    171        172,    SUCCESS        2            15            5.36        3944.76            3950.12            4
    151        152,    SUCCESS        2            14            4.75        3949.58            3954.33            4
    162        163,    SUCCESS        2            17            4.98        3949.63            3954.61            4
    172        173,    SUCCESS        2            12            4.96        3949.76            3954.72            4
    177        178,    SUCCESS        2            13            5.42        3949.85            3955.27            4
    178        179,    SUCCESS        2            15            5.36        3950.12            3955.48            4
    157        158,    SUCCESS        2            2            5.7        3949.89            3955.59            4
    156        157,    SUCCESS        2            6            6.02        3949.85            3955.87            4
    159        160,    SUCCESS        2            14            5.05        3954.33            3959.38            4
    181        182,    SUCCESS        2            17            5.79        3954.61            3960.4            4
    166        167,    SUCCESS        2            6            5.29        3955.87            3961.16            4
    163        164,    SUCCESS        2            14            5.53        3959.38            3964.91            4
    169        170,    SUCCESS        2            6            5.39        3961.16            3966.55            4
    164        165,    SUCCESS        2            14            4.86        3964.91            3969.77            4
    179        180,    SUCCESS        2            14            5.74        3969.77            3975.51            4
    271        272,    SUCCESS        2            16            651.6        3388.89            4040.49            5
    282        283,    SUCCESS        2            4            626.31        3450.64            4076.95            5
    158        159,    SUCCESS        2            4            5        4076.95            4081.95            4
    167        168,    SUCCESS        2            4            4.96        4081.95            4086.91            4
    183        184,    SUCCESS        2            4            4.66        4086.91            4091.57            4
    268        269,    SUCCESS        2            5            665.44        3611.58            4277.02            5
    255        256,    SUCCESS        2            6            358.34        3966.55            4324.89            5
    277        278,    SUCCESS        2            3            467.25        3865.79            4333.04            5
    252        253,    SUCCESS        2            17            386.61        3960.4            4347.01            5
    278        279,    SUCCESS        2            16            349.4        4040.49            4389.89            5
    173        174,    SUCCESS        2            16            5.02        4389.89            4394.91            4
    231        232,    SUCCESS        2            15            450.92        3955.59            4406.51            5
    223        224,    SUCCESS        2            12            452.69        3954.72            4407.41            5
    233        234,    SUCCESS        2            13            459.1        3959.38            4418.48            5
    263        264,    SUCCESS        2            7            631.86        3805.13            4436.99            5
    221        222,    SUCCESS        2            10            526.29        3949.63            4475.92            5
    239        240,    SUCCESS        2            8            536.61        3949.41            4486.02            5
    285        286,    SUCCESS        2            9            567.94        3922.74            4490.68            5
    161        162,    SUCCESS        2            9            5.15        4490.68            4495.83            4
    170        171,    SUCCESS        2            9            4.81        4495.83            4500.64            4
    176        177,    SUCCESS        2            9            5.04        4500.64            4505.68            4
    184        185,    SUCCESS        2            9            5.53        4505.68            4511.21            4
    240        241,    SUCCESS        2            2            553.17        3961.16            4514.33            5
    222        223,    SUCCESS        2            14            662.33        3975.51            4637.84            5
    280        281,    SUCCESS        2            3            305.68        4333.04            4638.72            5
    279        280,    SUCCESS        2            5            403.79        4277.02            4680.81            5
    168        169,    SUCCESS        2            5            5.39        4680.81            4686.2            4
    182        183,    SUCCESS        2            5            5.2        4686.2            4691.4            4
    257        258,    SUCCESS        2            11            652.83        4091.57            4744.39            5
    224        225,    SUCCESS        2            12            361.71        4407.41            4769.12            5
    247        248,    SUCCESS        2            4            410.06        4394.91            4804.97            5
    237        238,    SUCCESS        2            2            298.62        4514.33            4812.95            5
    286        287,    SUCCESS        2            7            386.8        4436.99            4823.79            5
    174        175,    SUCCESS        2            7            5.34        4823.79            4829.13            4
    180        181,    SUCCESS        2            7            4.98        4829.13            4834.11            4
    241        242,    SUCCESS        2            8            392.17        4486.02            4878.19            5
    251        252,    SUCCESS        2            16            550.31        4394.91            4945.22            5
    225        226,    SUCCESS        2            14            397.33        4637.84            5035.17            5
    238        239,    SUCCESS        2            10            583.61        4475.92            5059.53            5
    258        259,    SUCCESS        2            19            574.18        4511.21            5085.39            5
    256        257,    SUCCESS        2            9            450.96        4691.4            5142.36            5
    230        231,    SUCCESS        2            12            397.07        4769.12            5166.19            5
    226        227,    SUCCESS        2            5            482.54        4691.4            5173.94            5
    248        249,    SUCCESS        2            2            434.53        4829.13            5263.66            5
    265        266,    SUCCESS        2            3            627.07        4638.72            5265.79            5
    253        254,    SUCCESS        2            16            325.27        4945.22            5270.49            5
    153        154,    SUCCESS        2            3            4.89        5265.79            5270.68            4
    155        156,    SUCCESS        2            3            6.17        5270.68            5276.85            4
    175        176,    SUCCESS        2            3            4.62        5276.85            5281.47            4
    235        236,    SUCCESS        2            14            286.64        5035.17            5321.81            5
    254        255,    SUCCESS        2            8            471.36        4878.19            5349.55            5
    236        237,    SUCCESS        2            7            614.76        4834.11            5448.87            5
    229        230,    SUCCESS        2            6            271.52        5276.85            5548.37            5
    244        245,    SUCCESS        2            16            343.51        5270.49            5614            5
    228        229,    SUCCESS        2            3            385.83        5281.47            5667.3            5
    245        246,    SUCCESS        2            5            539.81        5173.94            5713.75            5
    249        250,    SUCCESS        2            6            238.4        5548.37            5786.77            5
    246        247,    SUCCESS        2            7            349.47        5448.87            5798.34            5
    227        228,    SUCCESS        2            19            533.78        5270.68            5804.46            5
    234        235,    SUCCESS        2            3            326.91        5667.3            5994.21            5
    296        297,    SUCCESS        2            3            5.05        5994.21            5999.26            6
    250        251,    SUCCESS        2            5            589.77        5713.75            6303.52            5
    243        244,    SUCCESS        2            7            568.28        5798.34            6366.62            5
    232        233,    SUCCESS        2            7            382.69        6366.62            6749.31            5
    242        243,    SUCCESS        2            7            416.51        6749.31            7165.82            5
    295        296,    SUCCESS        2            8            5.86        7165.82            7171.68            6
