========== OUTPUT ==========
Job ID    Task ID    STATUS    Data center ID    VM ID        Time    Start Time    Finish Time    Depth
    700        Stage-in    SUCCESS        2            4            0.11        0.1            0.21            0
    0        1,    SUCCESS        2            5            20.21        0.21            20.42            1
    23        24,    SUCCESS        2            19            20.39        0.21            20.6            1
    17        18,    SUCCESS        2            2            20.45        0.21            20.66            1
    2        3,    SUCCESS        2            17            20.45        0.21            20.66            1
    30        31,    SUCCESS        2            12            20.48        0.21            20.69            1
    8        9,    SUCCESS        2            10            20.5        0.21            20.71            1
    15        16,    SUCCESS        2            18            20.64        0.21            20.85            1
    4        5,    SUCCESS        2            0            20.76        0.21            20.97            1
    18        19,    SUCCESS        2            16            20.79        0.21            21            1
    28        29,    SUCCESS        2            13            20.83        0.21            21.04            1
    34        35,    SUCCESS        2            11            21.16        0.21            21.37            1
    11        12,    SUCCESS        2            1            21.22        0.21            21.43            1
    19        20,    SUCCESS        2            14            21.22        0.21            21.43            1
    6        7,    SUCCESS        2            7            21.33        0.21            21.54            1
    12        13,    SUCCESS        2            3            21.42        0.21            21.63            1
    10        11,    SUCCESS        2            6            21.53        0.21            21.74            1
    37        38,    SUCCESS        2            4            21.57        0.21            21.78            1
    3        4,    SUCCESS        2            15            21.59        0.21            21.8            1
    5        6,    SUCCESS        2            9            21.7        0.21            21.91            1
    13        14,    SUCCESS        2            8            21.77        0.21            21.98            1
    7        8,    SUCCESS        2            17            17.78        20.66            38.44            1
    46        47,    SUCCESS        2            2            17.93        20.66            38.59            1
    94        95,    SUCCESS        2            10            17.99        20.71            38.7            1
    57        58,    SUCCESS        2            19            18.1        20.6            38.7            1
    31        32,    SUCCESS        2            18            17.96        20.85            38.81            1
    1        2,    SUCCESS        2            5            18.5        20.42            38.92            1
    78        79,    SUCCESS        2            13            17.99        21.04            39.03            1
    24        25,    SUCCESS        2            1            17.73        21.43            39.16            1
    56        57,    SUCCESS        2            11            17.9        21.37            39.27            1
    41        42,    SUCCESS        2            12            18.58        20.69            39.27            1
    9        10,    SUCCESS        2            7            17.86        21.54            39.4            1
    43        44,    SUCCESS        2            14            18.08        21.43            39.51            1
    14        15,    SUCCESS        2            0            18.65        20.97            39.62            1
    54        55,    SUCCESS        2            4            17.84        21.78            39.62            1
    20        21,    SUCCESS        2            9            17.71        21.91            39.62            1
    25        26,    SUCCESS        2            15            17.82        21.8            39.62            1
    59        60,    SUCCESS        2            16            18.62        21            39.62            1
    21        22,    SUCCESS        2            8            17.75        21.98            39.73            1
    29        30,    SUCCESS        2            3            18.34        21.63            39.97            1
    44        45,    SUCCESS        2            6            18.34        21.74            40.08            1
    32        33,    SUCCESS        2            18            17.78        38.81            56.59            1
    51        52,    SUCCESS        2            17            18.26        38.44            56.7            1
    102        103,    SUCCESS        2            2            18.26        38.59            56.85            1
    16        17,    SUCCESS        2            5            18.04        38.92            56.96            1
    109        110,    SUCCESS        2            10            18.26        38.7            56.96            1
    90        91,    SUCCESS        2            12            17.87        39.27            57.14            1
    107        108,    SUCCESS        2            11            17.98        39.27            57.25            1
    85        86,    SUCCESS        2            13            18.33        39.03            57.36            1
    47        48,    SUCCESS        2            14            17.85        39.51            57.36            1
    65        66,    SUCCESS        2            19            18.81        38.7            57.51            1
    63        64,    SUCCESS        2            16            18        39.62            57.62            1
    35        36,    SUCCESS        2            1            18.69        39.16            57.85            1
    22        23,    SUCCESS        2            0            18.34        39.62            57.96            1
    33        34,    SUCCESS        2            3            17.99        39.97            57.96            1
    26        27,    SUCCESS        2            15            18.34        39.62            57.96            1
    67        68,    SUCCESS        2            7            18.67        39.4            58.07            1
    36        37,    SUCCESS        2            8            18.45        39.73            58.18            1
    69        70,    SUCCESS        2            4            18.67        39.62            58.29            1
    96        97,    SUCCESS        2            9            18.78        39.62            58.4            1
    87        88,    SUCCESS        2            6            18.43        40.08            58.51            1
    42        43,    SUCCESS        2            18            17.1        56.59            73.69            1
    70        71,    SUCCESS        2            5            17.95        56.96            74.91            1
    71        72,    SUCCESS        2            17            18.51        56.7            75.21            1
    133        134,    SUCCESS        2            11            18.11        57.25            75.36            1
    113        114,    SUCCESS        2            10            18.51        56.96            75.47            1
    49        50,    SUCCESS        2            14            18.11        57.36            75.47            1
    66        67,    SUCCESS        2            19            17.96        57.51            75.47            1
    52        53,    SUCCESS        2            0            17.62        57.96            75.58            1
    95        96,    SUCCESS        2            12            18.44        57.14            75.58            1
    39        40,    SUCCESS        2            1            17.94        57.85            75.79            1
    91        92,    SUCCESS        2            7            17.83        58.07            75.9            1
    82        83,    SUCCESS        2            3            18.05        57.96            76.01            1
    38        39,    SUCCESS        2            8            17.94        58.18            76.12            1
    105        106,    SUCCESS        2            13            18.87        57.36            76.23            1
    77        78,    SUCCESS        2            4            18.05        58.29            76.34            1
    27        28,    SUCCESS        2            15            18.49        57.96            76.45            1
    64        65,    SUCCESS        2            16            18.83        57.62            76.45            1
    101        102,    SUCCESS        2            6            18.4        58.51            76.91            1
    140        141,    SUCCESS        2            9            18.68        58.4            77.08            1
    45        46,    SUCCESS        2            18            18.5        73.69            92.19            1
    61        62,    SUCCESS        2            14            17.7        75.47            93.17            1
    76        77,    SUCCESS        2            5            18.37        74.91            93.28            1
    144        145,    SUCCESS        2            11            18.03        75.36            93.39            1
    55        56,    SUCCESS        2            0            17.95        75.58            93.53            1
    40        41,    SUCCESS        2            1            17.85        75.79            93.64            1
    123        124,    SUCCESS        2            10            18.17        75.47            93.64            1
    100        101,    SUCCESS        2            12            18.06        75.58            93.64            1
    73        74,    SUCCESS        2            17            18.43        75.21            93.64            1
    48        49,    SUCCESS        2            8            17.64        76.12            93.76            1
    83        84,    SUCCESS        2            3            17.86        76.01            93.87            1
    79        80,    SUCCESS        2            19            18.4        75.47            93.87            1
    98        99,    SUCCESS        2            7            18.16        75.9            94.06            1
    128        129,    SUCCESS        2            13            18.08        76.23            94.31            1
    103        104,    SUCCESS        2            16            18.16        76.45            94.61            1
    62        63,    SUCCESS        2            15            18.38        76.45            94.83            1
    80        81,    SUCCESS        2            4            18.6        76.34            94.94            1
    110        111,    SUCCESS        2            6            18.29        76.91            95.2            1
    151        152,    SUCCESS        2            9            19.11        77.08            96.19            1
    50        51,    SUCCESS        2            18            17.55        92.19            109.74            1
    60        61,    SUCCESS        2            8            17.48        93.76            111.24            1
    53        54,    SUCCESS        2            1            17.79        93.64            111.43            1
    68        69,    SUCCESS        2            14            18.37        93.17            111.54            1
    114        115,    SUCCESS        2            19            17.67        93.87            111.54            1
    139        140,    SUCCESS        2            10            18.01        93.64            111.65            1
    152        153,    SUCCESS        2            11            18.26        93.39            111.65            1
    58        59,    SUCCESS        2            0            18.23        93.53            111.76            1
    116        117,    SUCCESS        2            17            18.12        93.64            111.76            1
    81        82,    SUCCESS        2            5            18.59        93.28            111.87            1
    111        112,    SUCCESS        2            12            18.34        93.64            111.98            1
    119        120,    SUCCESS        2            7            18.07        94.06            112.13            1
    89        90,    SUCCESS        2            3            18.65        93.87            112.52            1
    134        135,    SUCCESS        2            13            18.32        94.31            112.63            1
    86        87,    SUCCESS        2            4            17.97        94.94            112.91            1
    135        136,    SUCCESS        2            16            18.54        94.61            113.15            1
    112        113,    SUCCESS        2            6            18.47        95.2            113.67            1
    88        89,    SUCCESS        2            18            18.36        109.74            128.1            1
    147        148,    SUCCESS        2            10            17.7        111.65            129.35            1
    75        76,    SUCCESS        2            1            18.03        111.43            129.46            1
    93        94,    SUCCESS        2            14            17.92        111.54            129.46            1
    141        142,    SUCCESS        2            17            17.92        111.76            129.68            1
    121        122,    SUCCESS        2            12            18        111.98            129.98            1
    72        73,    SUCCESS        2            8            18.85        111.24            130.09            1
    125        126,    SUCCESS        2            19            18.66        111.54            130.2            1
    74        75,    SUCCESS        2            0            18.73        111.76            130.49            1
    108        109,    SUCCESS        2            3            18.08        112.52            130.6            1
    156        157,    SUCCESS        2            7            18.47        112.13            130.6            1
    143        144,    SUCCESS        2            13            18.08        112.63            130.71            1
    106        107,    SUCCESS        2            4            17.91        112.91            130.82            1
    104        105,    SUCCESS        2            5            19.09        111.87            130.96            1
    132        133,    SUCCESS        2            6            18.02        113.67            131.69            1
    97        98,    SUCCESS        2            18            18.68        128.1            146.78            1
    92        93,    SUCCESS        2            1            17.43        129.46            146.89            1
    148        149,    SUCCESS        2            14            18.39        129.46            147.85            1
    115        116,    SUCCESS        2            0            17.53        130.49            148.02            1
    137        138,    SUCCESS        2            12            18.25        129.98            148.23            1
    84        85,    SUCCESS        2            8            18.31        130.09            148.4            1
    120        121,    SUCCESS        2            3            17.91        130.6            148.51            1
    145        146,    SUCCESS        2            17            18.83        129.68            148.51            1
    127        128,    SUCCESS        2            5            17.66        130.96            148.62            1
    154        155,    SUCCESS        2            13            18.02        130.71            148.73            1
    122        123,    SUCCESS        2            4            18.03        130.82            148.85            1
    131        132,    SUCCESS        2            19            18.76        130.2            148.96            1
    126        127,    SUCCESS        2            18            18.34        146.78            165.12            1
    99        100,    SUCCESS        2            1            18.56        146.89            165.45            1
    118        119,    SUCCESS        2            0            17.61        148.02            165.63            1
    149        150,    SUCCESS        2            14            17.93        147.85            165.78            1
    129        130,    SUCCESS        2            3            17.91        148.51            166.42            1
    138        139,    SUCCESS        2            4            17.68        148.85            166.53            1
    130        131,    SUCCESS        2            8            18.13        148.4            166.53            1
    150        151,    SUCCESS        2            19            18.16        148.96            167.12            1
    117        118,    SUCCESS        2            1            17.94        165.45            183.39            1
    155        156,    SUCCESS        2            14            17.72        165.78            183.5            1
    136        137,    SUCCESS        2            18            18.53        165.12            183.65            1
    124        125,    SUCCESS        2            0            18.62        165.63            184.25            1
    157        158,    SUCCESS        2            8            17.83        166.53            184.36            1
    146        147,    SUCCESS        2            3            18.51        166.42            184.93            1
    142        143,    SUCCESS        2            1            17.73        183.39            201.12            1
    158        159,    SUCCESS        2            8            17.83        184.36            202.19            1
    153        154,    SUCCESS        2            0            18.22        184.25            202.47            1
    168        169,    SUCCESS        2            15            274.75        94.83            369.58            2
    172        173,    SUCCESS        2            14            237.71        183.5            421.21            2
    165        166,    SUCCESS        2            1            274.62        201.12            475.74            2
    169        170,    SUCCESS        2            7            453.87        130.6            584.47            2
    161        162,    SUCCESS        2            13            455.65        148.73            604.38            2
    196        197,    SUCCESS        2            18            451.28        183.65            634.93            2
    182        183,    SUCCESS        2            10            519.85        129.35            649.2            2
    228        229,    SUCCESS        2            19            499.84        167.12            666.96            2
    213        214,    SUCCESS        2            9            578.95        96.19            675.14            2
    202        203,    SUCCESS        2            6            559.52        131.69            691.21            2
    177        178,    SUCCESS        2            2            640.24        56.85            697.09            2
    203        204,    SUCCESS        2            0            516.68        202.47            719.15            2
    171        172,    SUCCESS        2            5            585.61        148.62            734.23            2
    160        161,    SUCCESS        2            11            624.28        111.65            735.93            2
    159        160,    SUCCESS        2            12            606.93        148.23            755.16            2
    205        206,    SUCCESS        2            3            584.35        184.93            769.28            2
    162        163,    SUCCESS        2            4            605.01        166.53            771.54            2
    187        188,    SUCCESS        2            16            665.52        113.15            778.67            2
    179        180,    SUCCESS        2            17            684        148.51            832.51            2
    224        225,    SUCCESS        2            15            464.4        369.58            833.98            2
    218        219,    SUCCESS        2            7            270.5        584.47            854.97            2
    265        266,    SUCCESS        2            1            395.88        475.74            871.62            2
    189        190,    SUCCESS        2            8            671.37        202.19            873.56            2
    166        167,    SUCCESS        2            18            243.83        634.93            878.76            2
    206        207,    SUCCESS        2            9            269.34        675.14            944.48            2
    245        246,    SUCCESS        2            6            317.23        691.21            1008.44            2
    173        174,    SUCCESS        2            3            263.15        769.28            1032.43            2
    292        293,    SUCCESS        2            0            360.37        719.15            1079.52            2
    176        177,    SUCCESS        2            12            341.25        755.16            1096.41            2
    170        171,    SUCCESS        2            2            400.15        697.09            1097.24            2
    164        165,    SUCCESS        2            16            327.23        778.67            1105.9            2
    208        209,    SUCCESS        2            19            440.75        666.96            1107.71            2
    243        244,    SUCCESS        2            1            269.09        871.62            1140.71            2
    183        184,    SUCCESS        2            4            382.19        771.54            1153.73            2
    237        238,    SUCCESS        2            13            570.29        604.38            1174.67            2
    184        185,    SUCCESS        2            5            466.32        734.23            1200.55            2
    261        262,    SUCCESS        2            17            378.72        832.51            1211.23            2
    167        168,    SUCCESS        2            10            582.87        649.2            1232.07            2
    174        175,    SUCCESS        2            8            413.45        873.56            1287.01            2
    253        254,    SUCCESS        2            18            438.33        878.76            1317.09            2
    266        267,    SUCCESS        2            11            657.2        735.93            1393.13            2
    254        255,    SUCCESS        2            15            586.95        833.98            1420.93            2
    313        314,    SUCCESS        2            1            307.07        1140.71            1447.78            2
    190        191,    SUCCESS        2            16            342.46        1105.9            1448.36            2
    222        223,    SUCCESS        2            7            603.12        854.97            1458.09            2
    250        251,    SUCCESS        2            2            363.33        1097.24            1460.57            2
    181        182,    SUCCESS        2            9            525.67        944.48            1470.15            2
    200        201,    SUCCESS        2            13            346.21        1174.67            1520.88            2
    249        250,    SUCCESS        2            3            490.91        1032.43            1523.34            2
    268        269,    SUCCESS        2            10            298.1        1232.07            1530.17            2
    198        199,    SUCCESS        2            0            545.5        1079.52            1625.02            2
    185        186,    SUCCESS        2            11            262.78        1393.13            1655.91            2
    211        212,    SUCCESS        2            4            520.29        1153.73            1674.02            2
    236        237,    SUCCESS        2            15            259.84        1420.93            1680.77            2
    298        299,    SUCCESS        2            7            238.75        1458.09            1696.84            2
    201        202,    SUCCESS        2            17            493.59        1211.23            1704.82            2
    223        224,    SUCCESS        2            5            537.29        1200.55            1737.84            2
    216        217,    SUCCESS        2            12            657.67        1096.41            1754.08            2
    310        311,    SUCCESS        2            19            677.58        1107.71            1785.29            2
    188        189,    SUCCESS        2            18            471.97        1317.09            1789.06            2
    194        195,    SUCCESS        2            10            264.55        1530.17            1794.72            2
    251        252,    SUCCESS        2            2            443.89        1460.57            1904.46            2
    163        164,    SUCCESS        2            8            631.43        1287.01            1918.44            2
    229        230,    SUCCESS        2            11            301.84        1655.91            1957.75            2
    246        247,    SUCCESS        2            3            448.92        1523.34            1972.26            2
    290        291,    SUCCESS        2            1            571.37        1447.78            2019.15            2
    232        233,    SUCCESS        2            0            400.8        1625.02            2025.82            2
    280        281,    SUCCESS        2            19            243.43        1785.29            2028.72            2
    221        222,    SUCCESS        2            17            326.51        1704.82            2031.33            2
    259        260,    SUCCESS        2            15            350.79        1680.77            2031.56            2
    212        213,    SUCCESS        2            10            238.84        1794.72            2033.56            2
    244        245,    SUCCESS        2            16            636.4        1448.36            2084.76            2
    215        216,    SUCCESS        2            13            567.53        1520.88            2088.41            2
    192        193,    SUCCESS        2            9            619.94        1470.15            2090.09            2
    260        261,    SUCCESS        2            4            441.14        1674.02            2115.16            2
    303        304,    SUCCESS        2            5            418.94        1737.84            2156.78            2
    193        194,    SUCCESS        2            8            266.26        1918.44            2184.7            2
    191        192,    SUCCESS        2            12            448.78        1754.08            2202.86            2
    276        277,    SUCCESS        2            17            246.07        2031.33            2277.4            2
    175        176,    SUCCESS        2            18            513.18        1789.06            2302.24            2
    275        276,    SUCCESS        2            7            625.83        1696.84            2322.67            2
    180        181,    SUCCESS        2            13            268.37        2088.41            2356.78            2
    239        240,    SUCCESS        2            5            241.15        2156.78            2397.93            2
    314        315,    SUCCESS        2            1            436.27        2019.15            2455.42            2
    197        198,    SUCCESS        2            11            560.24        1957.75            2517.99            2
    210        211,    SUCCESS        2            12            343.84        2202.86            2546.7            2
    233        234,    SUCCESS        2            15            546.85        2031.56            2578.41            2
    178        179,    SUCCESS        2            8            408.84        2184.7            2593.54            2
    238        239,    SUCCESS        2            9            540.56        2090.09            2630.65            2
    299        300,    SUCCESS        2            4            526.73        2115.16            2641.89            2
    186        187,    SUCCESS        2            3            688.85        1972.26            2661.11            2
    226        227,    SUCCESS        2            16            578.21        2084.76            2662.97            2
    258        259,    SUCCESS        2            0            660.92        2025.82            2686.74            2
    278        279,    SUCCESS        2            18            384.65        2302.24            2686.89            2
    240        241,    SUCCESS        2            7            523.03        2322.67            2845.7            2
    305        306,    SUCCESS        2            5            478.05        2397.93            2875.98            2
    241        242,    SUCCESS        2            13            589.15        2356.78            2945.93            2
    255        256,    SUCCESS        2            16            413.92        2662.97            3076.89            2
    272        273,    SUCCESS        2            8            488.79        2593.54            3082.33            2
    235        236,    SUCCESS        2            11            610.75        2517.99            3128.74            2
    294        295,    SUCCESS        2            9            508.54        2630.65            3139.19            2
    242        243,    SUCCESS        2            4            582.95        2641.89            3224.84            2
    324        325,    SUCCESS        2            6            5.62        3224.84            3230.46            3
    429        430,    SUCCESS        2            17            5.09        3230.46            3235.55            4
    426        427,    SUCCESS        2            0            5.26        3230.46            3235.72            4
    430        431,    SUCCESS        2            1            5.59        3230.46            3236.05            4
    195        196,    SUCCESS        2            12            690.29        2546.7            3236.99            2
    281        282,    SUCCESS        2            15            661.01        2578.41            3239.42            2
    433        434,    SUCCESS        2            17            5.06        3235.55            3240.61            4
    427        428,    SUCCESS        2            0            5.08        3235.72            3240.8            4
    432        433,    SUCCESS        2            1            5.22        3236.05            3241.27            4
    319        320,    SUCCESS        2            19            5.21        3236.99            3242.2            3
    379        380,    SUCCESS        2            19            4.8        3242.2            3247.01            4
    372        373,    SUCCESS        2            2            5        3242.2            3247.21            4
    380        381,    SUCCESS        2            17            5.08        3242.2            3247.29            4
    384        385,    SUCCESS        2            0            5.11        3242.2            3247.32            4
    383        384,    SUCCESS        2            19            5.32        3247.01            3252.33            4
    386        387,    SUCCESS        2            17            5.33        3247.29            3252.62            4
    199        200,    SUCCESS        2            3            622.8        2661.11            3283.91            2
    296        297,    SUCCESS        2            18            640.19        2686.89            3327.08            2
    214        215,    SUCCESS        2            13            436.85        2945.93            3382.78            2
    270        271,    SUCCESS        2            7            589.14        2845.7            3434.84            2
    539        540,    SUCCESS        2            2            295.24        3247.21            3542.45            5
    285        286,    SUCCESS        2            15            325.39        3239.42            3564.81            2
    279        280,    SUCCESS        2            9            427.23        3139.19            3566.42            2
    431        432,    SUCCESS        2            15            4.81        3564.81            3569.62            4
    378        379,    SUCCESS        2            15            5.14        3569.62            3574.76            4
    382        383,    SUCCESS        2            15            4.79        3574.76            3579.55            4
    586        587,    SUCCESS        2            1            392.06        3241.27            3633.33            5
    375        376,    SUCCESS        2            1            5.25        3633.33            3638.58            4
    230        231,    SUCCESS        2            16            619.99        3076.89            3696.88            2
    287        288,    SUCCESS        2            13            336.79        3382.78            3719.57            2
    592        593,    SUCCESS        2            5            515.38        3241.27            3756.65            5
    286        287,    SUCCESS        2            18            433.65        3327.08            3760.73            2
    377        378,    SUCCESS        2            5            4.66        3756.65            3761.31            4
    381        382,    SUCCESS        2            5            5.27        3761.31            3766.58            4
    311        312,    SUCCESS        2            8            688.97        3082.33            3771.3            2
    374        375,    SUCCESS        2            8            5.07        3771.3            3776.37            4
    282        283,    SUCCESS        2            3            492.74        3283.91            3776.65            2
    376        377,    SUCCESS        2            8            4.87        3776.37            3781.24            4
    263        264,    SUCCESS        2            11            673.57        3128.74            3802.31            2
    204        205,    SUCCESS        2            12            587.22        3236.99            3824.21            2
    262        263,    SUCCESS        2            4            648.37        3224.84            3873.21            2
    540        541,    SUCCESS        2            2            413.42        3542.45            3955.87            5
    535        536,    SUCCESS        2            14            381.32        3638.58            4019.9            5
    307        308,    SUCCESS        2            11            240.9        3802.31            4043.21            2
    225        226,    SUCCESS        2            16            375.04        3696.88            4071.92            2
    248        249,    SUCCESS        2            7            681.58        3434.84            4116.42            2
    304        305,    SUCCESS        2            9            612.48        3566.42            4178.9            2
    306        307,    SUCCESS        2            3            402.51        3776.65            4179.16            2
    544        545,    SUCCESS        2            15            659.68        3579.55            4239.23            5
    217        218,    SUCCESS        2            13            528.71        3719.57            4248.28            2
    209        210,    SUCCESS        2            4            407.78        3873.21            4280.99            2
    309        310,    SUCCESS        2            11            262.04        4043.21            4305.25            2
    264        265,    SUCCESS        2            16            275.09        4071.92            4347.01            2
    537        538,    SUCCESS        2            1            592.39        3761.31            4353.7            5
    338        339,    SUCCESS        2            1            5.14        4353.7            4358.84            3
    289        290,    SUCCESS        2            18            602.44        3760.73            4363.17            2
    495        496,    SUCCESS        2            5            5.31        4358.84            4364.15            4
    534        535,    SUCCESS        2            17            605.47        3776.37            4381.84            5
    220        221,    SUCCESS        2            12            624.62        3824.21            4448.83            2
    655        656,    SUCCESS        2            6            241.35        4364.15            4605.51            5
    297        298,    SUCCESS        2            18            339.89        4363.17            4703.06            2
    335        336,    SUCCESS        2            1            5.65        4703.06            4708.7            3
    488        489,    SUCCESS        2            2            4.73        4708.7            4713.43            4
    487        488,    SUCCESS        2            5            5.18        4708.7            4713.88            4
    227        228,    SUCCESS        2            4            491.49        4280.99            4772.48            2
    295        296,    SUCCESS        2            11            477.49        4305.25            4782.74            2
    247        248,    SUCCESS        2            7            687.47        4116.42            4803.89            2
    288        289,    SUCCESS        2            3            658.64        4179.16            4837.8            2
    312        313,    SUCCESS        2            9            659.59        4178.9            4838.49            2
    293        294,    SUCCESS        2            13            591.56        4248.28            4839.84            2
    388        389,    SUCCESS        2            3            4.96        4837.8            4842.76            4
    332        333,    SUCCESS        2            1            5.8        4837.8            4843.6            3
    325        326,    SUCCESS        2            9            5.68        4838.49            4844.17            3
    334        335,    SUCCESS        2            8            5.41        4839.84            4845.25            3
    496        497,    SUCCESS        2            3            5.25        4842.76            4848.01            4
    435        436,    SUCCESS        2            10            4.94        4844.17            4849.11            4
    439        440,    SUCCESS        2            19            5.05        4844.17            4849.22            4
    484        485,    SUCCESS        2            15            4.51        4845.25            4849.76            4
    434        435,    SUCCESS        2            0            5.84        4844.17            4850.01            4
    257        258,    SUCCESS        2            12            403.74        4448.83            4852.57            2
    436        437,    SUCCESS        2            10            5.01        4849.11            4854.12            4
    536        537,    SUCCESS        2            17            510.99        4381.84            4892.83            5
    327        328,    SUCCESS        2            17            5.38        4892.83            4898.21            3
    452        453,    SUCCESS        2            5            4.74        4898.21            4902.95            4
    454        455,    SUCCESS        2            8            5.13        4898.21            4903.34            4
    207        208,    SUCCESS        2            16            610.34        4347.01            4957.35            2
    273        274,    SUCCESS        2            4            287.28        4772.48            5059.76            2
    595        596,    SUCCESS        2            19            276.78        4849.22            5126            5
    450        451,    SUCCESS        2            19            4.85        5126            5130.85            4
    271        272,    SUCCESS        2            16            253.4        4957.35            5210.75            2
    648        649,    SUCCESS        2            17            341.15        4898.21            5239.36            5
    476        477,    SUCCESS        2            17            4.74        5239.36            5244.1            4
    478        479,    SUCCESS        2            17            5.25        5244.1            5249.35            4
    301        302,    SUCCESS        2            18            602.94        4703.06            5306            2
    387        388,    SUCCESS        2            18            5.44        5306            5311.44            4
    612        613,    SUCCESS        2            2            408.65        4902.95            5311.6            5
    269        270,    SUCCESS        2            12            459.57        4852.57            5312.14            2
    321        322,    SUCCESS        2            18            4.93        5311.44            5316.37            3
    406        407,    SUCCESS        2            6            4.57        5316.37            5320.94            4
    453        454,    SUCCESS        2            18            4.75        5316.37            5321.12            4
    404        405,    SUCCESS        2            1            4.88        5316.37            5321.25            4
    407        408,    SUCCESS        2            17            5.2        5316.37            5321.57            4
    399        400,    SUCCESS        2            19            5.35        5316.37            5321.72            4
    401        402,    SUCCESS        2            19            4.65        5321.72            5326.37            4
    656        657,    SUCCESS        2            15            549.62        4849.76            5399.38            5
    594        595,    SUCCESS        2            14            563.04        4850.01            5413.05            5
    231        232,    SUCCESS        2            7            610.54        4803.89            5414.43            2
    405        406,    SUCCESS        2            14            4.99        5413.05            5418.04            4
    316        317,    SUCCESS        2            11            642.11        4782.74            5424.85            2
    385        386,    SUCCESS        2            11            4.87        5424.85            5429.72            4
    234        235,    SUCCESS        2            4            402.25        5059.76            5462.01            2
    614        615,    SUCCESS        2            8            560.02        4903.34            5463.37            5
    548        549,    SUCCESS        2            9            631.59        4844.17            5475.76            5
    475        476,    SUCCESS        2            9            5.28        5475.76            5481.04            4
    477        478,    SUCCESS        2            9            5.09        5481.04            5486.13            4
    485        486,    SUCCESS        2            9            5.43        5486.13            5491.56            4
    267        268,    SUCCESS        2            13            652.69        4839.84            5492.53            2
    596        597,    SUCCESS        2            10            687.5        4854.12            5541.62            5
    402        403,    SUCCESS        2            10            4.5        5541.62            5546.12            4
    323        324,    SUCCESS        2            10            5        5546.12            5551.12            3
    425        426,    SUCCESS        2            10            4.96        5551.12            5556.09            4
    422        423,    SUCCESS        2            1            5.42        5551.12            5556.55            4
    561        562,    SUCCESS        2            2            268.17        5326.37            5594.54            5
    610        611,    SUCCESS        2            15            234.49        5399.38            5633.87            5
    252        253,    SUCCESS        2            16            424.74        5210.75            5635.49            2
    317        318,    SUCCESS        2            7            323.79        5414.43            5738.22            2
    346        347,    SUCCESS        2            1            5.18        5738.22            5743.4            3
    318        319,    SUCCESS        2            7            5.61        5738.22            5743.83            3
    349        350,    SUCCESS        2            1            4.52        5743.83            5748.35            4
    351        352,    SUCCESS        2            10            4.57        5743.83            5748.4            4
    364        365,    SUCCESS        2            2            4.75        5743.83            5748.58            4
    358        359,    SUCCESS        2            19            5.3        5743.83            5749.13            4
    366        367,    SUCCESS        2            6            5.4        5743.83            5749.23            4
    355        356,    SUCCESS        2            1            5.09        5748.35            5753.44            4
    371        372,    SUCCESS        2            1            5.27        5753.44            5758.71            4
    637        638,    SUCCESS        2            0            329.72        5486.13            5815.85            5
    356        357,    SUCCESS        2            0            5.32        5815.85            5821.17            4
    613        614,    SUCCESS        2            8            419.82        5463.37            5883.19            5
    645        646,    SUCCESS        2            3            394.05        5491.56            5885.61            5
    352        353,    SUCCESS        2            8            4.8        5883.19            5887.99            4
    423        424,    SUCCESS        2            3            4.94        5885.61            5890.55            4
    291        292,    SUCCESS        2            16            256.39        5635.49            5891.88            2
    424        425,    SUCCESS        2            3            5.41        5890.55            5895.96            4
    333        334,    SUCCESS        2            1            5.4        5891.88            5897.28            3
    365        366,    SUCCESS        2            3            5.36        5895.96            5901.32            4
    315        316,    SUCCESS        2            13            417.98        5492.53            5910.51            2
    342        343,    SUCCESS        2            19            5.61        5910.51            5916.12            3
    638        639,    SUCCESS        2            15            298.15        5633.87            5932.02            5
    566        567,    SUCCESS        2            17            631.13        5321.57            5952.7            5
    343        344,    SUCCESS        2            17            5.7        5952.7            5958.4            3
    344        345,    SUCCESS        2            17            5.32        5958.4            5963.72            3
    506        507,    SUCCESS        2            10            5.63        5958.4            5964.03            4
    345        346,    SUCCESS        2            17            5.09        5963.72            5968.81            3
    368        369,    SUCCESS        2            17            4.92        5968.81            5973.73            4
    219        220,    SUCCESS        2            12            665.1        5312.14            5977.24            2
    564        565,    SUCCESS        2            5            656.04        5321.25            5977.29            5
    635        636,    SUCCESS        2            14            522.21        5481.04            6003.25            5
    347        348,    SUCCESS        2            14            5.15        6003.25            6008.4            3
    353        354,    SUCCESS        2            14            4.84        6008.4            6013.24            4
    582        583,    SUCCESS        2            18            524.4        5556.55            6080.94            5
    357        358,    SUCCESS        2            18            5.22        6080.94            6086.16            4
    361        362,    SUCCESS        2            18            4.99        6086.16            6091.15            4
    362        363,    SUCCESS        2            18            5.3        6091.15            6096.45            4
    589        590,    SUCCESS        2            7            358.18        5743.83            6102.01            5
    532        533,    SUCCESS        2            11            686.31        5429.72            6116.03            5
    300        301,    SUCCESS        2            4            665.42        5462.01            6127.43            2
    599        600,    SUCCESS        2            9            667.8        5491.56            6159.36            5
    511        512,    SUCCESS        2            8            276.63        5887.99            6164.62            5
    585        586,    SUCCESS        2            5            239.9        5977.29            6217.19            5
    359        360,    SUCCESS        2            5            4.92        6217.19            6222.11            4
    516        517,    SUCCESS        2            14            358.07        6013.24            6371.31            5
    504        505,    SUCCESS        2            14            4.46        6371.31            6375.77            4
    505        506,    SUCCESS        2            14            5.3        6375.77            6381.07            4
    517        518,    SUCCESS        2            1            305.08        6086.16            6391.24            5
    524        525,    SUCCESS        2            0            580.95        5821.17            6402.12            5
    283        284,    SUCCESS        2            16            514.41        5891.88            6406.29            2
    482        483,    SUCCESS        2            0            5.14        6402.12            6407.26            4
    284        285,    SUCCESS        2            12            433.3        5977.24            6410.54            2
    428        429,    SUCCESS        2            16            5.06        6406.29            6411.35            4
    331        332,    SUCCESS        2            14            5.17        6410.54            6415.71            3
    302        303,    SUCCESS        2            13            540.07        5910.51            6450.58            2
    587        588,    SUCCESS        2            7            358.86        6102.01            6460.87            5
    518        519,    SUCCESS        2            5            295.5        6222.11            6517.61            5
    584        585,    SUCCESS        2            2            626.78        5895.96            6522.74            5
    479        480,    SUCCESS        2            2            5.16        6522.74            6527.9            4
    481        482,    SUCCESS        2            2            5.5        6527.9            6533.4            4
    513        514,    SUCCESS        2            17            636.12        6013.24            6649.36            5
    274        275,    SUCCESS        2            4            529.66        6127.43            6657.09            2
    583        584,    SUCCESS        2            18            572.4        6096.45            6668.85            5
    546        547,    SUCCESS        2            11            569.99        6116.03            6686.02            5
    400        401,    SUCCESS        2            11            5.1        6686.02            6691.12            4
    593        594,    SUCCESS        2            16            326.35        6411.35            6737.7            5
    547        548,    SUCCESS        2            9            625.39        6159.36            6784.75            5
    408        409,    SUCCESS        2            9            5.24        6784.75            6789.99            4
    363        364,    SUCCESS        2            9            4.91        6789.99            6794.9            4
    512        513,    SUCCESS        2            8            688.75        6164.62            6853.37            5
    256        257,    SUCCESS        2            13            508.72        6450.58            6959.3            2
    326        327,    SUCCESS        2            3            5.46        6959.3            6964.76            3
    448        449,    SUCCESS        2            17            4.46        6964.76            6969.22            4
    445        446,    SUCCESS        2            14            4.6        6964.76            6969.36            4
    443        444,    SUCCESS        2            3            4.77        6964.76            6969.53            4
    559        560,    SUCCESS        2            11            305.56        6691.12            6996.68            5
    591        592,    SUCCESS        2            7            563.17        6460.87            7024.04            5
    277        278,    SUCCESS        2            12            621.88        6410.54            7032.42            2
    642        643,    SUCCESS        2            0            626.06        6407.26            7033.33            5
    373        374,    SUCCESS        2            12            4.87        7032.42            7037.29            4
    474        475,    SUCCESS        2            0            5.27        7033.33            7038.6            4
    440        441,    SUCCESS        2            12            4.94        7037.29            7042.23            4
    441        442,    SUCCESS        2            12            4.79        7042.23            7047.02            4
    664        665,    SUCCESS        2            6            678.53        6375.77            7054.3            5
    308        309,    SUCCESS        2            4            401.03        6657.09            7058.12            2
    647        648,    SUCCESS        2            16            454.79        6737.7            7192.49            5
    483        484,    SUCCESS        2            16            5.7        7192.49            7198.19            4
    522        523,    SUCCESS        2            9            403.4        6794.9            7198.3            5
    526        527,    SUCCESS        2            5            685.14        6517.61            7202.75            5
    322        323,    SUCCESS        2            5            4.99        7202.75            7207.74            3
    471        472,    SUCCESS        2            5            5.02        7207.74            7212.76            4
    412        413,    SUCCESS        2            10            5.32        7207.74            7213.06            4
    417        418,    SUCCESS        2            18            5.5        7207.74            7213.24            4
    588        589,    SUCCESS        2            2            681.21        6533.4            7214.61            5
    473        474,    SUCCESS        2            5            5        7212.76            7217.76            4
    329        330,    SUCCESS        2            2            5.45        7214.61            7220.06            3
    463        464,    SUCCESS        2            14            5.21        7220.06            7225.28            4
    666        667,    SUCCESS        2            8            437.85        6853.37            7291.22            5
    447        448,    SUCCESS        2            8            4.89        7291.22            7296.11            4
    461        462,    SUCCESS        2            8            4.68        7296.11            7300.79            4
    634        635,    SUCCESS        2            19            277.41        7038.6            7316.01            5
    590        591,    SUCCESS        2            13            419.15        6959.3            7378.45            5
    675        676,    SUCCESS        2            18            5.8        7378.45            7384.25            6
    644        645,    SUCCESS        2            12            365        7047.02            7412.02            5
    449        450,    SUCCESS        2            12            4.78        7412.02            7416.8            4
    451        452,    SUCCESS        2            12            5.28        7416.8            7422.08            4
    608        609,    SUCCESS        2            2            244.15        7220.06            7464.21            5
    601        602,    SUCCESS        2            15            495.36        7047.02            7542.38            5
    605        606,    SUCCESS        2            1            623.38        6969.36            7592.74            5
    641        642,    SUCCESS        2            0            578.73        7038.6            7617.33            5
    600        601,    SUCCESS        2            19            318.01        7316.01            7634.02            5
    543        544,    SUCCESS        2            13            257.4        7378.45            7635.85            5
    410        411,    SUCCESS        2            19            5.26        7634.02            7639.28            4
    486        487,    SUCCESS        2            13            4.69        7635.85            7640.54            4
    416        417,    SUCCESS        2            19            4.87        7639.28            7644.15            4
    341        342,    SUCCESS        2            13            5.18        7640.54            7645.72            3
    462        463,    SUCCESS        2            19            5.52        7644.15            7649.67            4
    418        419,    SUCCESS        2            13            4.97        7645.72            7650.69            4
    419        420,    SUCCESS        2            13            5.36        7650.69            7656.05            4
    545        546,    SUCCESS        2            11            661.82        6996.68            7658.5            5
    420        421,    SUCCESS        2            13            4.99        7656.05            7661.04            4
    328        329,    SUCCESS        2            11            5.22        7658.5            7663.72            3
    367        368,    SUCCESS        2            13            5.23        7661.04            7666.27            4
    369        370,    SUCCESS        2            11            4.72        7663.72            7668.44            4
    459        460,    SUCCESS        2            3            4.81        7663.72            7668.53            4
    457        458,    SUCCESS        2            8            5.33        7663.72            7669.05            4
    480        481,    SUCCESS        2            13            5.46        7666.27            7671.73            4
    538        539,    SUCCESS        2            7            654.86        7024.04            7678.9            5
    636        637,    SUCCESS        2            16            493.01        7198.19            7691.2            5
    542        543,    SUCCESS        2            4            664.98        7058.12            7723.1            5
    340        341,    SUCCESS        2            4            5.44        7723.1            7728.54            3
    437        438,    SUCCESS        2            4            5.56        7728.54            7734.1            4
    438        439,    SUCCESS        2            4            4.93        7734.1            7739.03            4
    633        634,    SUCCESS        2            9            526.03        7217.76            7743.79            5
    348        349,    SUCCESS        2            4            5.47        7739.03            7744.5            3
    683        684,    SUCCESS        2            4            5.01        7744.5            7749.51            6
    639        640,    SUCCESS        2            5            548.25        7217.76            7766.01            5
    444        445,    SUCCESS        2            5            4.83        7766.01            7770.84            4
    572        573,    SUCCESS        2            10            583.81        7213.06            7796.88            5
    527        528,    SUCCESS        2            8            245.33        7669.05            7914.38            5
    508        509,    SUCCESS        2            8            5.49        7914.38            7919.87            4
    541        542,    SUCCESS        2            7            265.46        7678.9            7944.36            5
    497        498,    SUCCESS        2            7            5.49        7944.36            7949.85            4
    320        321,    SUCCESS        2            7            5.25        7949.85            7955.1            3
    389        390,    SUCCESS        2            4            4.91        7955.1            7960.01            4
    403        404,    SUCCESS        2            7            5.19        7955.1            7960.29            4
    360        361,    SUCCESS        2            7            5.18        7960.29            7965.47            4
    646        647,    SUCCESS        2            19            317.93        7649.67            7967.6            5
    567        568,    SUCCESS        2            12            555.03        7422.08            7977.11            5
    531        532,    SUCCESS        2            11            318.81        7668.44            7987.25            5
    570        571,    SUCCESS        2            9            247.91        7743.79            7991.7            5
    336        337,    SUCCESS        2            11            5.42        7987.25            7992.67            3
    415        416,    SUCCESS        2            11            5.02        7992.67            7997.69            4
    465        466,    SUCCESS        2            11            4.79        7997.69            8002.48            4
    579        580,    SUCCESS        2            5            301.07        7770.84            8071.91            5
    631        632,    SUCCESS        2            2            631.46        7464.21            8095.67            5
    464        465,    SUCCESS        2            2            4.9        8095.67            8100.57            4
    523        524,    SUCCESS        2            0            518.51        7617.33            8135.84            5
    442        443,    SUCCESS        2            0            5.07        8135.84            8140.91            4
    339        340,    SUCCESS        2            0            5.1        8140.91            8146.01            3
    409        410,    SUCCESS        2            0            5.28        8146.01            8151.29            4
    460        461,    SUCCESS        2            0            5.19        8151.29            8156.48            4
    533        534,    SUCCESS        2            1            626.88        7592.74            8219.62            5
    580        581,    SUCCESS        2            17            563.94        7661.04            8224.98            5
    625        626,    SUCCESS        2            11            268        8002.48            8270.48            5
    597        598,    SUCCESS        2            3            585.28        7734.1            8319.38            5
    562        563,    SUCCESS        2            16            632.72        7691.2            8323.92            5
    670        671,    SUCCESS        2            3            5.44        8319.38            8324.82            6
    528        529,    SUCCESS        2            13            655.96        7671.73            8327.69            5
    350        351,    SUCCESS        2            16            5.56        8323.92            8329.48            4
    621        622,    SUCCESS        2            2            233.53        8100.57            8334.1            5
    370        371,    SUCCESS        2            16            4.83        8329.48            8334.31            4
    455        456,    SUCCESS        2            2            4.84        8334.1            8338.94            4
    507        508,    SUCCESS        2            16            5.3        8334.31            8339.61            4
    500        501,    SUCCESS        2            2            5.44        8338.94            8344.38            4
    489        490,    SUCCESS        2            2            5.03        8344.38            8349.41            4
    565        566,    SUCCESS        2            12            403.26        7977.11            8380.37            5
    421        422,    SUCCESS        2            12            5.12        8380.37            8385.49            4
    563        564,    SUCCESS        2            15            425.69        7960.29            8385.98            5
    354        355,    SUCCESS        2            12            5.15        8385.49            8390.64            4
    668        669,    SUCCESS        2            10            497.32        7919.87            8417.19            5
    393        394,    SUCCESS        2            10            5.36        8417.19            8422.55            4
    549        550,    SUCCESS        2            6            464.58        7960.01            8424.59            5
    394        395,    SUCCESS        2            10            5.11        8422.55            8427.66            4
    491        492,    SUCCESS        2            6            4.84        8424.59            8429.43            4
    395        396,    SUCCESS        2            10            4.93        8427.66            8432.59            4
    397        398,    SUCCESS        2            10            5.59        8432.59            8438.18            4
    686        687,    SUCCESS        2            10            5.31        8438.18            8443.49            6
    640        641,    SUCCESS        2            5            395.9        8071.91            8467.81            5
    604        605,    SUCCESS        2            17            287.32        8224.98            8512.3            5
    515        516,    SUCCESS        2            7            549.93        7965.47            8515.4            5
    390        391,    SUCCESS        2            17            5.39        8512.3            8517.69            4
    392        393,    SUCCESS        2            17            5.32        8517.69            8523.01            4
    398        399,    SUCCESS        2            17            4.66        8523.01            8527.67            4
    643        644,    SUCCESS        2            1            389.56        8219.62            8609.18            5
    620        621,    SUCCESS        2            4            457.36        8156.48            8613.84            5
    530        531,    SUCCESS        2            3            296.29        8334.31            8630.6            5
    520        521,    SUCCESS        2            14            681.12        7965.47            8646.59            5
    521        522,    SUCCESS        2            16            421.02        8339.61            8760.63            5
    568        569,    SUCCESS        2            13            437.78        8327.69            8765.47            5
    337        338,    SUCCESS        2            16            5.66        8760.63            8766.29            3
    413        414,    SUCCESS        2            13            4.52        8765.47            8769.99            4
    411        412,    SUCCESS        2            16            4.9        8766.29            8771.19            4
    493        494,    SUCCESS        2            3            5.44        8766.29            8771.73            4
    617        618,    SUCCESS        2            0            653.56        8156.48            8810.04            5
    611        612,    SUCCESS        2            1            291.32        8609.18            8900.5            5
    581        582,    SUCCESS        2            4            288.76        8613.84            8902.6            5
    553        554,    SUCCESS        2            8            500.38        8422.55            8922.94            5
    660        661,    SUCCESS        2            10            479.55        8443.49            8923.05            5
    514        515,    SUCCESS        2            2            535.59        8390.64            8926.23            5
    494        495,    SUCCESS        2            10            5.16        8923.05            8928.21            4
    685        686,    SUCCESS        2            8            5.38        8922.94            8928.32            6
    525        526,    SUCCESS        2            7            477.45        8515.4            8992.85            5
    657        658,    SUCCESS        2            5            550.66        8467.81            9018.47            5
    689        690,    SUCCESS        2            3            5.42        9018.47            9023.89            6
    624        625,    SUCCESS        2            15            643.98        8385.98            9029.96            5
    653        654,    SUCCESS        2            19            262.42        8771.73            9034.15            5
    577        578,    SUCCESS        2            13            275.38        8769.99            9045.37            5
    509        510,    SUCCESS        2            12            656.93        8390.64            9047.57            5
    456        457,    SUCCESS        2            13            4.76        9045.37            9050.13            4
    490        491,    SUCCESS        2            13            5.17        9050.13            9055.3            4
    649        650,    SUCCESS        2            14            435.92        8646.59            9082.51            5
    615        616,    SUCCESS        2            17            623.01        8527.67            9150.68            5
    623        624,    SUCCESS        2            16            380.42        8771.19            9151.61            5
    697        698,    SUCCESS        2            17            5.02        9150.68            9155.7            6
    571        572,    SUCCESS        2            2            232.77        8926.23            9159            5
    519        520,    SUCCESS        2            7            263.59        8992.85            9256.44            5
    575        576,    SUCCESS        2            0            478.92        8810.04            9288.96            5
    603        604,    SUCCESS        2            12            257.66        9047.57            9305.23            5
    654        655,    SUCCESS        2            6            454.36        8928.21            9382.56            5
    578        579,    SUCCESS        2            1            503.02        8900.5            9403.52            5
    674        675,    SUCCESS        2            4            5.43        9403.52            9408.95            6
    609        610,    SUCCESS        2            16            271.49        9151.61            9423.1            5
    502        503,    SUCCESS        2            16            5.22        9423.1            9428.32            4
    678        679,    SUCCESS        2            10            5.42        9423.1            9428.52            6
    503        504,    SUCCESS        2            16            5.12        9428.32            9433.44            4
    667        668,    SUCCESS        2            13            451.67        9055.3            9506.97            5
    698        699,    SUCCESS        2            13            5.07        9506.97            9512.04            6
    696        697,    SUCCESS        2            8            5.24        9506.97            9512.21            6
    694        695,    SUCCESS        2            18            5.35        9506.97            9512.32            6
    492        493,    SUCCESS        2            13            5.3        9512.04            9517.34            4
    558        559,    SUCCESS        2            14            537.76        9082.51            9620.27            5
    602        603,    SUCCESS        2            5            673.16        9018.47            9691.63            5
    650        651,    SUCCESS        2            11            642.62        9055.3            9697.92            5
    554        555,    SUCCESS        2            15            677.69        9029.96            9707.65            5
    619        620,    SUCCESS        2            1            381.9        9403.52            9785.42            5
    501        502,    SUCCESS        2            1            5.23        9785.42            9790.65            4
    684        685,    SUCCESS        2            1            5.17        9790.65            9795.82            6
    555        556,    SUCCESS        2            17            643.51        9155.7            9799.21            5
    652        653,    SUCCESS        2            10            299.15        9517.34            9816.49            5
    665        666,    SUCCESS        2            7            565.09        9256.44            9821.53            5
    688        689,    SUCCESS        2            18            5.19        9816.49            9821.68            6
    472        473,    SUCCESS        2            7            4.81        9821.53            9826.34            4
    693        694,    SUCCESS        2            14            5.58        9821.53            9827.11            6
    557        558,    SUCCESS        2            0            615.13        9288.96            9904.09            5
    607        608,    SUCCESS        2            12            605.48        9305.23            9910.71            5
    598        599,    SUCCESS        2            16            641.79        9433.44            10075.23            5
    662        663,    SUCCESS        2            19            651.31        9428.32            10079.63            5
    498        499,    SUCCESS        2            16            4.56        10075.23            10079.79            4
    499        500,    SUCCESS        2            16            5.26        10079.79            10085.05            4
    699        700,    SUCCESS        2            16            5.35        10085.05            10090.4            6
    550        551,    SUCCESS        2            0            264.6        9904.09            10168.69            5
    569        570,    SUCCESS        2            5            483.3        9691.63            10174.93            5
    661        662,    SUCCESS        2            13            401.3        9790.65            10191.95            5
    691        692,    SUCCESS        2            15            5.43        10191.95            10197.38            6
    632        633,    SUCCESS        2            10            486.35        9826.34            10312.69            5
    682        683,    SUCCESS        2            13            5.5        10312.69            10318.19            6
    576        577,    SUCCESS        2            12            416.83        9910.71            10327.54            5
    458        459,    SUCCESS        2            12            4.63        10327.54            10332.17            4
    663        664,    SUCCESS        2            19            312.08        10079.63            10391.71            5
    560        561,    SUCCESS        2            7            567.07        9826.34            10393.41            5
    692        693,    SUCCESS        2            2            5.32        10391.71            10397.02            6
    446        447,    SUCCESS        2            7            4.93        10393.41            10398.34            4
    330        331,    SUCCESS        2            7            5.4        10398.34            10403.74            3
    414        415,    SUCCESS        2            7            4.94        10403.74            10408.68            4
    469        470,    SUCCESS        2            1            4.97        10403.74            10408.71            4
    467        468,    SUCCESS        2            6            5.1        10403.74            10408.84            4
    466        467,    SUCCESS        2            15            5.18        10403.74            10408.92            4
    573        574,    SUCCESS        2            5            401.83        10174.93            10576.76            5
    676        677,    SUCCESS        2            5            5.41        10576.76            10582.17            6
    672        673,    SUCCESS        2            5            5.69        10582.17            10587.86            6
    529        530,    SUCCESS        2            12            285.92        10332.17            10618.09            5
    391        392,    SUCCESS        2            12            5.81        10618.09            10623.9            4
    658        659,    SUCCESS        2            3            581.03        10079.79            10660.82            5
    574        575,    SUCCESS        2            1            274.75        10408.71            10683.46            5
    629        630,    SUCCESS        2            14            280.25        10408.71            10688.97            5
    659        660,    SUCCESS        2            11            650        10085.05            10735.05            5
    690        691,    SUCCESS        2            17            5.57        10735.05            10740.62            6
    651        652,    SUCCESS        2            16            680.98        10090.4            10771.38            5
    470        471,    SUCCESS        2            16            4.81        10771.38            10776.19            4
    687        688,    SUCCESS        2            8            5.5        10771.38            10776.88            6
    673        674,    SUCCESS        2            16            5.04        10776.19            10781.23            6
    618        619,    SUCCESS        2            13            451.83        10332.17            10784            5
    627        628,    SUCCESS        2            18            464.84        10408.84            10873.69            5
    606        607,    SUCCESS        2            19            490.02        10398.34            10888.36            5
    468        469,    SUCCESS        2            19            5.44        10888.36            10893.8            4
    677        678,    SUCCESS        2            0            5.55        10888.36            10893.91            6
    622        623,    SUCCESS        2            7            591.5        10408.68            11000.18            5
    396        397,    SUCCESS        2            7            6.12        11000.18            11006.3            4
    695        696,    SUCCESS        2            7            5.21        11006.3            11011.51            6
    510        511,    SUCCESS        2            12            425        10623.9            11048.9            5
    669        670,    SUCCESS        2            11            6.03        11048.9            11054.93            6
    551        552,    SUCCESS        2            14            462.75        10688.97            11151.72            5
    556        557,    SUCCESS        2            4            310.37        11006.3            11316.67            5
    628        629,    SUCCESS        2            6            438.58        10893.8            11332.39            5
    680        681,    SUCCESS        2            6            5.9        11332.39            11338.29            6
    626        627,    SUCCESS        2            19            456.7        10893.8            11350.5            5
    630        631,    SUCCESS        2            2            582.66        10776.19            11358.85            5
    681        682,    SUCCESS        2            9            5.28        11358.85            11364.13            6
    552        553,    SUCCESS        2            12            401.99        11048.9            11450.89            5
    671        672,    SUCCESS        2            0            5.85        11450.89            11456.74            6
    616        617,    SUCCESS        2            12            297.29        11450.89            11748.18            5
    679        680,    SUCCESS        2            18            5.25        11748.18            11753.43            6
