========== OUTPUT ==========
Job ID    Task ID    STATUS    Data center ID    VM ID        Time    Start Time    Finish Time    Depth
    600        Stage-in    SUCCESS        2            14            0.11        0.1            0.21            0
    2        3,    SUCCESS        2            17            20.22        0.21            20.43            1
    1        2,    SUCCESS        2            19            20.35        0.21            20.56            1
    8        9,    SUCCESS        2            10            20.66        0.21            20.88            1
    17        18,    SUCCESS        2            18            20.7        0.21            20.91            1
    6        7,    SUCCESS        2            13            20.72        0.21            20.93            1
    19        20,    SUCCESS        2            9            20.81        0.21            21.02            1
    11        12,    SUCCESS        2            6            20.85        0.21            21.06            1
    18        19,    SUCCESS        2            16            20.88        0.21            21.09            1
    43        44,    SUCCESS        2            2            20.92        0.21            21.13            1
    3        4,    SUCCESS        2            11            20.92        0.21            21.13            1
    41        42,    SUCCESS        2            3            20.94        0.21            21.15            1
    5        6,    SUCCESS        2            4            20.98        0.21            21.19            1
    34        35,    SUCCESS        2            15            20.98        0.21            21.19            1
    13        14,    SUCCESS        2            0            21        0.21            21.21            1
    7        8,    SUCCESS        2            12            21.03        0.21            21.24            1
    57        58,    SUCCESS        2            8            21.07        0.21            21.28            1
    35        36,    SUCCESS        2            5            21.11        0.21            21.32            1
    20        21,    SUCCESS        2            7            21.46        0.21            21.67            1
    9        10,    SUCCESS        2            14            21.49        0.21            21.7            1
    0        1,    SUCCESS        2            1            21.91        0.21            22.12            1
    22        23,    SUCCESS        2            13            17.33        20.93            38.26            1
    39        40,    SUCCESS        2            9            17.4        21.02            38.42            1
    55        56,    SUCCESS        2            18            17.51        20.91            38.42            1
    37        38,    SUCCESS        2            17            18.26        20.43            38.69            1
    14        15,    SUCCESS        2            0            17.65        21.21            38.86            1
    54        55,    SUCCESS        2            6            17.91        21.06            38.97            1
    29        30,    SUCCESS        2            19            18.41        20.56            38.97            1
    12        13,    SUCCESS        2            10            18.21        20.88            39.08            1
    91        92,    SUCCESS        2            2            18.06        21.13            39.19            1
    4        5,    SUCCESS        2            11            18.06        21.13            39.19            1
    59        60,    SUCCESS        2            3            18.15        21.15            39.3            1
    38        39,    SUCCESS        2            7            17.63        21.67            39.3            1
    66        67,    SUCCESS        2            15            18.11        21.19            39.3            1
    30        31,    SUCCESS        2            4            18.22        21.19            39.41            1
    15        16,    SUCCESS        2            12            18.18        21.24            39.41            1
    68        69,    SUCCESS        2            8            18.24        21.28            39.52            1
    16        17,    SUCCESS        2            14            17.93        21.7            39.63            1
    45        46,    SUCCESS        2            16            18.68        21.09            39.77            1
    10        11,    SUCCESS        2            1            17.84        22.12            39.96            1
    40        41,    SUCCESS        2            5            18.75        21.32            40.07            1
    33        34,    SUCCESS        2            13            17.63        38.26            55.89            1
    74        75,    SUCCESS        2            18            17.79        38.42            56.21            1
    23        24,    SUCCESS        2            0            17.71        38.86            56.57            1
    44        45,    SUCCESS        2            9            18.26        38.42            56.68            1
    50        51,    SUCCESS        2            17            18.23        38.69            56.92            1
    117        118,    SUCCESS        2            3            17.73        39.3            57.03            1
    52        53,    SUCCESS        2            19            18.06        38.97            57.03            1
    105        106,    SUCCESS        2            2            17.95        39.19            57.14            1
    62        63,    SUCCESS        2            16            17.82        39.77            57.59            1
    88        89,    SUCCESS        2            4            18.29        39.41            57.7            1
    21        22,    SUCCESS        2            10            18.62        39.08            57.7            1
    75        76,    SUCCESS        2            8            18.29        39.52            57.81            1
    24        25,    SUCCESS        2            11            18.62        39.19            57.81            1
    65        66,    SUCCESS        2            12            18.4        39.41            57.81            1
    26        27,    SUCCESS        2            14            18.18        39.63            57.81            1
    98        99,    SUCCESS        2            15            18.63        39.3            57.93            1
    48        49,    SUCCESS        2            1            18.08        39.96            58.04            1
    56        57,    SUCCESS        2            6            19.07        38.97            58.04            1
    53        54,    SUCCESS        2            7            18.85        39.3            58.15            1
    42        43,    SUCCESS        2            5            18.84        40.07            58.91            1
    85        86,    SUCCESS        2            18            17.95        56.21            74.16            1
    27        28,    SUCCESS        2            0            17.82        56.57            74.39            1
    36        37,    SUCCESS        2            13            18.61        55.89            74.5            1
    51        52,    SUCCESS        2            9            17.93        56.68            74.61            1
    125        126,    SUCCESS        2            2            17.58        57.14            74.72            1
    67        68,    SUCCESS        2            17            17.92        56.92            74.84            1
    80        81,    SUCCESS        2            19            18.04        57.03            75.07            1
    25        26,    SUCCESS        2            10            17.49        57.7            75.19            1
    69        70,    SUCCESS        2            16            17.9        57.59            75.49            1
    102        103,    SUCCESS        2            4            17.9        57.7            75.6            1
    77        78,    SUCCESS        2            12            17.9        57.81            75.71            1
    46        47,    SUCCESS        2            11            18.01        57.81            75.82            1
    108        109,    SUCCESS        2            15            18        57.93            75.93            1
    70        71,    SUCCESS        2            7            17.92        58.15            76.07            1
    78        79,    SUCCESS        2            8            18.47        57.81            76.28            1
    60        61,    SUCCESS        2            1            18.37        58.04            76.41            1
    58        59,    SUCCESS        2            5            17.61        58.91            76.52            1
    64        65,    SUCCESS        2            6            18.59        58.04            76.63            1
    31        32,    SUCCESS        2            14            18.82        57.81            76.63            1
    47        48,    SUCCESS        2            13            17.01        74.5            91.51            1
    32        33,    SUCCESS        2            0            17.72        74.39            92.11            1
    87        88,    SUCCESS        2            18            18.08        74.16            92.24            1
    84        85,    SUCCESS        2            17            18.03        74.84            92.87            1
    99        100,    SUCCESS        2            9            18.45        74.61            93.06            1
    83        84,    SUCCESS        2            19            18.1        75.07            93.17            1
    128        129,    SUCCESS        2            2            18.56        74.72            93.28            1
    28        29,    SUCCESS        2            10            18.4        75.19            93.59            1
    76        77,    SUCCESS        2            16            18.1        75.49            93.59            1
    82        83,    SUCCESS        2            12            18.03        75.71            93.74            1
    112        113,    SUCCESS        2            15            17.92        75.93            93.85            1
    106        107,    SUCCESS        2            7            18.13        76.07            94.2            1
    101        102,    SUCCESS        2            8            18.03        76.28            94.31            1
    79        80,    SUCCESS        2            1            18.1        76.41            94.52            1
    71        72,    SUCCESS        2            11            18.83        75.82            94.65            1
    120        121,    SUCCESS        2            5            18.24        76.52            94.76            1
    89        90,    SUCCESS        2            6            18.32        76.63            94.95            1
    63        64,    SUCCESS        2            14            18.69        76.63            95.33            1
    49        50,    SUCCESS        2            13            18.07        91.51            109.58            1
    90        91,    SUCCESS        2            0            17.74        92.11            109.85            1
    94        95,    SUCCESS        2            18            17.93        92.24            110.17            1
    123        124,    SUCCESS        2            9            17.85        93.06            110.91            1
    115        116,    SUCCESS        2            17            18.15        92.87            111.02            1
    138        139,    SUCCESS        2            19            17.85        93.17            111.02            1
    121        122,    SUCCESS        2            15            18.1        93.85            111.95            1
    97        98,    SUCCESS        2            12            18.32        93.74            112.06            1
    111        112,    SUCCESS        2            10            18.64        93.59            112.23            1
    136        137,    SUCCESS        2            1            18.12        94.52            112.63            1
    114        115,    SUCCESS        2            8            18.52        94.31            112.83            1
    124        125,    SUCCESS        2            5            18.29        94.76            113.05            1
    73        74,    SUCCESS        2            14            17.84        95.33            113.16            1
    72        73,    SUCCESS        2            11            18.62        94.65            113.27            1
    103        104,    SUCCESS        2            6            18.43        94.95            113.38            1
    100        101,    SUCCESS        2            0            17.66        109.85            127.51            1
    61        62,    SUCCESS        2            13            18.35        109.58            127.93            1
    126        127,    SUCCESS        2            17            17.43        111.02            128.45            1
    110        111,    SUCCESS        2            18            18.49        110.17            128.66            1
    131        132,    SUCCESS        2            9            18.05        110.91            128.96            1
    107        108,    SUCCESS        2            12            18.16        112.06            130.22            1
    95        96,    SUCCESS        2            11            17.93        113.27            131.2            1
    96        97,    SUCCESS        2            14            18.16        113.16            131.32            1
    104        105,    SUCCESS        2            6            18.71        113.38            132.09            1
    116        117,    SUCCESS        2            0            18.21        127.51            145.72            1
    81        82,    SUCCESS        2            13            18.04        127.93            145.97            1
    132        133,    SUCCESS        2            9            17.73        128.96            146.69            1
    130        131,    SUCCESS        2            12            18.41        130.22            148.63            1
    119        120,    SUCCESS        2            11            17.95        131.2            149.15            1
    109        110,    SUCCESS        2            6            18.43        132.09            150.52            1
    133        134,    SUCCESS        2            0            17.17        145.72            162.89            1
    86        87,    SUCCESS        2            13            18.84        145.97            164.81            1
    129        130,    SUCCESS        2            11            17.66        149.15            166.81            1
    135        136,    SUCCESS        2            12            19.14        148.63            167.77            1
    113        114,    SUCCESS        2            6            18.1        150.52            168.62            1
    92        93,    SUCCESS        2            13            18.06        164.81            182.87            1
    137        138,    SUCCESS        2            12            18.21        167.77            185.98            1
    118        119,    SUCCESS        2            6            18.64        168.62            187.26            1
    93        94,    SUCCESS        2            13            17.69        182.87            200.56            1
    122        123,    SUCCESS        2            6            19.01        187.26            206.27            1
    127        128,    SUCCESS        2            13            18.1        200.56            218.66            1
    134        135,    SUCCESS        2            6            18.34        206.27            224.61            1
    174        175,    SUCCESS        2            7            231.44        94.2            325.65            2
    168        169,    SUCCESS        2            17            235.6        128.45            364.05            2
    142        143,    SUCCESS        2            5            270.36        113.05            383.41            2
    140        141,    SUCCESS        2            1            297.33        112.63            409.97            2
    147        148,    SUCCESS        2            14            305.49        131.32            436.81            2
    173        174,    SUCCESS        2            19            334.92        111.02            445.94            2
    195        196,    SUCCESS        2            18            337.77        128.66            466.43            2
    159        160,    SUCCESS        2            13            266.66        218.66            485.32            2
    176        177,    SUCCESS        2            6            280.23        224.61            504.84            2
    139        140,    SUCCESS        2            11            359.22        166.81            526.03            2
    156        157,    SUCCESS        2            2            445.1        93.28            538.38            2
    145        146,    SUCCESS        2            12            363.65        185.98            549.63            2
    150        151,    SUCCESS        2            9            404.09        146.69            550.78            2
    141        142,    SUCCESS        2            3            521.91        57.03            578.94            2
    146        147,    SUCCESS        2            8            480.91        112.83            593.75            2
    161        162,    SUCCESS        2            4            572.15        75.6            647.75            2
    154        155,    SUCCESS        2            15            540.95        111.95            652.9            2
    144        145,    SUCCESS        2            0            509.07        162.89            671.96            2
    152        153,    SUCCESS        2            16            611.66        93.59            705.25            2
    184        185,    SUCCESS        2            10            593.57        112.23            705.8            2
    206        207,    SUCCESS        2            18            320.4        466.43            786.83            2
    196        197,    SUCCESS        2            12            242.95        549.63            792.58            2
    158        159,    SUCCESS        2            1            403.82        409.97            813.78            2
    151        152,    SUCCESS        2            19            369.85        445.94            815.79            2
    155        156,    SUCCESS        2            5            434.18        383.41            817.59            2
    213        214,    SUCCESS        2            7            526.54        325.65            852.18            2
    169        170,    SUCCESS        2            15            249.64        652.9            902.54            2
    157        158,    SUCCESS        2            14            500.48        436.81            937.29            2
    201        202,    SUCCESS        2            13            503.33        485.32            988.65            2
    180        181,    SUCCESS        2            3            410.45        578.94            989.39            2
    143        144,    SUCCESS        2            9            439.74        550.78            990.52            2
    267        268,    SUCCESS        2            8            399.36        593.75            993.1            2
    193        194,    SUCCESS        2            17            663.2        364.05            1027.25            2
    179        180,    SUCCESS        2            6            530.04        504.84            1034.88            2
    263        264,    SUCCESS        2            11            520.54        526.03            1046.57            2
    178        179,    SUCCESS        2            0            402.19        671.96            1074.15            2
    228        229,    SUCCESS        2            19            338.19        815.79            1153.98            2
    153        154,    SUCCESS        2            2            618.95        538.38            1157.33            2
    172        173,    SUCCESS        2            4            521.15        647.75            1168.9            2
    149        150,    SUCCESS        2            10            548.54        705.8            1254.34            2
    198        199,    SUCCESS        2            14            329.15        937.29            1266.44            2
    175        176,    SUCCESS        2            7            445.97        852.18            1298.15            2
    230        231,    SUCCESS        2            9            315.97        990.52            1306.49            2
    182        183,    SUCCESS        2            1            510.89        813.78            1324.67            2
    162        163,    SUCCESS        2            5            529.06        817.59            1346.65            2
    188        189,    SUCCESS        2            12            554.45        792.58            1347.03            2
    160        161,    SUCCESS        2            17            344.84        1027.25            1372.09            2
    177        178,    SUCCESS        2            16            673.08        705.25            1378.33            2
    243        244,    SUCCESS        2            11            353.1        1046.57            1399.67            2
    222        223,    SUCCESS        2            18            642.04        786.83            1428.87            2
    190        191,    SUCCESS        2            4            314.24        1168.9            1483.14            2
    181        182,    SUCCESS        2            13            551.47        988.65            1540.12            2
    191        192,    SUCCESS        2            15            653.16        902.54            1555.7            2
    148        149,    SUCCESS        2            1            247.78        1324.67            1572.45            2
    229        230,    SUCCESS        2            19            429.51        1153.98            1583.49            2
    165        166,    SUCCESS        2            14            342.02        1266.44            1608.46            2
    245        246,    SUCCESS        2            10            364.89        1254.34            1619.23            2
    241        242,    SUCCESS        2            3            630.47        989.39            1619.86            2
    194        195,    SUCCESS        2            0            570.82        1074.15            1644.97            2
    167        168,    SUCCESS        2            18            239.84        1428.87            1668.71            2
    240        241,    SUCCESS        2            8            688.82        993.1            1681.92            2
    207        208,    SUCCESS        2            2            540.19        1157.33            1697.52            2
    189        190,    SUCCESS        2            6            664.84        1034.88            1699.72            2
    260        261,    SUCCESS        2            12            363.17        1347.03            1710.2            2
    219        220,    SUCCESS        2            7            502.46        1298.15            1800.61            2
    247        248,    SUCCESS        2            9            498.71        1306.49            1805.2            2
    249        250,    SUCCESS        2            10            303.48        1619.23            1922.71            2
    171        172,    SUCCESS        2            13            386.62        1540.12            1926.74            2
    187        188,    SUCCESS        2            2            230.61        1697.52            1928.13            2
    204        205,    SUCCESS        2            14            322.99        1608.46            1931.45            2
    208        209,    SUCCESS        2            4            449.86        1483.14            1933            2
    163        164,    SUCCESS        2            17            566.33        1372.09            1938.42            2
    253        254,    SUCCESS        2            19            409.55        1583.49            1993.04            2
    199        200,    SUCCESS        2            0            364.76        1644.97            2009.73            2
    251        252,    SUCCESS        2            5            671.82        1346.65            2018.47            2
    256        257,    SUCCESS        2            15            468.12        1555.7            2023.82            2
    205        206,    SUCCESS        2            16            661.7        1378.33            2040.03            2
    277        278,    SUCCESS        2            3            517.5        1619.86            2137.36            2
    235        236,    SUCCESS        2            8            506.02        1681.92            2187.94            2
    217        218,    SUCCESS        2            7            403.05        1800.61            2203.66            2
    183        184,    SUCCESS        2            1            665.26        1572.45            2237.71            2
    248        249,    SUCCESS        2            4            366.8        1933            2299.8            2
    227        228,    SUCCESS        2            6            607.01        1699.72            2306.73            2
    214        215,    SUCCESS        2            14            383.77        1931.45            2315.22            2
    186        187,    SUCCESS        2            2            394.37        1928.13            2322.5            2
    215        216,    SUCCESS        2            18            654.86        1668.71            2323.57            2
    216        217,    SUCCESS        2            17            393.03        1938.42            2331.45            2
    200        201,    SUCCESS        2            19            355.58        1993.04            2348.62            2
    250        251,    SUCCESS        2            12            654.5        1710.2            2364.7            2
    223        224,    SUCCESS        2            16            335.76        2040.03            2375.79            2
    170        171,    SUCCESS        2            0            384.23        2009.73            2393.96            2
    238        239,    SUCCESS        2            9            677.84        1805.2            2483.04            2
    210        211,    SUCCESS        2            5            472.37        2018.47            2490.84            2
    268        269,    SUCCESS        2            13            590.59        1926.74            2517.33            2
    244        245,    SUCCESS        2            15            503.43        2023.82            2527.25            2
    271        272,    SUCCESS        2            10            673.45        1922.71            2596.16            2
    237        238,    SUCCESS        2            1            443.28        2237.71            2680.99            2
    166        167,    SUCCESS        2            14            373.85        2315.22            2689.07            2
    266        267,    SUCCESS        2            3            580.8        2137.36            2718.16            2
    203        204,    SUCCESS        2            0            399.99        2393.96            2793.95            2
    225        226,    SUCCESS        2            19            452.11        2348.62            2800.73            2
    252        253,    SUCCESS        2            13            288.43        2517.33            2805.76            2
    265        266,    SUCCESS        2            17            502.14        2331.45            2833.59            2
    254        255,    SUCCESS        2            5            345.17        2490.84            2836.01            2
    226        227,    SUCCESS        2            2            530.22        2322.5            2852.72            2
    255        256,    SUCCESS        2            18            555.66        2323.57            2879.23            2
    221        222,    SUCCESS        2            16            542.16        2375.79            2917.95            2
    274        275,    SUCCESS        2            4            635.43        2299.8            2935.23            2
    197        198,    SUCCESS        2            6            684.08        2306.73            2990.81            2
    202        203,    SUCCESS        2            9            509.15        2483.04            2992.19            2
    164        165,    SUCCESS        2            14            429.78        2689.07            3118.85            2
    192        193,    SUCCESS        2            15            598.21        2527.25            3125.46            2
    259        260,    SUCCESS        2            0            364.54        2793.95            3158.49            2
    264        265,    SUCCESS        2            1            490.21        2680.99            3171.2            2
    218        219,    SUCCESS        2            2            330.73        2852.72            3183.45            2
    211        212,    SUCCESS        2            9            240.43        2992.19            3232.62            2
    212        213,    SUCCESS        2            16            378.53        2917.95            3296.48            2
    261        262,    SUCCESS        2            4            431.44        2935.23            3366.67            2
    275        276,    SUCCESS        2            5            570.61        2836.01            3406.62            2
    236        237,    SUCCESS        2            14            318.05        3118.85            3436.9            2
    276        277,    SUCCESS        2            17            654.53        2833.59            3488.12            2
    258        259,    SUCCESS        2            2            448.33        3183.45            3631.78            2
    185        186,    SUCCESS        2            1            466.98        3171.2            3638.18            2
    246        247,    SUCCESS        2            16            355.27        3296.48            3651.75            2
    233        234,    SUCCESS        2            6            668.85        2990.81            3659.66            2
    239        240,    SUCCESS        2            14            238.75        3436.9            3675.65            2
    224        225,    SUCCESS        2            15            652.99        3125.46            3778.45            2
    257        258,    SUCCESS        2            17            316.71        3488.12            3804.83            2
    242        243,    SUCCESS        2            9            651.13        3232.62            3883.75            2
    209        210,    SUCCESS        2            1            356.06        3638.18            3994.24            2
    220        221,    SUCCESS        2            16            356.51        3651.75            4008.26            2
    279        280,    SUCCESS        2            10            6.07        4008.26            4014.33            3
    359        360,    SUCCESS        2            12            4.47        4014.33            4018.8            4
    336        337,    SUCCESS        2            1            4.67        4014.33            4019            4
    339        340,    SUCCESS        2            10            4.81        4014.33            4019.14            4
    338        339,    SUCCESS        2            0            4.92        4014.33            4019.25            4
    348        349,    SUCCESS        2            16            4.95        4014.33            4019.28            4
    352        353,    SUCCESS        2            19            5.21        4014.33            4019.54            4
    342        343,    SUCCESS        2            11            5.29        4014.33            4019.62            4
    363        364,    SUCCESS        2            17            5.39        4014.33            4019.72            4
    351        352,    SUCCESS        2            3            5.46        4014.33            4019.79            4
    337        338,    SUCCESS        2            7            5.52        4014.33            4019.85            4
    347        348,    SUCCESS        2            8            5.81        4014.33            4020.14            4
    367        368,    SUCCESS        2            17            4.9        4019.72            4024.62            4
    349        350,    SUCCESS        2            0            5.48        4019.25            4024.73            4
    361        362,    SUCCESS        2            19            5.3        4019.54            4024.84            4
    344        345,    SUCCESS        2            11            5.57        4019.62            4025.19            4
    343        344,    SUCCESS        2            7            5.55        4019.85            4025.4            4
    355        356,    SUCCESS        2            8            5.26        4020.14            4025.4            4
    362        363,    SUCCESS        2            19            5.33        4024.84            4030.17            4
    356        357,    SUCCESS        2            8            5.01        4025.4            4030.41            4
    345        346,    SUCCESS        2            7            5.37        4025.4            4030.77            4
    360        361,    SUCCESS        2            7            4.58        4030.77            4035.35            4
    231        232,    SUCCESS        2            5            633.24        3406.62            4039.86            2
    354        355,    SUCCESS        2            5            4.84        4039.86            4044.7            4
    357        358,    SUCCESS        2            5            5.3        4044.7            4050            4
    366        367,    SUCCESS        2            5            5.22        4050            4055.22            4
    269        270,    SUCCESS        2            6            408.79        3659.66            4068.45            2
    234        235,    SUCCESS        2            14            553.23        3675.65            4228.88            2
    284        285,    SUCCESS        2            14            5.48        4228.88            4234.36            3
    340        341,    SUCCESS        2            14            5.29        4234.36            4239.65            4
    341        342,    SUCCESS        2            14            4.85        4239.65            4244.5            4
    358        359,    SUCCESS        2            14            5.19        4244.5            4249.69            4
    262        263,    SUCCESS        2            15            513.21        3778.45            4291.66            2
    490        491,    SUCCESS        2            5            278.47        4055.22            4333.69            5
    232        233,    SUCCESS        2            6            283.18        4068.45            4351.63            2
    365        366,    SUCCESS        2            6            5.09        4351.63            4356.72            4
    493        494,    SUCCESS        2            12            369.72        4019.14            4388.86            5
    270        271,    SUCCESS        2            9            533.77        3883.75            4417.52            2
    278        279,    SUCCESS        2            9            5.28        4417.52            4422.8            3
    288        289,    SUCCESS        2            0            4.43        4422.8            4427.23            4
    292        293,    SUCCESS        2            17            4.72        4422.8            4427.52            4
    290        291,    SUCCESS        2            6            4.94        4422.8            4427.74            4
    301        302,    SUCCESS        2            8            5.19        4422.8            4427.99            4
    346        347,    SUCCESS        2            9            5.35        4422.8            4428.15            4
    285        286,    SUCCESS        2            4            5.45        4422.8            4428.25            4
    505        506,    SUCCESS        2            13            409.87        4019.79            4429.66            5
    305        306,    SUCCESS        2            17            4.74        4427.52            4432.26            4
    289        290,    SUCCESS        2            0            5.2        4427.23            4432.43            4
    293        294,    SUCCESS        2            6            4.91        4427.74            4432.65            4
    350        351,    SUCCESS        2            9            4.64        4428.15            4432.79            4
    307        308,    SUCCESS        2            8            5.29        4427.99            4433.28            4
    298        299,    SUCCESS        2            4            5.14        4428.25            4433.39            4
    319        320,    SUCCESS        2            0            4.87        4432.43            4437.3            4
    294        295,    SUCCESS        2            6            4.76        4432.65            4437.41            4
    306        307,    SUCCESS        2            17            5.36        4432.26            4437.62            4
    364        365,    SUCCESS        2            9            4.94        4432.79            4437.73            4
    317        318,    SUCCESS        2            8            5.03        4433.28            4438.31            4
    334        335,    SUCCESS        2            4            5.1        4433.39            4438.49            4
    302        303,    SUCCESS        2            6            5.13        4437.41            4442.54            4
    309        310,    SUCCESS        2            9            4.94        4437.73            4442.67            4
    314        315,    SUCCESS        2            17            5.27        4437.62            4442.89            4
    324        325,    SUCCESS        2            0            5.83        4437.3            4443.13            4
    327        328,    SUCCESS        2            8            4.93        4438.31            4443.24            4
    315        316,    SUCCESS        2            6            5.28        4442.54            4447.82            4
    330        331,    SUCCESS        2            0            4.8        4443.13            4447.93            4
    318        319,    SUCCESS        2            9            5.26        4442.67            4447.93            4
    329        330,    SUCCESS        2            8            5.92        4443.24            4449.16            4
    332        333,    SUCCESS        2            6            5.06        4447.82            4452.88            4
    322        323,    SUCCESS        2            9            5.22        4447.93            4453.15            4
    331        332,    SUCCESS        2            9            5.07        4453.15            4458.22            4
    335        336,    SUCCESS        2            9            4.95        4458.22            4463.17            4
    503        504,    SUCCESS        2            10            489.35        4024.73            4514.09            5
    510        511,    SUCCESS        2            14            291.21        4249.69            4540.9            5
    506        507,    SUCCESS        2            18            552.16        4019.54            4571.7            5
    514        515,    SUCCESS        2            2            543.64        4035.35            4578.99            5
    297        298,    SUCCESS        2            2            5.48        4578.99            4584.47            4
    312        313,    SUCCESS        2            2            5.27        4584.47            4589.74            4
    272        273,    SUCCESS        2            15            312.92        4291.66            4604.58            2
    517        518,    SUCCESS        2            16            601.18        4019.72            4620.91            5
    311        312,    SUCCESS        2            16            5.63        4620.91            4626.54            4
    502        503,    SUCCESS        2            7            612.29        4035.35            4647.64            5
    513        514,    SUCCESS        2            19            642.01        4030.17            4672.18            5
    492        493,    SUCCESS        2            3            670.47        4019.79            4690.26            5
    496        497,    SUCCESS        2            1            671.23        4019.62            4690.85            5
    519        520,    SUCCESS        2            11            338.59        4356.72            4695.32            5
    295        296,    SUCCESS        2            1            5.1        4690.85            4695.95            4
    286        287,    SUCCESS        2            11            5.4        4695.32            4700.72            4
    316        317,    SUCCESS        2            11            5.2        4700.72            4705.92            4
    516        517,    SUCCESS        2            13            286.41        4429.66            4716.07            5
    287        288,    SUCCESS        2            13            5.18        4716.07            4721.25            4
    325        326,    SUCCESS        2            13            5.5        4721.25            4726.75            4
    481        482,    SUCCESS        2            6            291.13        4452.88            4744.01            5
    491        492,    SUCCESS        2            12            359.26        4388.86            4748.12            5
    494        495,    SUCCESS        2            14            240.7        4540.9            4781.6            5
    310        311,    SUCCESS        2            14            5.58        4781.6            4787.18            4
    456        457,    SUCCESS        2            4            356.85        4442.54            4799.4            5
    443        444,    SUCCESS        2            16            253.98        4626.54            4880.52            5
    459        460,    SUCCESS        2            13            233.17        4726.75            4959.92            5
    469        470,    SUCCESS        2            8            515.17        4449.16            4964.33            5
    439        440,    SUCCESS        2            2            386.57        4589.74            4976.31            5
    515        516,    SUCCESS        2            5            675.93        4333.69            5009.62            5
    441        442,    SUCCESS        2            9            312.94        4721.25            5034.2            5
    273        274,    SUCCESS        2            15            438.7        4604.58            5043.28            2
    353        354,    SUCCESS        2            15            5.41        5043.28            5048.69            4
    509        510,    SUCCESS        2            7            405.39        4647.64            5053.03            5
    497        498,    SUCCESS        2            10            578.32        4514.09            5092.41            5
    308        309,    SUCCESS        2            10            4.62        5092.41            5097.03            4
    521        522,    SUCCESS        2            18            527.93        4571.7            5099.63            5
    483        484,    SUCCESS        2            4            322.24        4799.4            5121.64            5
    449        450,    SUCCESS        2            17            455.76        4695.95            5151.71            5
    504        505,    SUCCESS        2            11            448.53        4705.92            5154.45            5
    472        473,    SUCCESS        2            6            428.23        4744.01            5172.24            5
    473        474,    SUCCESS        2            19            570.65        4672.18            5242.83            5
    442        443,    SUCCESS        2            3            568.07        4690.26            5258.33            5
    495        496,    SUCCESS        2            12            544.54        4748.12            5292.66            5
    512        513,    SUCCESS        2            7            244.01        5053.03            5297.04            5
    299        300,    SUCCESS        2            12            5.23        5292.66            5297.89            4
    291        292,    SUCCESS        2            7            5.04        5297.04            5302.08            4
    304        305,    SUCCESS        2            12            5.48        5297.89            5303.37            4
    303        304,    SUCCESS        2            7            5.42        5302.08            5307.5            4
    508        509,    SUCCESS        2            5            340.49        5009.62            5350.11            5
    280        281,    SUCCESS        2            5            5.91        5350.11            5356.02            3
    373        374,    SUCCESS        2            17            4.53        5356.02            5360.55            4
    300        301,    SUCCESS        2            5            4.91        5356.02            5360.93            4
    379        380,    SUCCESS        2            6            4.95        5356.02            5360.97            4
    393        394,    SUCCESS        2            0            5.25        5356.02            5361.27            4
    374        375,    SUCCESS        2            11            5.45        5356.02            5361.47            4
    394        395,    SUCCESS        2            8            5.59        5356.02            5361.61            4
    391        392,    SUCCESS        2            6            4.65        5360.97            5365.62            4
    313        314,    SUCCESS        2            5            4.8        5360.93            5365.73            4
    376        377,    SUCCESS        2            17            5.33        5360.55            5365.88            4
    383        384,    SUCCESS        2            11            5.14        5361.47            5366.61            4
    321        322,    SUCCESS        2            5            5.06        5365.73            5370.79            4
    392        393,    SUCCESS        2            17            5.79        5365.88            5371.67            4
    395        396,    SUCCESS        2            11            5.2        5366.61            5371.81            4
    333        334,    SUCCESS        2            5            4.86        5370.79            5375.65            4
    488        489,    SUCCESS        2            1            682.62        4695.95            5378.57            5
    466        467,    SUCCESS        2            13            557.71        4959.92            5517.63            5
    368        369,    SUCCESS        2            13            5.37        5517.63            5523            4
    377        378,    SUCCESS        2            13            4.91        5523            5527.91            4
    380        381,    SUCCESS        2            13            5.03        5527.91            5532.94            4
    452        453,    SUCCESS        2            2            558.06        4976.31            5534.37            5
    398        399,    SUCCESS        2            13            4.29        5532.94            5537.23            4
    460        461,    SUCCESS        2            19            332.87        5242.83            5575.7            5
    499        500,    SUCCESS        2            18            506.6        5099.63            5606.23            5
    296        297,    SUCCESS        2            18            5.51        5606.23            5611.74            4
    476        477,    SUCCESS        2            1            236.42        5378.57            5614.99            5
    320        321,    SUCCESS        2            18            4.66        5611.74            5616.4            4
    369        370,    SUCCESS        2            1            5.09        5614.99            5620.08            4
    323        324,    SUCCESS        2            18            5.51        5616.4            5621.91            4
    381        382,    SUCCESS        2            1            5.15        5620.08            5625.23            4
    326        327,    SUCCESS        2            18            4.92        5621.91            5626.83            4
    388        389,    SUCCESS        2            1            4.73        5625.23            5629.96            4
    390        391,    SUCCESS        2            1            5.06        5629.96            5635.02            4
    475        476,    SUCCESS        2            9            292.94        5370.79            5663.74            5
    465        466,    SUCCESS        2            4            552.24        5121.64            5673.88            5
    396        397,    SUCCESS        2            4            5.19        5673.88            5679.07            4
    518        519,    SUCCESS        2            10            591.37        5097.03            5688.4            5
    501        502,    SUCCESS        2            15            664.3        5048.69            5712.99            5
    527        528,    SUCCESS        2            13            246.51        5537.23            5783.74            5
    455        456,    SUCCESS        2            7            504.63        5307.5            5812.13            5
    471        472,    SUCCESS        2            5            452.33        5375.65            5827.98            5
    454        455,    SUCCESS        2            0            484.34        5361.27            5845.61            5
    487        488,    SUCCESS        2            17            487.07        5375.65            5862.72            5
    444        445,    SUCCESS        2            3            619.2        5258.33            5877.53            5
    446        447,    SUCCESS        2            12            621.04        5303.37            5924.41            5
    468        469,    SUCCESS        2            10            251.47        5688.4            5939.87            5
    464        465,    SUCCESS        2            19            369.83        5575.7            5945.53            5
    375        376,    SUCCESS        2            19            5.71        5945.53            5951.24            4
    522        523,    SUCCESS        2            8            474.87        5523            5997.87            5
    447        448,    SUCCESS        2            18            386.25        5626.83            6013.08            5
    463        464,    SUCCESS        2            2            480.27        5534.37            6014.64            5
    534        535,    SUCCESS        2            13            288.44        5783.74            6072.18            5
    450        451,    SUCCESS        2            16            503.43        5611.74            6115.18            5
    544        545,    SUCCESS        2            14            536.38        5635.02            6171.4            5
    440        441,    SUCCESS        2            7            436.69        5812.13            6248.82            5
    546        547,    SUCCESS        2            4            606.33        5679.07            6285.4            5
    500        501,    SUCCESS        2            3            414.89        5877.53            6292.42            5
    498        499,    SUCCESS        2            15            583        5712.99            6295.99            5
    533        534,    SUCCESS        2            0            462.78        5845.61            6308.39            5
    542        543,    SUCCESS        2            8            317.25        5997.87            6315.12            5
    461        462,    SUCCESS        2            12            439.46        5924.41            6363.87            5
    484        485,    SUCCESS        2            18            360.94        6013.08            6374.02            5
    378        379,    SUCCESS        2            18            4.67        6374.02            6378.69            4
    549        550,    SUCCESS        2            19            443.02        5951.24            6394.26            5
    486        487,    SUCCESS        2            5            584.54        5827.98            6412.52            5
    453        454,    SUCCESS        2            10            587.69        5939.87            6527.56            5
    371        372,    SUCCESS        2            10            5.27        6527.56            6532.83            4
    550        551,    SUCCESS        2            17            670.97        5862.72            6533.69            5
    389        390,    SUCCESS        2            10            5.13        6532.83            6537.96            4
    451        452,    SUCCESS        2            3            257.11        6292.42            6549.53            5
    511        512,    SUCCESS        2            15            313.51        6295.99            6609.5            5
    480        481,    SUCCESS        2            0            316.11        6308.39            6624.5            5
    552        553,    SUCCESS        2            13            652.36        6072.18            6724.54            5
    531        532,    SUCCESS        2            4            484.61        6285.4            6770.01            5
    457        458,    SUCCESS        2            3            274.14        6549.53            6823.67            5
    382        383,    SUCCESS        2            3            4.83        6823.67            6828.5            4
    385        386,    SUCCESS        2            3            5.6        6828.5            6834.1            4
    386        387,    SUCCESS        2            3            5.24        6834.1            6839.34            4
    478        479,    SUCCESS        2            12            482.63        6363.87            6846.5            5
    281        282,    SUCCESS        2            12            5.43        6846.5            6851.93            3
    420        421,    SUCCESS        2            19            5        6851.93            6856.93            4
    401        402,    SUCCESS        2            6            5.05        6851.93            6856.98            4
    424        425,    SUCCESS        2            11            5.05        6851.93            6856.98            4
    413        414,    SUCCESS        2            4            5.11        6851.93            6857.04            4
    405        406,    SUCCESS        2            2            5.15        6851.93            6857.08            4
    403        404,    SUCCESS        2            14            5.28        6851.93            6857.21            4
    282        283,    SUCCESS        2            12            5.5        6851.93            6857.43            3
    418        419,    SUCCESS        2            14            4.32        6857.21            6861.53            4
    406        407,    SUCCESS        2            6            4.66        6856.98            6861.64            4
    283        284,    SUCCESS        2            12            4.87        6857.43            6862.3            3
    428        429,    SUCCESS        2            11            5.39        6857.43            6862.82            4
    427        428,    SUCCESS        2            6            4.8        6861.64            6866.44            4
    436        437,    SUCCESS        2            11            4.92        6862.82            6867.74            4
    470        471,    SUCCESS        2            7            625.64        6248.82            6874.46            5
    525        526,    SUCCESS        2            17            420.93        6533.69            6954.62            5
    485        486,    SUCCESS        2            5            623.72        6412.52            7036.24            5
    530        531,    SUCCESS        2            18            681.35        6378.69            7060.04            5
    528        529,    SUCCESS        2            10            524.73        6537.96            7062.69            5
    416        417,    SUCCESS        2            18            5.43        7060.04            7065.47            4
    410        411,    SUCCESS        2            10            5.23        7062.69            7067.92            4
    432        433,    SUCCESS        2            18            5.41        7065.47            7070.88            4
    520        521,    SUCCESS        2            15            499.19        6609.5            7108.69            5
    328        329,    SUCCESS        2            15            4.83        7108.69            7113.52            4
    477        478,    SUCCESS        2            13            441.12        6724.54            7165.66            5
    555        556,    SUCCESS        2            16            351.15        6856.98            7208.13            5
    547        548,    SUCCESS        2            12            369.6        6862.3            7231.9            5
    539        540,    SUCCESS        2            8            436.29        6834.1            7270.39            5
    423        424,    SUCCESS        2            8            5.56        7270.39            7275.95            4
    425        426,    SUCCESS        2            8            5.58        7275.95            7281.53            4
    543        544,    SUCCESS        2            17            344.14        6954.62            7298.76            5
    408        409,    SUCCESS        2            17            5.85        7298.76            7304.61            4
    412        413,    SUCCESS        2            17            5.12        7304.61            7309.73            4
    414        415,    SUCCESS        2            17            5.03        7309.73            7314.76            4
    536        537,    SUCCESS        2            0            532.35        6828.5            7360.85            5
    409        410,    SUCCESS        2            0            5.26        7360.85            7366.11            4
    419        420,    SUCCESS        2            0            5.07        7366.11            7371.18            4
    422        423,    SUCCESS        2            0            4.82        7371.18            7376            4
    429        430,    SUCCESS        2            0            4.84        7376            7380.84            4
    540        541,    SUCCESS        2            1            595        6839.34            7434.35            5
    548        549,    SUCCESS        2            3            595.11        6839.34            7434.46            5
    431        432,    SUCCESS        2            1            4.97        7434.35            7439.32            4
    400        401,    SUCCESS        2            3            4.97        7434.46            7439.43            4
    433        434,    SUCCESS        2            1            5.05        7439.32            7444.37            4
    434        435,    SUCCESS        2            1            5.13        7444.37            7449.5            4
    437        438,    SUCCESS        2            1            4.21        7449.5            7453.71            4
    479        480,    SUCCESS        2            7            615.55        6874.46            7490.01            5
    482        483,    SUCCESS        2            9            404.62        7113.52            7518.14            5
    574        575,    SUCCESS        2            10            494.8        7067.92            7562.72            5
    435        436,    SUCCESS        2            10            4.96        7562.72            7567.68            4
    563        564,    SUCCESS        2            2            233.42        7366.11            7599.54            5
    579        580,    SUCCESS        2            6            330.73        7281.53            7612.26            5
    581        582,    SUCCESS        2            18            563.87        7070.88            7634.75            5
    489        490,    SUCCESS        2            5            637.57        7036.24            7673.81            5
    578        579,    SUCCESS        2            17            369.4        7314.76            7684.16            5
    448        449,    SUCCESS        2            15            591.16        7113.52            7704.68            5
    384        385,    SUCCESS        2            15            5.25        7704.68            7709.93            4
    577        578,    SUCCESS        2            4            446.31        7275.95            7722.27            5
    568        569,    SUCCESS        2            11            467.09        7314.76            7781.86            5
    532        533,    SUCCESS        2            13            621.23        7165.66            7786.89            5
    399        400,    SUCCESS        2            13            4.88        7786.89            7791.77            4
    415        416,    SUCCESS        2            13            5.39        7791.77            7797.16            4
    545        546,    SUCCESS        2            12            594.15        7231.9            7826.05            5
    566        567,    SUCCESS        2            19            516.89        7309.73            7826.63            5
    567        568,    SUCCESS        2            16            690.1        7208.13            7898.23            5
    430        431,    SUCCESS        2            16            5.04        7898.23            7903.27            4
    562        563,    SUCCESS        2            8            623.52        7304.61            7928.14            5
    564        565,    SUCCESS        2            1            500.94        7453.71            7954.65            5
    576        577,    SUCCESS        2            10            408.63        7567.68            7976.31            5
    462        463,    SUCCESS        2            7            525.97        7490.01            8015.98            5
    370        371,    SUCCESS        2            7            5.25        8015.98            8021.23            4
    523        524,    SUCCESS        2            15            313.17        7709.93            8023.1            5
    372        373,    SUCCESS        2            7            5.24        8021.23            8026.47            4
    426        427,    SUCCESS        2            15            4.48        8023.1            8027.58            4
    397        398,    SUCCESS        2            7            5.33        8026.47            8031.8            4
    402        403,    SUCCESS        2            7            5.17        8031.8            8036.97            4
    407        408,    SUCCESS        2            7            4.46        8036.97            8041.43            4
    411        412,    SUCCESS        2            7            4.89        8041.43            8046.32            4
    417        418,    SUCCESS        2            7            4.85        8046.32            8051.17            4
    557        558,    SUCCESS        2            17            385.84        7684.16            8070            5
    553        554,    SUCCESS        2            9            278.76        7791.77            8070.53            5
    554        555,    SUCCESS        2            0            637.51        7439.43            8076.94            5
    467        468,    SUCCESS        2            12            266.12        7826.05            8092.17            5
    507        508,    SUCCESS        2            5            418.46        7673.81            8092.28            5
    559        560,    SUCCESS        2            3            677.33        7439.43            8116.76            5
    438        439,    SUCCESS        2            3            4.71        8116.76            8121.47            4
    591        592,    SUCCESS        2            11            410.98        7781.86            8192.84            5
    538        539,    SUCCESS        2            1            264        7954.65            8218.65            5
    569        570,    SUCCESS        2            4            465.54        7797.16            8262.7            5
    594        595,    SUCCESS        2            4            4.82        8262.7            8267.52            6
    573        574,    SUCCESS        2            13            507.92        7797.16            8305.08            5
    585        586,    SUCCESS        2            8            449.6        7928.14            8377.74            5
    580        581,    SUCCESS        2            14            397.31        8027.58            8424.89            5
    584        585,    SUCCESS        2            19            570.87        7903.27            8474.14            5
    582        583,    SUCCESS        2            17            415.95        8070            8485.95            5
    590        591,    SUCCESS        2            3            374.32        8121.47            8495.79            5
    572        573,    SUCCESS        2            16            619.28        7903.27            8522.55            5
    561        562,    SUCCESS        2            10            482.59        8041.43            8524.02            5
    586        587,    SUCCESS        2            15            550.65        8027.58            8578.23            5
    445        446,    SUCCESS        2            5            492.19        8092.28            8584.47            5
    560        561,    SUCCESS        2            7            601.33        8051.17            8652.5            5
    537        538,    SUCCESS        2            12            605.18        8092.17            8697.35            5
    526        527,    SUCCESS        2            8            388.35        8377.74            8766.09            5
    592        593,    SUCCESS        2            2            656.57        8121.47            8778.04            5
    599        600,    SUCCESS        2            4            5.36        8778.04            8783.4            6
    565        566,    SUCCESS        2            19            310.96        8474.14            8785.1            5
    588        589,    SUCCESS        2            16            266.08        8522.55            8788.63            5
    551        552,    SUCCESS        2            11            642.46        8192.84            8835.3            5
    587        588,    SUCCESS        2            3            488.52        8495.79            8984.31            5
    524        525,    SUCCESS        2            7            333.07        8652.5            8985.57            5
    458        459,    SUCCESS        2            5            479.1        8584.47            9063.57            5
    474        475,    SUCCESS        2            12            370.25        8697.35            9067.6            5
    387        388,    SUCCESS        2            5            5.27        9063.57            9068.84            4
    421        422,    SUCCESS        2            12            5.07        9067.6            9072.67            4
    589        590,    SUCCESS        2            17            637.99        8485.95            9123.94            5
    571        572,    SUCCESS        2            10            655.06        8524.02            9179.08            5
    598        599,    SUCCESS        2            10            5.45        9179.08            9184.53            6
    583        584,    SUCCESS        2            15            625.3        8578.23            9203.53            5
    593        594,    SUCCESS        2            15            5.07        9203.53            9208.6            6
    597        598,    SUCCESS        2            12            5.33        9203.53            9208.86            6
    535        536,    SUCCESS        2            5            344.99        9068.84            9413.83            5
    575        576,    SUCCESS        2            6            572.38        9072.67            9645.05            5
    556        557,    SUCCESS        2            17            556.38        9123.94            9680.32            5
    541        542,    SUCCESS        2            18            682.18        9068.84            9751.02            5
    529        530,    SUCCESS        2            5            387.52        9413.83            9801.35            5
    404        405,    SUCCESS        2            5            5.23        9801.35            9806.58            4
    595        596,    SUCCESS        2            17            5.73        9801.35            9807.08            6
    558        559,    SUCCESS        2            16            387.67        9806.58            10194.25            5
    570        571,    SUCCESS        2            5            545.81        9806.58            10352.39            5
    596        597,    SUCCESS        2            12            5.66        10352.39            10358.04            6