========== OUTPUT ==========
Job ID    Task ID    STATUS    Data center ID    VM ID        Time    Start Time    Finish Time    Depth
    800        Stage-in    SUCCESS        2            13            0.11        0.1            0.21            0
    1        2,    SUCCESS        2            17            19.96        0.21            20.17            1
    4        5,    SUCCESS        2            19            20.33        0.21            20.54            1
    56        57,    SUCCESS        2            3            20.35        0.21            20.56            1
    10        11,    SUCCESS        2            8            20.38        0.21            20.59            1
    88        89,    SUCCESS        2            4            20.5        0.21            20.71            1
    13        14,    SUCCESS        2            18            20.55        0.21            20.76            1
    0        1,    SUCCESS        2            13            20.56        0.21            20.77            1
    3        4,    SUCCESS        2            6            20.64        0.21            20.85            1
    70        71,    SUCCESS        2            12            20.65        0.21            20.86            1
    36        37,    SUCCESS        2            0            20.67        0.21            20.88            1
    2        3,    SUCCESS        2            15            20.75        0.21            20.96            1
    8        9,    SUCCESS        2            1            20.86        0.21            21.07            1
    7        8,    SUCCESS        2            14            20.99        0.21            21.2            1
    25        26,    SUCCESS        2            9            21.01        0.21            21.22            1
    9        10,    SUCCESS        2            2            21.04        0.21            21.25            1
    6        7,    SUCCESS        2            10            21.17        0.21            21.38            1
    12        13,    SUCCESS        2            7            21.22        0.21            21.43            1
    42        43,    SUCCESS        2            5            21.28        0.21            21.49            1
    18        19,    SUCCESS        2            11            21.42        0.21            21.63            1
    17        18,    SUCCESS        2            16            21.75        0.21            21.96            1
    41        42,    SUCCESS        2            15            16.99        20.96            37.95            1
    20        21,    SUCCESS        2            17            18.06        20.17            38.23            1
    53        54,    SUCCESS        2            0            17.48        20.88            38.36            1
    35        36,    SUCCESS        2            6            17.62        20.85            38.47            1
    32        33,    SUCCESS        2            18            17.71        20.76            38.47            1
    47        48,    SUCCESS        2            9            17.5        21.22            38.72            1
    15        16,    SUCCESS        2            1            17.76        21.07            38.83            1
    60        61,    SUCCESS        2            3            18.27        20.56            38.83            1
    5        6,    SUCCESS        2            13            18.06        20.77            38.83            1
    16        17,    SUCCESS        2            8            18.35        20.59            38.94            1
    108        109,    SUCCESS        2            12            18.08        20.86            38.94            1
    106        107,    SUCCESS        2            4            18.53        20.71            39.24            1
    19        20,    SUCCESS        2            19            18.92        20.54            39.46            1
    21        22,    SUCCESS        2            14            18.37        21.2            39.57            1
    48        49,    SUCCESS        2            7            18.25        21.43            39.68            1
    11        12,    SUCCESS        2            2            18.54        21.25            39.79            1
    54        55,    SUCCESS        2            5            18.3        21.49            39.79            1
    28        29,    SUCCESS        2            16            18.05        21.96            40.01            1
    14        15,    SUCCESS        2            10            18.74        21.38            40.12            1
    86        87,    SUCCESS        2            11            18.49        21.63            40.12            1
    59        60,    SUCCESS        2            15            17.83        37.95            55.78            1
    29        30,    SUCCESS        2            17            17.73        38.23            55.96            1
    61        62,    SUCCESS        2            9            17.35        38.72            56.07            1
    65        66,    SUCCESS        2            0            17.89        38.36            56.25            1
    37        38,    SUCCESS        2            18            18.02        38.47            56.49            1
    68        69,    SUCCESS        2            6            18.51        38.47            56.98            1
    50        51,    SUCCESS        2            1            18.26        38.83            57.09            1
    107        108,    SUCCESS        2            4            17.85        39.24            57.09            1
    119        120,    SUCCESS        2            12            18.15        38.94            57.09            1
    22        23,    SUCCESS        2            13            18.26        38.83            57.09            1
    27        28,    SUCCESS        2            19            17.63        39.46            57.09            1
    93        94,    SUCCESS        2            3            18.37        38.83            57.2            1
    24        25,    SUCCESS        2            8            18.49        38.94            57.43            1
    33        34,    SUCCESS        2            2            17.75        39.79            57.54            1
    120        121,    SUCCESS        2            11            17.42        40.12            57.54            1
    63        64,    SUCCESS        2            5            18.09        39.79            57.88            1
    57        58,    SUCCESS        2            7            18.31        39.68            57.99            1
    31        32,    SUCCESS        2            14            18.53        39.57            58.1            1
    44        45,    SUCCESS        2            16            18.09        40.01            58.1            1
    23        24,    SUCCESS        2            10            18.22        40.12            58.34            1
    77        78,    SUCCESS        2            17            17.45        55.96            73.41            1
    84        85,    SUCCESS        2            15            17.95        55.78            73.73            1
    67        68,    SUCCESS        2            0            17.75        56.25            74            1
    121        122,    SUCCESS        2            9            18.22        56.07            74.29            1
    69        70,    SUCCESS        2            18            18.1        56.49            74.59            1
    39        40,    SUCCESS        2            19            17.5        57.09            74.59            1
    52        53,    SUCCESS        2            13            17.74        57.09            74.83            1
    51        52,    SUCCESS        2            1            18.01        57.09            75.1            1
    134        135,    SUCCESS        2            12            18.15        57.09            75.24            1
    99        100,    SUCCESS        2            6            18.37        56.98            75.35            1
    105        106,    SUCCESS        2            3            18.26        57.2            75.46            1
    118        119,    SUCCESS        2            4            18.55        57.09            75.64            1
    80        81,    SUCCESS        2            2            18.21        57.54            75.75            1
    30        31,    SUCCESS        2            8            18.32        57.43            75.75            1
    143        144,    SUCCESS        2            11            18.21        57.54            75.75            1
    64        65,    SUCCESS        2            7            17.88        57.99            75.87            1
    72        73,    SUCCESS        2            5            18.11        57.88            75.99            1
    38        39,    SUCCESS        2            14            18.26        58.1            76.36            1
    26        27,    SUCCESS        2            10            18.13        58.34            76.47            1
    89        90,    SUCCESS        2            16            18.48        58.1            76.58            1
    45        46,    SUCCESS        2            19            17.28        74.59            91.87            1
    74        75,    SUCCESS        2            0            17.98        74            91.98            1
    138        139,    SUCCESS        2            17            18.68        73.41            92.09            1
    151        152,    SUCCESS        2            9            18.24        74.29            92.53            1
    79        80,    SUCCESS        2            13            17.84        74.83            92.67            1
    73        74,    SUCCESS        2            1            17.9        75.1            93            1
    95        96,    SUCCESS        2            18            18.52        74.59            93.11            1
    104        105,    SUCCESS        2            15            19.63        73.73            93.36            1
    34        35,    SUCCESS        2            8            17.95        75.75            93.7            1
    149        150,    SUCCESS        2            11            18.06        75.75            93.81            1
    125        126,    SUCCESS        2            6            18.57        75.35            93.92            1
    75        76,    SUCCESS        2            5            18.04        75.99            94.03            1
    83        84,    SUCCESS        2            7            18.16        75.87            94.03            1
    94        95,    SUCCESS        2            2            18.42        75.75            94.17            1
    131        132,    SUCCESS        2            4            18.64        75.64            94.28            1
    137        138,    SUCCESS        2            12            19.04        75.24            94.28            1
    135        136,    SUCCESS        2            3            18.93        75.46            94.39            1
    49        50,    SUCCESS        2            10            18.03        76.47            94.5            1
    126        127,    SUCCESS        2            16            17.92        76.58            94.5            1
    43        44,    SUCCESS        2            14            18.25        76.36            94.61            1
    139        140,    SUCCESS        2            17            17.65        92.09            109.74            1
    46        47,    SUCCESS        2            19            18.21        91.87            110.08            1
    102        103,    SUCCESS        2            0            18.27        91.98            110.25            1
    109        110,    SUCCESS        2            13            18.07        92.67            110.74            1
    157        158,    SUCCESS        2            9            18.41        92.53            110.94            1
    76        77,    SUCCESS        2            1            18.37        93            111.37            1
    100        101,    SUCCESS        2            18            18.51        93.11            111.62            1
    124        125,    SUCCESS        2            15            18.45        93.36            111.81            1
    129        130,    SUCCESS        2            6            18        93.92            111.92            1
    87        88,    SUCCESS        2            7            18        94.03            112.03            1
    40        41,    SUCCESS        2            8            18.33        93.7            112.03            1
    58        59,    SUCCESS        2            10            17.53        94.5            112.03            1
    164        165,    SUCCESS        2            11            18.33        93.81            112.14            1
    142        143,    SUCCESS        2            4            18.02        94.28            112.3            1
    82        83,    SUCCESS        2            5            18.42        94.03            112.45            1
    141        142,    SUCCESS        2            12            18.28        94.28            112.56            1
    128        129,    SUCCESS        2            16            18.17        94.5            112.67            1
    62        63,    SUCCESS        2            14            18.17        94.61            112.78            1
    117        118,    SUCCESS        2            2            18.72        94.17            112.89            1
    145        146,    SUCCESS        2            3            18.5        94.39            112.89            1
    148        149,    SUCCESS        2            17            18.22        109.74            127.96            1
    123        124,    SUCCESS        2            0            18.03        110.25            128.28            1
    55        56,    SUCCESS        2            19            18.5        110.08            128.58            1
    158        159,    SUCCESS        2            9            18.13        110.94            129.07            1
    110        111,    SUCCESS        2            13            18.44        110.74            129.18            1
    122        123,    SUCCESS        2            1            17.92        111.37            129.29            1
    81        82,    SUCCESS        2            8            17.74        112.03            129.77            1
    136        137,    SUCCESS        2            6            17.96        111.92            129.88            1
    101        102,    SUCCESS        2            18            18.26        111.62            129.88            1
    66        67,    SUCCESS        2            10            18.25        112.03            130.28            1
    159        160,    SUCCESS        2            4            18.09        112.3            130.39            1
    90        91,    SUCCESS        2            7            18.36        112.03            130.39            1
    180        181,    SUCCESS        2            11            18.36        112.14            130.5            1
    112        113,    SUCCESS        2            14            17.88        112.78            130.66            1
    162        163,    SUCCESS        2            3            17.88        112.89            130.77            1
    147        148,    SUCCESS        2            15            18.96        111.81            130.77            1
    155        156,    SUCCESS        2            16            18.21        112.67            130.88            1
    91        92,    SUCCESS        2            5            18.54        112.45            130.99            1
    156        157,    SUCCESS        2            12            18.61        112.56            131.17            1
    150        151,    SUCCESS        2            2            18.52        112.89            131.41            1
    170        171,    SUCCESS        2            17            17.55        127.96            145.51            1
    113        114,    SUCCESS        2            19            17.04        128.58            145.62            1
    181        182,    SUCCESS        2            1            17.79        129.29            147.08            1
    111        112,    SUCCESS        2            13            18.35        129.18            147.53            1
    115        116,    SUCCESS        2            8            18        129.77            147.77            1
    103        104,    SUCCESS        2            7            17.78        130.39            148.17            1
    167        168,    SUCCESS        2            9            19.1        129.07            148.17            1
    177        178,    SUCCESS        2            4            17.98        130.39            148.37            1
    165        166,    SUCCESS        2            18            18.6        129.88            148.48            1
    71        72,    SUCCESS        2            10            18.31        130.28            148.59            1
    127        128,    SUCCESS        2            14            17.93        130.66            148.59            1
    154        155,    SUCCESS        2            6            18.82        129.88            148.7            1
    166        167,    SUCCESS        2            12            17.53        131.17            148.7            1
    192        193,    SUCCESS        2            11            18.48        130.5            148.98            1
    152        153,    SUCCESS        2            2            17.68        131.41            149.09            1
    163        164,    SUCCESS        2            3            18.43        130.77            149.2            1
    169        170,    SUCCESS        2            15            18.54        130.77            149.31            1
    92        93,    SUCCESS        2            5            18.53        130.99            149.52            1
    187        188,    SUCCESS        2            17            17.55        145.51            163.06            1
    133        134,    SUCCESS        2            19            18.13        145.62            163.75            1
    186        187,    SUCCESS        2            1            17.24        147.08            164.32            1
    132        133,    SUCCESS        2            13            18.17        147.53            165.7            1
    171        172,    SUCCESS        2            8            18.45        147.77            166.22            1
    183        184,    SUCCESS        2            6            17.63        148.7            166.33            1
    116        117,    SUCCESS        2            7            18.16        148.17            166.33            1
    153        154,    SUCCESS        2            2            17.92        149.09            167.01            1
    191        192,    SUCCESS        2            3            17.92        149.2            167.12            1
    188        189,    SUCCESS        2            9            18.95        148.17            167.12            1
    78        79,    SUCCESS        2            10            18.53        148.59            167.12            1
    140        141,    SUCCESS        2            14            18.53        148.59            167.12            1
    184        185,    SUCCESS        2            15            18.26        149.31            167.57            1
    173        174,    SUCCESS        2            19            17.81        163.75            181.56            1
    161        162,    SUCCESS        2            13            17.78        165.7            183.48            1
    160        161,    SUCCESS        2            7            17.37        166.33            183.7            1
    179        180,    SUCCESS        2            8            17.59        166.22            183.81            1
    85        86,    SUCCESS        2            10            17.82        167.12            184.94            1
    174        175,    SUCCESS        2            2            18.23        167.01            185.24            1
    144        145,    SUCCESS        2            14            18.44        167.12            185.56            1
    185        186,    SUCCESS        2            15            18.28        167.57            185.85            1
    175        176,    SUCCESS        2            7            17.48        183.7            201.18            1
    176        177,    SUCCESS        2            13            17.96        183.48            201.44            1
    182        183,    SUCCESS        2            8            17.88        183.81            201.69            1
    96        97,    SUCCESS        2            10            18.09        184.94            203.03            1
    168        169,    SUCCESS        2            14            18.19        185.56            203.75            1
    190        191,    SUCCESS        2            15            18.25        185.85            204.1            1
    178        179,    SUCCESS        2            7            17.91        201.18            219.09            1
    189        190,    SUCCESS        2            13            17.76        201.44            219.2            1
    97        98,    SUCCESS        2            10            17.67        203.03            220.7            1
    98        99,    SUCCESS        2            10            17.19        220.7            237.89            1
    114        115,    SUCCESS        2            10            18.47        237.89            256.36            1
    130        131,    SUCCESS        2            10            18.26        256.36            274.62            1
    146        147,    SUCCESS        2            10            18.25        274.62            292.87            1
    172        173,    SUCCESS        2            10            18.21        292.87            311.08            1
    210        211,    SUCCESS        2            12            277.67        148.7            426.37            2
    194        195,    SUCCESS        2            1            300.24        164.32            464.56            2
    208        209,    SUCCESS        2            6            347.44        166.33            513.77            2
    197        198,    SUCCESS        2            18            401.68        148.48            550.16            2
    202        203,    SUCCESS        2            4            462.43        148.37            610.8            2
    249        250,    SUCCESS        2            8            412.56        201.69            614.25            2
    199        200,    SUCCESS        2            5            506.44        149.52            655.96            2
    218        219,    SUCCESS        2            19            552        181.56            733.56            2
    212        213,    SUCCESS        2            16            602.79        130.88            733.67            2
    226        227,    SUCCESS        2            3            567.42        167.12            734.54            2
    193        194,    SUCCESS        2            15            549.57        204.1            753.67            2
    258        259,    SUCCESS        2            2            570.65        185.24            755.89            2
    205        206,    SUCCESS        2            0            647.11        128.28            775.39            2
    301        302,    SUCCESS        2            13            562.39        219.2            781.59            2
    225        226,    SUCCESS        2            17            630.44        163.06            793.5            2
    246        247,    SUCCESS        2            14            591.09        203.75            794.84            2
    195        196,    SUCCESS        2            11            647.66        148.98            796.64            2
    281        282,    SUCCESS        2            7            585.73        219.09            804.82            2
    206        207,    SUCCESS        2            1            369.81        464.56            834.37            2
    203        204,    SUCCESS        2            9            682.18        167.12            849.3            2
    209        210,    SUCCESS        2            4            273.73        610.8            884.53            2
    240        241,    SUCCESS        2            5            239.65        655.96            895.61            2
    221        222,    SUCCESS        2            6            436.52        513.77            950.29            2
    313        314,    SUCCESS        2            3            230.71        734.54            965.25            2
    201        202,    SUCCESS        2            10            684.93        311.08            996.01            2
    204        205,    SUCCESS        2            12            613.14        426.37            1039.51            2
    200        201,    SUCCESS        2            11            258.55        796.64            1055.19            2
    241        242,    SUCCESS        2            18            508.12        550.16            1058.28            2
    214        215,    SUCCESS        2            7            303.78        804.82            1108.6            2
    228        229,    SUCCESS        2            17            324.45        793.5            1117.95            2
    299        300,    SUCCESS        2            14            338.49        794.84            1133.33            2
    207        208,    SUCCESS        2            8            555.76        614.25            1170.01            2
    252        253,    SUCCESS        2            16            439.35        733.67            1173.02            2
    244        245,    SUCCESS        2            13            405.05        781.59            1186.64            2
    297        298,    SUCCESS        2            2            483.12        755.89            1239.01            2
    288        289,    SUCCESS        2            6            304.59        950.29            1254.88            2
    196        197,    SUCCESS        2            15            544.88        753.67            1298.55            2
    235        236,    SUCCESS        2            19            567.23        733.56            1300.79            2
    215        216,    SUCCESS        2            5            413.65        895.61            1309.26            2
    234        235,    SUCCESS        2            0            539.52        775.39            1314.91            2
    211        212,    SUCCESS        2            1            555.43        834.37            1389.8            2
    238        239,    SUCCESS        2            7            289.97        1108.6            1398.57            2
    310        311,    SUCCESS        2            3            448.75        965.25            1414            2
    263        264,    SUCCESS        2            9            586.69        849.3            1435.99            2
    312        313,    SUCCESS        2            4            566.42        884.53            1450.95            2
    230        231,    SUCCESS        2            8            284.89        1170.01            1454.9            2
    254        255,    SUCCESS        2            14            353.25        1133.33            1486.58            2
    222        223,    SUCCESS        2            17            395.28        1117.95            1513.23            2
    279        280,    SUCCESS        2            18            461.68        1058.28            1519.96            2
    247        248,    SUCCESS        2            12            524.19        1039.51            1563.7            2
    224        225,    SUCCESS        2            0            267.19        1314.91            1582.1            2
    198        199,    SUCCESS        2            19            316.72        1300.79            1617.51            2
    232        233,    SUCCESS        2            16            446.09        1173.02            1619.11            2
    336        337,    SUCCESS        2            11            574.69        1055.19            1629.88            2
    253        254,    SUCCESS        2            10            634.45        996.01            1630.46            2
    292        293,    SUCCESS        2            13            449.24        1186.64            1635.88            2
    276        277,    SUCCESS        2            6            415.78        1254.88            1670.66            2
    229        230,    SUCCESS        2            15            418.22        1298.55            1716.77            2
    220        221,    SUCCESS        2            5            517.04        1309.26            1826.3            2
    341        342,    SUCCESS        2            3            430.51        1414            1844.51            2
    318        319,    SUCCESS        2            1            464.04        1389.8            1853.84            2
    324        325,    SUCCESS        2            18            335.34        1519.96            1855.3            2
    256        257,    SUCCESS        2            9            425.68        1435.99            1861.67            2
    298        299,    SUCCESS        2            12            305.99        1563.7            1869.69            2
    328        329,    SUCCESS        2            2            639.68        1239.01            1878.69            2
    349        350,    SUCCESS        2            16            281.64        1619.11            1900.75            2
    223        224,    SUCCESS        2            4            474.18        1450.95            1925.13            2
    267        268,    SUCCESS        2            11            307.91        1629.88            1937.79            2
    243        244,    SUCCESS        2            14            463.49        1486.58            1950.07            2
    302        303,    SUCCESS        2            6            349.01        1670.66            2019.67            2
    272        273,    SUCCESS        2            7            625.29        1398.57            2023.86            2
    231        232,    SUCCESS        2            13            457.67        1635.88            2093.55            2
    270        271,    SUCCESS        2            8            678.62        1454.9            2133.52            2
    300        301,    SUCCESS        2            17            623.58        1513.23            2136.81            2
    237        238,    SUCCESS        2            9            301.5        1861.67            2163.17            2
    374        375,    SUCCESS        2            16            276.64        1900.75            2177.39            2
    372        373,    SUCCESS        2            3            334.57        1844.51            2179.08            2
    261        262,    SUCCESS        2            10            552.84        1630.46            2183.3            2
    213        214,    SUCCESS        2            15            484.61        1716.77            2201.38            2
    257        258,    SUCCESS        2            0            661.24        1582.1            2243.34            2
    286        287,    SUCCESS        2            19            633.16        1617.51            2250.67            2
    321        322,    SUCCESS        2            2            466.09        1878.69            2344.78            2
    259        260,    SUCCESS        2            6            344.74        2019.67            2364.41            2
    219        220,    SUCCESS        2            13            317.72        2093.55            2411.27            2
    311        312,    SUCCESS        2            9            252.65        2163.17            2415.82            2
    317        318,    SUCCESS        2            18            577.22        1855.3            2432.52            2
    250        251,    SUCCESS        2            5            607.7        1826.3            2434            2
    268        269,    SUCCESS        2            1            582.37        1853.84            2436.21            2
    381        382,    SUCCESS        2            11            554.39        1937.79            2492.18            2
    304        305,    SUCCESS        2            16            329.73        2177.39            2507.12            2
    273        274,    SUCCESS        2            4            601.34        1925.13            2526.47            2
    217        218,    SUCCESS        2            17            396.57        2136.81            2533.38            2
    348        349,    SUCCESS        2            12            682.77        1869.69            2552.46            2
    216        217,    SUCCESS        2            14            649.4        1950.07            2599.47            2
    363        364,    SUCCESS        2            6            257.39        2364.41            2621.8            2
    283        284,    SUCCESS        2            2            308.53        2344.78            2653.31            2
    245        246,    SUCCESS        2            10            480.52        2183.3            2663.82            2
    233        234,    SUCCESS        2            7            645.06        2023.86            2668.92            2
    260        261,    SUCCESS        2            8            596.57        2133.52            2730.09            2
    357        358,    SUCCESS        2            0            536.62        2243.34            2779.96            2
    385        386,    SUCCESS        2            16            285.96        2507.12            2793.08            2
    277        278,    SUCCESS        2            17            262.86        2533.38            2796.24            2
    278        279,    SUCCESS        2            3            617.72        2179.08            2796.8            2
    293        294,    SUCCESS        2            5            373.11        2434            2807.11            2
    262        263,    SUCCESS        2            19            572.46        2250.67            2823.13            2
    331        332,    SUCCESS        2            15            638.96        2201.38            2840.34            2
    332        333,    SUCCESS        2            9            472.48        2415.82            2888.3            2
    330        331,    SUCCESS        2            13            479.03        2411.27            2890.3            2
    361        362,    SUCCESS        2            11            406.07        2492.18            2898.25            2
    251        252,    SUCCESS        2            7            258.05        2668.92            2926.97            2
    239        240,    SUCCESS        2            4            512.09        2526.47            3038.56            2
    335        336,    SUCCESS        2            18            628.64        2432.52            3061.16            2
    287        288,    SUCCESS        2            17            267.54        2796.24            3063.78            2
    327        328,    SUCCESS        2            10            400.71        2663.82            3064.53            2
    248        249,    SUCCESS        2            0            292.52        2779.96            3072.48            2
    242        243,    SUCCESS        2            1            672.8        2436.21            3109.01            2
    306        307,    SUCCESS        2            12            581.31        2552.46            3133.77            2
    344        345,    SUCCESS        2            15            312.81        2840.34            3153.15            2
    295        296,    SUCCESS        2            19            354.52        2823.13            3177.65            2
    314        315,    SUCCESS        2            14            607.13        2599.47            3206.6            2
    345        346,    SUCCESS        2            6            638.3        2621.8            3260.1            2
    308        309,    SUCCESS        2            2            626.82        2653.31            3280.13            2
    255        256,    SUCCESS        2            9            419.9        2888.3            3308.2            2
    265        266,    SUCCESS        2            8            629.98        2730.09            3360.07            2
    291        292,    SUCCESS        2            17            297.83        3063.78            3361.61            2
    322        323,    SUCCESS        2            13            479.38        2890.3            3369.68            2
    368        369,    SUCCESS        2            16            611.69        2793.08            3404.77            2
    350        351,    SUCCESS        2            4            403.85        3038.56            3442.41            2
    352        353,    SUCCESS        2            5            641.83        2807.11            3448.94            2
    334        335,    SUCCESS        2            19            323.18        3177.65            3500.83            2
    294        295,    SUCCESS        2            18            458.37        3061.16            3519.53            2
    274        275,    SUCCESS        2            0            448.94        3072.48            3521.42            2
    280        281,    SUCCESS        2            7            646.43        2926.97            3573.4            2
    366        367,    SUCCESS        2            12            501.63        3133.77            3635.4            2
    266        267,    SUCCESS        2            15            510.04        3153.15            3663.19            2
    282        283,    SUCCESS        2            8            349.43        3360.07            3709.5            2
    319        320,    SUCCESS        2            1            600.82        3109.01            3709.83            2
    379        380,    SUCCESS        2            4            268.65        3442.41            3711.06            2
    236        237,    SUCCESS        2            14            520.01        3206.6            3726.61            2
    342        343,    SUCCESS        2            10            668.47        3064.53            3733            2
    375        376,    SUCCESS        2            16            332.48        3404.77            3737.25            2
    343        344,    SUCCESS        2            13            393.73        3369.68            3763.41            2
    305        306,    SUCCESS        2            0            255.29        3521.42            3776.71            2
    329        330,    SUCCESS        2            18            278.09        3519.53            3797.62            2
    338        339,    SUCCESS        2            9            544.23        3308.2            3852.43            2
    358        359,    SUCCESS        2            2            598.17        3280.13            3878.3            2
    356        357,    SUCCESS        2            19            446.53        3500.83            3947.36            2
    323        324,    SUCCESS        2            4            249.36        3711.06            3960.42            2
    364        365,    SUCCESS        2            5            579.98        3448.94            4028.92            2
    362        363,    SUCCESS        2            8            330        3709.5            4039.5            2
    275        276,    SUCCESS        2            10            351.34        3733            4084.34            2
    383        384,    SUCCESS        2            12            459.74        3635.4            4095.14            2
    347        348,    SUCCESS        2            18            312.56        3797.62            4110.18            2
    340        341,    SUCCESS        2            7            571.13        3573.4            4144.53            2
    296        297,    SUCCESS        2            13            410.66        3763.41            4174.07            2
    269        270,    SUCCESS        2            1            472.17        3709.83            4182            2
    377        378,    SUCCESS        2            2            327.12        3878.3            4205.42            2
    373        374,    SUCCESS        2            9            474.14        3852.43            4326.57            2
    227        228,    SUCCESS        2            15            674.93        3663.19            4338.12            2
    303        304,    SUCCESS        2            14            627.6        3726.61            4354.21            2
    271        272,    SUCCESS        2            19            431.63        3947.36            4378.99            2
    309        310,    SUCCESS        2            18            324.55        4110.18            4434.73            2
    333        334,    SUCCESS        2            0            669.19        3776.71            4445.9            2
    355        356,    SUCCESS        2            7            321.32        4144.53            4465.85            2
    380        381,    SUCCESS        2            8            466.16        4039.5            4505.66            2
    316        317,    SUCCESS        2            1            354.82        4182            4536.82            2
    315        316,    SUCCESS        2            15            259.25        4338.12            4597.37            2
    284        285,    SUCCESS        2            10            529.04        4084.34            4613.38            2
    290        291,    SUCCESS        2            2            589.72        4205.42            4795.14            2
    386        387,    SUCCESS        2            2            5.24        4795.14            4800.38            3
    360        361,    SUCCESS        2            13            626.54        4174.07            4800.61            2
    405        406,    SUCCESS        2            6            4.84        4800.38            4805.22            4
    415        416,    SUCCESS        2            16            5.03        4800.38            4805.41            4
    402        403,    SUCCESS        2            3            5.12        4800.38            4805.5            4
    413        414,    SUCCESS        2            4            5.24        4800.38            4805.62            4
    396        397,    SUCCESS        2            5            5.24        4800.38            4805.62            4
    400        401,    SUCCESS        2            17            5.24        4800.38            4805.62            4
    428        429,    SUCCESS        2            19            5.41        4800.38            4805.79            4
    406        407,    SUCCESS        2            2            5.43        4800.38            4805.81            4
    401        402,    SUCCESS        2            11            5.43        4800.38            4805.81            4
    399        400,    SUCCESS        2            12            5.6        4800.38            4805.98            4
    422        423,    SUCCESS        2            6            4.82        4805.22            4810.04            4
    409        410,    SUCCESS        2            11            4.56        4805.81            4810.37            4
    421        422,    SUCCESS        2            3            4.98        4805.5            4810.48            4
    407        408,    SUCCESS        2            17            4.97        4805.62            4810.59            4
    438        439,    SUCCESS        2            5            5.08        4805.62            4810.7            4
    444        445,    SUCCESS        2            4            5.19        4805.62            4810.81            4
    430        431,    SUCCESS        2            19            5.13        4805.79            4810.92            4
    411        412,    SUCCESS        2            2            5.22        4805.81            4811.03            4
    417        418,    SUCCESS        2            12            5.05        4805.98            4811.03            4
    418        419,    SUCCESS        2            11            4.8        4810.37            4815.17            4
    434        435,    SUCCESS        2            6            5.24        4810.04            4815.28            4
    436        437,    SUCCESS        2            17            5.15        4810.59            4815.74            4
    429        430,    SUCCESS        2            12            4.91        4811.03            4815.94            4
    423        424,    SUCCESS        2            2            5.46        4811.03            4816.49            4
    443        444,    SUCCESS        2            6            5.09        4815.28            4820.37            4
    437        438,    SUCCESS        2            12            5.3        4815.94            4821.24            4
    433        434,    SUCCESS        2            2            5.25        4816.49            4821.74            4
    445        446,    SUCCESS        2            2            5.44        4821.74            4827.18            4
    376        377,    SUCCESS        2            14            496.65        4354.21            4850.86            2
    378        379,    SUCCESS        2            15            268.75        4597.37            4866.12            2
    351        352,    SUCCESS        2            1            398.76        4536.82            4935.58            2
    320        321,    SUCCESS        2            10            324.57        4613.38            4937.95            2
    337        338,    SUCCESS        2            18            544        4434.73            4978.73            2
    307        308,    SUCCESS        2            9            659.93        4326.57            4986.5            2
    427        428,    SUCCESS        2            9            5.16        4986.5            4991.66            4
    435        436,    SUCCESS        2            9            5.17        4991.66            4996.83            4
    370        371,    SUCCESS        2            7            540.86        4465.85            5006.71            2
    384        385,    SUCCESS        2            0            574.55        4445.9            5020.45            2
    403        404,    SUCCESS        2            0            4.83        5020.45            5025.28            4
    404        405,    SUCCESS        2            0            5.62        5025.28            5030.9            4
    424        425,    SUCCESS        2            0            5.49        5030.9            5036.39            4
    441        442,    SUCCESS        2            0            5        5036.39            5041.39            4
    641        642,    SUCCESS        2            5            249.25        4810.81            5060.06            5
    289        290,    SUCCESS        2            8            579.52        4505.66            5085.18            2
    608        609,    SUCCESS        2            4            276.65        4811.03            5087.68            5
    410        411,    SUCCESS        2            8            4.18        5085.18            5089.36            4
    598        599,    SUCCESS        2            11            278.24        4815.17            5093.41            5
    426        427,    SUCCESS        2            8            5.36        5089.36            5094.72            4
    439        440,    SUCCESS        2            8            4.83        5094.72            5099.55            4
    625        626,    SUCCESS        2            16            328.44        4805.79            5134.23            5
    612        613,    SUCCESS        2            9            236.08        4996.83            5232.91            5
    354        355,    SUCCESS        2            14            458.67        4850.86            5309.53            2
    398        399,    SUCCESS        2            14            5.17        5309.53            5314.7            4
    371        372,    SUCCESS        2            18            340.78        4978.73            5319.51            2
    615        616,    SUCCESS        2            4            277.96        5087.68            5365.64            5
    593        594,    SUCCESS        2            8            295.03        5099.55            5394.58            5
    359        360,    SUCCESS        2            1            459.23        4935.58            5394.81            2
    602        603,    SUCCESS        2            17            597.39        4815.74            5413.13            5
    599        600,    SUCCESS        2            3            608.96        4810.48            5419.44            5
    626        627,    SUCCESS        2            12            640.63        4821.24            5461.87            5
    624        625,    SUCCESS        2            16            334.69        5134.23            5468.93            5
    635        636,    SUCCESS        2            2            656.48        4827.18            5483.66            5
    264        265,    SUCCESS        2            13            683.29        4800.61            5483.9            2
    387        388,    SUCCESS        2            12            5.95        5483.9            5489.85            3
    447        448,    SUCCESS        2            12            4.67        5489.85            5494.52            4
    449        450,    SUCCESS        2            6            5.04        5489.85            5494.89            4
    473        474,    SUCCESS        2            12            5.07        5494.52            5499.59            4
    619        620,    SUCCESS        2            0            459.22        5041.39            5500.61            5
    633        634,    SUCCESS        2            11            408.43        5093.41            5501.84            5
    476        477,    SUCCESS        2            12            5.7        5499.59            5505.29            4
    474        475,    SUCCESS        2            0            5.17        5500.61            5505.78            4
    394        395,    SUCCESS        2            11            5.49        5501.84            5507.33            3
    285        286,    SUCCESS        2            7            506.01        5006.71            5512.72            2
    395        396,    SUCCESS        2            11            5.73        5507.33            5513.06            3
    339        340,    SUCCESS        2            15            650.28        4866.12            5516.4            2
    591        592,    SUCCESS        2            0            5.02        5513.06            5518.08            4
    414        415,    SUCCESS        2            15            5.32        5516.4            5521.72            4
    419        420,    SUCCESS        2            15            5.67        5521.72            5527.39            4
    425        426,    SUCCESS        2            15            5.02        5527.39            5532.41            4
    450        451,    SUCCESS        2            15            4.5        5532.41            5536.91            4
    451        452,    SUCCESS        2            15            5.14        5536.91            5542.05            4
    456        457,    SUCCESS        2            15            4.59        5542.05            5546.64            4
    326        327,    SUCCESS        2            10            668.26        4937.95            5606.21            2
    606        607,    SUCCESS        2            17            236.62        5413.13            5649.75            5
    636        637,    SUCCESS        2            19            581.04        5099.55            5680.59            5
    446        447,    SUCCESS        2            19            4.28        5680.59            5684.87            4
    459        460,    SUCCESS        2            19            5.69        5684.87            5690.56            4
    600        601,    SUCCESS        2            5            632.82        5060.06            5692.88            5
    463        464,    SUCCESS        2            19            5.12        5690.56            5695.68            4
    470        471,    SUCCESS        2            19            4.52        5695.68            5700.2            4
    592        593,    SUCCESS        2            19            5.17        5700.2            5705.37            4
    610        611,    SUCCESS        2            8            403.43        5394.58            5798.01            5
    607        608,    SUCCESS        2            16            337.3        5468.93            5806.22            5
    369        370,    SUCCESS        2            13            323.85        5483.9            5807.75            2
    397        398,    SUCCESS        2            13            4.69        5807.75            5812.44            4
    431        432,    SUCCESS        2            13            4.96        5812.44            5817.4            4
    432        433,    SUCCESS        2            13            5.24        5817.4            5822.64            4
    627        628,    SUCCESS        2            9            591.52        5232.91            5824.43            5
    442        443,    SUCCESS        2            13            4.55        5822.64            5827.19            4
    457        458,    SUCCESS        2            9            5.45        5824.43            5829.88            4
    646        647,    SUCCESS        2            12            328.63        5505.29            5833.92            5
    460        461,    SUCCESS        2            9            4.88        5829.88            5834.76            4
    647        648,    SUCCESS        2            15            301.16        5546.64            5847.8            5
    353        354,    SUCCESS        2            10            245.04        5606.21            5851.25            2
    603        604,    SUCCESS        2            3            436.26        5419.44            5855.7            5
    408        409,    SUCCESS        2            10            5.19        5851.25            5856.44            4
    440        441,    SUCCESS        2            10            5.24        5856.44            5861.68            4
    367        368,    SUCCESS        2            1            469.09        5394.81            5863.9            2
    420        421,    SUCCESS        2            1            4.88        5863.9            5868.78            4
    365        366,    SUCCESS        2            18            571.57        5319.51            5891.08            2
    412        413,    SUCCESS        2            18            4.93        5891.08            5896.01            4
    416        417,    SUCCESS        2            18            5.18        5896.01            5901.19            4
    596        597,    SUCCESS        2            14            611.46        5314.7            5926.16            5
    325        326,    SUCCESS        2            7            445.36        5512.72            5958.08            2
    642        643,    SUCCESS        2            4            640.81        5365.64            6006.45            5
    648        649,    SUCCESS        2            19            301.67        5705.37            6007.04            5
    448        449,    SUCCESS        2            4            4.83        6006.45            6011.28            4
    465        466,    SUCCESS        2            4            4.76        6011.28            6016.04            4
    466        467,    SUCCESS        2            4            5.25        6016.04            6021.29            4
    477        478,    SUCCESS        2            4            5.07        6021.29            6026.36            4
    611        612,    SUCCESS        2            0            562.73        5521.72            6084.45            5
    630        631,    SUCCESS        2            2            616.38        5483.66            6100.04            5
    657        658,    SUCCESS        2            17            274.42        5834.76            6109.18            5
    788        789,    SUCCESS        2            6            595.78        5518.08            6113.87            5
    623        624,    SUCCESS        2            11            612.53        5513.06            6125.59            5
    392        393,    SUCCESS        2            11            5.21        6125.59            6130.8            3
    574        575,    SUCCESS        2            17            4.7        6130.8            6135.5            4
    581        582,    SUCCESS        2            3            5        6130.8            6135.8            4
    452        453,    SUCCESS        2            11            5.16        6130.8            6135.96            4
    464        465,    SUCCESS        2            11            5.37        6135.96            6141.33            4
    597        598,    SUCCESS        2            10            319.19        5861.68            6180.87            5
    643        644,    SUCCESS        2            14            299.43        5926.16            6225.59            5
    634        635,    SUCCESS        2            13            464.58        5827.19            6291.77            5
    631        632,    SUCCESS        2            1            423.96        5868.78            6292.74            5
    620        621,    SUCCESS        2            18            396.38        5901.19            6297.57            5
    453        454,    SUCCESS        2            18            5.32        6297.57            6302.89            4
    654        655,    SUCCESS        2            19            328.31        6007.04            6335.35            5
    346        347,    SUCCESS        2            7            387.59        5958.08            6345.67            2
    616        617,    SUCCESS        2            12            511.86        5833.92            6345.78            5
    595        596,    SUCCESS        2            16            557.75        5806.22            6363.97            5
    629        630,    SUCCESS        2            15            520.78        5847.8            6368.58            5
    454        455,    SUCCESS        2            16            5.21        6363.97            6369.18            4
    577        578,    SUCCESS        2            15            4.78        6368.58            6373.36            4
    467        468,    SUCCESS        2            16            4.85        6369.18            6374.03            4
    468        469,    SUCCESS        2            16            4.64        6374.03            6378.67            4
    621        622,    SUCCESS        2            5            687.32        5692.88            6380.2            5
    469        470,    SUCCESS        2            16            5.56        6378.67            6384.23            4
    475        476,    SUCCESS        2            5            5.08        6380.2            6385.28            4
    388        389,    SUCCESS        2            5            5.84        6385.28            6391.12            3
    503        504,    SUCCESS        2            6            5.09        6391.12            6396.21            4
    482        483,    SUCCESS        2            11            5.5        6391.12            6396.62            4
    487        488,    SUCCESS        2            11            4.89        6396.62            6401.51            4
    489        490,    SUCCESS        2            11            5.55        6401.51            6407.06            4
    501        502,    SUCCESS        2            11            5.38        6407.06            6412.44            4
    661        662,    SUCCESS        2            3            307.77        6141.33            6449.1            5
    640        641,    SUCCESS        2            8            678.03        5798.01            6476.04            5
    458        459,    SUCCESS        2            8            5.47        6476.04            6481.51            4
    472        473,    SUCCESS        2            8            4.77        6481.51            6486.28            4
    579        580,    SUCCESS        2            8            4.6        6486.28            6490.88            4
    670        671,    SUCCESS        2            2            442.16        6100.04            6542.2            5
    671        672,    SUCCESS        2            4            650.98        6026.36            6677.34            5
    590        591,    SUCCESS        2            4            4.71        6677.34            6682.05            4
    617        618,    SUCCESS        2            19            348.4        6335.35            6683.75            5
    493        494,    SUCCESS        2            19            5.57        6683.75            6689.32            4
    604        605,    SUCCESS        2            10            512.52        6180.87            6693.39            5
    499        500,    SUCCESS        2            19            5.43        6689.32            6694.75            4
    644        645,    SUCCESS        2            18            431.96        6302.89            6734.85            5
    605        606,    SUCCESS        2            12            402.69        6345.78            6748.47            5
    622        623,    SUCCESS        2            5            361.84        6391.12            6752.96            5
    391        392,    SUCCESS        2            12            5.41        6748.47            6753.88            3
    559        560,    SUCCESS        2            11            4.97        6753.88            6758.85            4
    558        559,    SUCCESS        2            0            5.2        6753.88            6759.08            4
    561        562,    SUCCESS        2            19            5.35        6753.88            6759.23            4
    389        390,    SUCCESS        2            12            5.46        6753.88            6759.34            3
    571        572,    SUCCESS        2            11            5.03        6758.85            6763.88            4
    530        531,    SUCCESS        2            19            4.62        6759.34            6763.96            4
    562        563,    SUCCESS        2            0            5        6759.08            6764.08            4
    510        511,    SUCCESS        2            3            5.32        6759.34            6764.66            4
    509        510,    SUCCESS        2            9            5.43        6759.34            6764.77            4
    573        574,    SUCCESS        2            11            4.71        6763.88            6768.59            4
    572        573,    SUCCESS        2            0            5.16        6764.08            6769.24            4
    519        520,    SUCCESS        2            3            4.89        6764.66            6769.55            4
    531        532,    SUCCESS        2            9            4.89        6764.77            6769.66            4
    515        516,    SUCCESS        2            0            5.01        6769.24            6774.25            4
    526        527,    SUCCESS        2            3            4.85        6769.55            6774.4            4
    516        517,    SUCCESS        2            0            5.66        6774.25            6779.91            4
    520        521,    SUCCESS        2            0            4.92        6779.91            6784.83            4
    660        661,    SUCCESS        2            2            276.84        6542.2            6819.04            5
    484        485,    SUCCESS        2            2            5.39        6819.04            6824.43            4
    488        489,    SUCCESS        2            2            4.8        6824.43            6829.23            4
    560        561,    SUCCESS        2            2            4.91        6829.23            6834.14            4
    665        666,    SUCCESS        2            8            371.5        6490.88            6862.38            5
    498        499,    SUCCESS        2            8            4.91        6862.38            6867.29            4
    527        528,    SUCCESS        2            8            4.74        6867.29            6872.03            4
    664        665,    SUCCESS        2            15            508.26        6374.03            6882.3            5
    495        496,    SUCCESS        2            15            5.04        6882.3            6887.34            4
    504        505,    SUCCESS        2            15            5.4        6887.34            6892.74            4
    505        506,    SUCCESS        2            15            5.58        6892.74            6898.32            4
    601        602,    SUCCESS        2            13            609.29        6291.77            6901.06            5
    774        775,    SUCCESS        2            17            528.48        6373.36            6901.84            5
    506        507,    SUCCESS        2            15            4.45        6898.32            6902.77            4
    455        456,    SUCCESS        2            13            5.52        6901.06            6906.58            4
    461        462,    SUCCESS        2            13            4.83        6906.58            6911.41            4
    382        383,    SUCCESS        2            7            567.13        6345.67            6912.8            2
    471        472,    SUCCESS        2            13            5.2        6911.41            6916.61            4
    776        777,    SUCCESS        2            6            448.41        6490.88            6939.29            5
    512        513,    SUCCESS        2            6            5.2        6939.29            6944.49            4
    656        657,    SUCCESS        2            1            655.18        6292.74            6947.92            5
    522        523,    SUCCESS        2            6            4.71        6944.49            6949.2            4
    672        673,    SUCCESS        2            14            568.87        6385.28            6954.16            5
    483        484,    SUCCESS        2            14            5.6        6954.16            6959.76            4
    490        491,    SUCCESS        2            14            5.9        6959.76            6965.66            4
    667        668,    SUCCESS        2            5            256.12        6752.96            7009.08            5
    481        482,    SUCCESS        2            5            5.25        7009.08            7014.33            4
    758        759,    SUCCESS        2            11            246.61        6768.59            7015.2            5
    496        497,    SUCCESS        2            5            5.01        7014.33            7019.34            4
    517        518,    SUCCESS        2            11            5.08        7015.2            7020.28            4
    518        519,    SUCCESS        2            11            4.31        7020.28            7024.59            4
    497        498,    SUCCESS        2            5            5.89        7019.34            7025.23            4
    521        522,    SUCCESS        2            11            4.71        7024.59            7029.3            4
    528        529,    SUCCESS        2            11            4.84        7029.3            7034.14            4
    628        629,    SUCCESS        2            16            652.95        6384.23            7037.19            5
    770        771,    SUCCESS        2            0            275.33        6784.83            7060.16            5
    613        614,    SUCCESS        2            4            432.89        6682.05            7114.94            5
    575        576,    SUCCESS        2            4            4.98        7114.94            7119.92            4
    580        581,    SUCCESS        2            4            5.12        7119.92            7125.04            4
    492        493,    SUCCESS        2            4            4.89        7125.04            7129.93            4
    673        674,    SUCCESS        2            18            473.93        6734.85            7208.78            5
    716        717,    SUCCESS        2            17            335.84        6901.84            7237.68            5
    769        770,    SUCCESS        2            9            512.96        6769.66            7282.62            5
    638        639,    SUCCESS        2            10            598.68        6693.39            7292.07            5
    462        463,    SUCCESS        2            10            5.43        7292.07            7297.5            4
    662        663,    SUCCESS        2            16            353.41        7037.19            7390.6            5
    658        659,    SUCCESS        2            8            522.76        6911.41            7434.17            5
    674        675,    SUCCESS        2            12            682.64        6759.34            7441.98            5
    576        577,    SUCCESS        2            12            4.92        7441.98            7446.9            4
    390        391,    SUCCESS        2            12            5.66        7446.9            7452.56            3
    789        790,    SUCCESS        2            13            540.4        6916.61            7457.01            5
    486        487,    SUCCESS        2            12            5.26        7452.56            7457.82            4
    538        539,    SUCCESS        2            11            5.58        7452.56            7458.14            4
    609        610,    SUCCESS        2            1            512.38        6947.92            7460.3            5
    502        503,    SUCCESS        2            12            5.62        7457.82            7463.44            4
    680        681,    SUCCESS        2            19            542.96        6959.76            7502.72            5
    718        719,    SUCCESS        2            3            499.69        7029.3            7528.99            5
    709        710,    SUCCESS        2            17            294.72        7237.68            7532.4            5
    689        690,    SUCCESS        2            2            412.64        7129.93            7542.58            5
    536        537,    SUCCESS        2            2            5.28        7542.58            7547.86            4
    655        656,    SUCCESS        2            14            583.95        6965.66            7549.61            5
    549        550,    SUCCESS        2            2            4.84        7547.86            7552.7            4
    566        567,    SUCCESS        2            14            4.78        7549.61            7554.39            4
    701        702,    SUCCESS        2            0            497.24        7060.16            7557.4            5
    618        619,    SUCCESS        2            7            645.33        6912.8            7558.13            5
    568        569,    SUCCESS        2            14            5.15        7554.39            7559.54            4
    685        686,    SUCCESS        2            6            610.44        6949.2            7559.65            5
    679        680,    SUCCESS        2            5            536.21        7025.23            7561.44            5
    393        394,    SUCCESS        2            0            5.22        7557.4            7562.62            3
    514        515,    SUCCESS        2            14            4.51        7559.54            7564.05            4
    570        571,    SUCCESS        2            5            5.14        7561.44            7566.58            4
    585        586,    SUCCESS        2            11            4.85        7562.62            7567.47            4
    534        535,    SUCCESS        2            0            5.26        7562.62            7567.88            4
    535        536,    SUCCESS        2            0            5.16        7567.88            7573.04            4
    668        669,    SUCCESS        2            15            658.98        6916.61            7575.59            5
    687        688,    SUCCESS        2            8            239.74        7434.17            7673.91            5
    684        685,    SUCCESS        2            4            567.52        7129.93            7697.45            5
    565        566,    SUCCESS        2            4            4.83        7697.45            7702.28            4
    513        514,    SUCCESS        2            4            4.69        7702.28            7706.97            4
    645        646,    SUCCESS        2            10            416.63        7297.5            7714.13            5
    651        652,    SUCCESS        2            16            339.24        7390.6            7729.83            5
    663        664,    SUCCESS        2            1            315.7        7460.3            7776            5
    772        773,    SUCCESS        2            3            270.51        7528.99            7799.5            5
    542        543,    SUCCESS        2            3            5.4        7799.5            7804.9            4
    725        726,    SUCCESS        2            15            236.51        7575.59            7812.1            5
    537        538,    SUCCESS        2            15            5.02        7812.1            7817.12            4
    693        694,    SUCCESS        2            17            289.34        7532.4            7821.74            5
    539        540,    SUCCESS        2            15            5.29        7817.12            7822.41            4
    545        546,    SUCCESS        2            17            4.67        7821.74            7826.41            4
    586        587,    SUCCESS        2            15            5.67        7822.41            7828.08            4
    551        552,    SUCCESS        2            17            5.25        7826.41            7831.66            4
    552        553,    SUCCESS        2            17            4.63        7831.66            7836.29            4
    614        615,    SUCCESS        2            7            278.42        7558.13            7836.55            5
    553        554,    SUCCESS        2            17            5.22        7836.29            7841.51            4
    649        650,    SUCCESS        2            18            638.36        7208.78            7847.14            5
    478        479,    SUCCESS        2            18            4.99        7847.14            7852.13            4
    681        682,    SUCCESS        2            9            570.22        7282.62            7852.84            5
    480        481,    SUCCESS        2            18            4.66        7852.13            7856.79            4
    491        492,    SUCCESS        2            18            5.31        7856.79            7862.1            4
    686        687,    SUCCESS        2            12            427.51        7463.44            7890.95            5
    727        728,    SUCCESS        2            14            378.68        7564.05            7942.73            5
    768        769,    SUCCESS        2            5            384.79        7566.58            7951.37            5
    639        640,    SUCCESS        2            13            495.5        7457.01            7952.51            5
    778        779,    SUCCESS        2            10            329.26        7714.13            8043.39            5
    500        501,    SUCCESS        2            10            5.52        8043.39            8048.91            4
    678        679,    SUCCESS        2            6            519.69        7559.65            8079.34            5
    632        633,    SUCCESS        2            7            260.2        7836.55            8096.75            5
    773        774,    SUCCESS        2            19            607.16        7502.72            8109.88            5
    543        544,    SUCCESS        2            19            5.03        8109.88            8114.91            4
    703        704,    SUCCESS        2            9            264.97        7852.84            8117.81            5
    583        584,    SUCCESS        2            19            5.01        8114.91            8119.92            4
    540        541,    SUCCESS        2            9            5.24        8117.81            8123.05            4
    557        558,    SUCCESS        2            9            5.05        8123.05            8128.1            4
    669        670,    SUCCESS        2            16            398.62        7729.83            8128.45            5
    569        570,    SUCCESS        2            16            5.25        8128.45            8133.7            4
    529        530,    SUCCESS        2            16            5.09        8133.7            8138.79            4
    735        736,    SUCCESS        2            2            587.69        7552.7            8140.39            5
    652        653,    SUCCESS        2            4            438.06        7706.97            8145.03            5
    547        548,    SUCCESS        2            4            5.16        8145.03            8150.19            4
    637        638,    SUCCESS        2            13            279.56        7952.51            8232.07            5
    739        740,    SUCCESS        2            0            493.49        7804.9            8298.4            5
    690        691,    SUCCESS        2            12            410.07        7890.95            8301.02            5
    713        714,    SUCCESS        2            14            360.11        7942.73            8302.84            5
    511        512,    SUCCESS        2            12            5.24        8301.02            8306.26            4
    777        778,    SUCCESS        2            8            658.74        7673.91            8332.65            5
    555        556,    SUCCESS        2            8            4.84        8332.65            8337.49            4
    584        585,    SUCCESS        2            8            5.25        8337.49            8342.74            4
    771        772,    SUCCESS        2            1            594.69        7776            8370.69            5
    675        676,    SUCCESS        2            3            546.84        7852.13            8398.97            5
    698        699,    SUCCESS        2            18            570.07        7862.1            8432.17            5
    757        758,    SUCCESS        2            5            488.26        7951.37            8439.63            5
    733        734,    SUCCESS        2            17            630.92        7841.51            8472.43            5
    740        741,    SUCCESS        2            15            357.67        8114.91            8472.58            5
    587        588,    SUCCESS        2            17            5.37        8472.43            8477.8            4
    589        590,    SUCCESS        2            17            5.19        8477.8            8482.99            4
    653        654,    SUCCESS        2            7            387.85        8096.75            8484.6            5
    650        651,    SUCCESS        2            13            271.92        8232.07            8503.99            5
    485        486,    SUCCESS        2            13            4.97        8503.99            8508.96            4
    723        724,    SUCCESS        2            16            426.12        8138.79            8564.91            5
    767        768,    SUCCESS        2            9            473.84        8128.1            8601.94            5
    700        701,    SUCCESS        2            10            593.65        8048.91            8642.56            5
    508        509,    SUCCESS        2            10            5.29        8642.56            8647.85            4
    695        696,    SUCCESS        2            12            352.62        8306.26            8658.88            5
    546        547,    SUCCESS        2            12            5.19        8658.88            8664.07            4
    683        684,    SUCCESS        2            5            345.44        8439.63            8785.07            5
    666        667,    SUCCESS        2            1            439.56        8370.69            8810.25            5
    479        480,    SUCCESS        2            1            4.7        8810.25            8814.95            4
    494        495,    SUCCESS        2            1            5.13        8814.95            8820.08            4
    563        564,    SUCCESS        2            1            4.94        8820.08            8825.02            4
    507        508,    SUCCESS        2            1            5.22        8825.02            8830.24            4
    541        542,    SUCCESS        2            1            5.4        8830.24            8835.64            4
    763        764,    SUCCESS        2            4            685.85        8150.19            8836.04            5
    544        545,    SUCCESS        2            1            5.27        8835.64            8840.91            4
    787        788,    SUCCESS        2            13            344.65        8508.96            8853.61            5
    564        565,    SUCCESS        2            13            5.01        8853.61            8858.62            4
    594        595,    SUCCESS        2            7            394.2        8484.6            8878.8            5
    717        718,    SUCCESS        2            16            317.45        8564.91            8882.36            5
    578        579,    SUCCESS        2            7            5.59        8878.8            8884.39            4
    790        791,    SUCCESS        2            11            6.62        8878.8            8885.42            6
    582        583,    SUCCESS        2            7            4.91        8884.39            8889.3            4
    567        568,    SUCCESS        2            7            4.93        8889.3            8894.23            4
    731        732,    SUCCESS        2            12            242.55        8664.07            8906.62            5
    732        733,    SUCCESS        2            9            312.6        8601.94            8914.54            5
    719        720,    SUCCESS        2            14            628.41        8302.84            8931.25            5
    710        711,    SUCCESS        2            8            617.71        8342.74            8960.45            5
    682        683,    SUCCESS        2            19            464.06        8508.96            8973.02            5
    784        785,    SUCCESS        2            3            529.16        8477.8            9006.96            5
    706        707,    SUCCESS        2            10            416.01        8647.85            9063.86            5
    696        697,    SUCCESS        2            18            634.56        8432.17            9066.73            5
    752        753,    SUCCESS        2            15            665.76        8472.58            9138.34            5
    756        757,    SUCCESS        2            7            276.79        8894.23            9171.02            5
    524        525,    SUCCESS        2            7            5.37        9171.02            9176.39            4
    532        533,    SUCCESS        2            7            5.39        9176.39            9181.78            4
    766        767,    SUCCESS        2            5            403.87        8785.07            9188.94            5
    754        755,    SUCCESS        2            1            389.13        8840.91            9230.04            5
    779        780,    SUCCESS        2            2            377.4        8889.3            9266.7            5
    711        712,    SUCCESS        2            16            385.42        8882.36            9267.78            5
    738        739,    SUCCESS        2            17            465.86        8835.64            9301.5            5
    775        776,    SUCCESS        2            6            507.12        8884.39            9391.51            5
    796        797,    SUCCESS        2            15            6.12        9391.51            9397.63            6
    742        743,    SUCCESS        2            12            497.76        8906.62            9404.38            5
    714        715,    SUCCESS        2            14            475.94        8931.25            9407.19            5
    724        725,    SUCCESS        2            18            357.68        9066.73            9424.41            5
    708        709,    SUCCESS        2            8            494.31        8960.45            9454.76            5
    726        727,    SUCCESS        2            4            666.98        8836.04            9503.02            5
    759        760,    SUCCESS        2            7            328.71        9181.78            9510.49            5
    764        765,    SUCCESS        2            19            540.89        8973.02            9513.91            5
    721        722,    SUCCESS        2            3            347.21        9176.39            9523.6            5
    755        756,    SUCCESS        2            13            668.7        8858.62            9527.32            5
    523        524,    SUCCESS        2            13            5.32        9527.32            9532.64            4
    525        526,    SUCCESS        2            13            5.48        9532.64            9538.12            4
    676        677,    SUCCESS        2            1            478.47        9230.04            9708.51            5
    762        763,    SUCCESS        2            16            462.38        9267.78            9730.16            5
    728        729,    SUCCESS        2            10            670.73        9063.86            9734.59            5
    781        782,    SUCCESS        2            5            584        9188.94            9772.94            5
    765        766,    SUCCESS        2            14            407.71        9407.19            9814.9            5
    707        708,    SUCCESS        2            13            369.68        9538.12            9907.8            5
    556        557,    SUCCESS        2            13            5.17        9907.8            9912.97            4
    729        730,    SUCCESS        2            6            541.45        9391.51            9932.96            5
    761        762,    SUCCESS        2            8            506.47        9454.76            9961.23            5
    720        721,    SUCCESS        2            9            472.96        9532.64            10005.6            5
    704        705,    SUCCESS        2            4            569.83        9503.02            10072.85            5
    715        716,    SUCCESS        2            18            671.28        9424.41            10095.69            5
    548        549,    SUCCESS        2            18            4.75        10095.69            10100.44            4
    550        551,    SUCCESS        2            18            5.61        10100.44            10106.05            4
    712        713,    SUCCESS        2            7            641.26        9510.49            10151.75            5
    692        693,    SUCCESS        2            10            419.5        9734.59            10154.09            5
    554        555,    SUCCESS        2            7            5.61        10151.75            10157.36            4
    743        744,    SUCCESS        2            5            394.2        9772.94            10167.14            5
    677        678,    SUCCESS        2            16            495.29        9730.16            10225.45            5
    722        723,    SUCCESS        2            3            690.14        9538.12            10228.26            5
    753        754,    SUCCESS        2            2            364.22        9912.97            10277.19            5
    783        784,    SUCCESS        2            14            541.14        9814.9            10356.04            5
    702        703,    SUCCESS        2            10            325.51        10154.09            10479.6            5
    699        700,    SUCCESS        2            18            422.08        10106.05            10528.13            5
    747        748,    SUCCESS        2            8            491.19        10106.05            10597.24            5
    751        752,    SUCCESS        2            12            500.83        10157.36            10658.19            5
    737        738,    SUCCESS        2            16            457.63        10225.45            10683.08            5
    736        737,    SUCCESS        2            7            615.89        10157.36            10773.25            5
    691        692,    SUCCESS        2            5            648.84        10167.14            10815.98            5
    798        799,    SUCCESS        2            5            5.3        10815.98            10821.28            6
    746        747,    SUCCESS        2            18            464        10528.13            10992.13            5
    588        589,    SUCCESS        2            18            5.13        10992.13            10997.26            4
    741        742,    SUCCESS        2            14            648.61        10356.04            11004.65            5
    694        695,    SUCCESS        2            10            674.97        10479.6            11154.57            5
    749        750,    SUCCESS        2            7            449.93        10773.25            11223.18            5
    785        786,    SUCCESS        2            5            377.43        10997.26            11374.69            5
    782        783,    SUCCESS        2            18            485.42        10997.26            11482.68            5
    659        660,    SUCCESS        2            10            362.12        11154.57            11516.69            5
    533        534,    SUCCESS        2            10            5.07        11516.69            11521.76            4
    791        792,    SUCCESS        2            9            5.82        11516.69            11522.51            6
    688        689,    SUCCESS        2            7            357.22        11223.18            11580.4            5
    734        735,    SUCCESS        2            18            242.61        11482.68            11725.29            5
    697        698,    SUCCESS        2            7            417.21        11580.4            11997.61            5
    792        793,    SUCCESS        2            1            5.97        11997.61            12003.58            6
    750        751,    SUCCESS        2            10            504.29        11521.76            12026.05            5
    748        749,    SUCCESS        2            18            489.86        11725.29            12215.15            5
    744        745,    SUCCESS        2            7            314.16        11997.61            12311.77            5
    799        800,    SUCCESS        2            7            5.46        12311.77            12317.23            6
    780        781,    SUCCESS        2            10            337.56        12026.05            12363.61            5
    705        706,    SUCCESS        2            10            402.56        12363.61            12766.17            5
    745        746,    SUCCESS        2            7            523.2        12317.23            12840.43            5
    786        787,    SUCCESS        2            18            671.86        12215.15            12887.01            5
    797        798,    SUCCESS        2            18            5.42        12887.01            12892.43            6
    760        761,    SUCCESS        2            10            425.16        12766.17            13191.33            5
    795        796,    SUCCESS        2            3            5.89        13191.33            13197.22            6
    730        731,    SUCCESS        2            10            559.96        13191.33            13751.29            5
    793        794,    SUCCESS        2            10            5.64        13751.29            13756.93            6
    794        795,    SUCCESS        2            18            5.82        13751.29            13757.11            6