========== OUTPUT ==========
Job ID    Task ID    STATUS    Data center ID    VM ID        Time    Start Time    Finish Time    Depth
    200        Stage-in    SUCCESS        2            15            0.11        0.1            0.21            0
    4        5,    SUCCESS        2            16            19.87        0.21            20.08            1
    7        8,    SUCCESS        2            10            20.01        0.21            20.22            1
    15        16,    SUCCESS        2            15            20.25        0.21            20.46            1
    2        3,    SUCCESS        2            5            20.26        0.21            20.47            1
    12        13,    SUCCESS        2            14            20.58        0.21            20.79            1
    3        4,    SUCCESS        2            12            20.61        0.21            20.82            1
    18        19,    SUCCESS        2            4            20.65        0.21            20.86            1
    5        6,    SUCCESS        2            2            20.66        0.21            20.87            1
    0        1,    SUCCESS        2            0            20.71        0.21            20.92            1
    8        9,    SUCCESS        2            9            20.71        0.21            20.92            1
    26        27,    SUCCESS        2            13            20.76        0.21            20.97            1
    9        10,    SUCCESS        2            18            20.76        0.21            20.97            1
    28        29,    SUCCESS        2            19            20.8        0.21            21.01            1
    11        12,    SUCCESS        2            17            20.86        0.21            21.07            1
    29        30,    SUCCESS        2            11            20.99        0.21            21.2            1
    13        14,    SUCCESS        2            3            21.07        0.21            21.28            1
    19        20,    SUCCESS        2            7            21.2        0.21            21.41            1
    22        23,    SUCCESS        2            1            21.26        0.21            21.47            1
    1        2,    SUCCESS        2            8            22.02        0.21            22.23            1
    14        15,    SUCCESS        2            16            18.1        20.08            38.18            1
    21        22,    SUCCESS        2            12            17.47        20.82            38.29            1
    30        31,    SUCCESS        2            15            18.11        20.46            38.57            1
    36        37,    SUCCESS        2            18            17.77        20.97            38.74            1
    6        7,    SUCCESS        2            2            18.1        20.87            38.97            1
    40        41,    SUCCESS        2            0            18.16        20.92            39.08            1
    24        25,    SUCCESS        2            5            18.61        20.47            39.08            1
    39        40,    SUCCESS        2            9            18.16        20.92            39.08            1
    35        36,    SUCCESS        2            19            18.07        21.01            39.08            1
    41        42,    SUCCESS        2            11            18.02        21.2            39.22            1
    27        28,    SUCCESS        2            4            18.59        20.86            39.45            1
    23        24,    SUCCESS        2            3            18.28        21.28            39.56            1
    20        21,    SUCCESS        2            7            18.15        21.41            39.56            1
    44        45,    SUCCESS        2            17            18.93        21.07            40            1
    33        34,    SUCCESS        2            1            18.64        21.47            40.11            1
    10        11,    SUCCESS        2            8            19.06        22.23            41.29            1
    31        32,    SUCCESS        2            15            17.52        38.57            56.09            1
    32        33,    SUCCESS        2            12            17.93        38.29            56.22            1
    17        18,    SUCCESS        2            2            17.93        38.97            56.9            1
    37        38,    SUCCESS        2            4            17.62        39.45            57.07            1
    42        43,    SUCCESS        2            7            17.98        39.56            57.54            1
    25        26,    SUCCESS        2            5            18.74        39.08            57.82            1
    16        17,    SUCCESS        2            8            17.81        41.29            59.1            1
    34        35,    SUCCESS        2            15            17.55        56.09            73.64            1
    38        39,    SUCCESS        2            8            18.04        59.1            77.14            1
    43        44,    SUCCESS        2            15            18.8        73.64            92.44            1
    72        73,    SUCCESS        2            1            284.96        40.11            325.07            2
    52        53,    SUCCESS        2            11            306.01        39.22            345.23            2
    60        61,    SUCCESS        2            5            293.58        57.82            351.4            2
    63        64,    SUCCESS        2            17            326.85        40            366.85            2
    45        46,    SUCCESS        2            12            332.28        56.22            388.5            2
    53        54,    SUCCESS        2            6            383.83        20.92            404.75            2
    57        58,    SUCCESS        2            3            386.66        39.56            426.22            2
    49        50,    SUCCESS        2            10            468.3        20.22            488.52            2
    58        59,    SUCCESS        2            19            510.23        39.08            549.31            2
    56        57,    SUCCESS        2            13            583.43        21.07            604.5            2
    47        48,    SUCCESS        2            9            565.92        39.08            605            2
    73        74,    SUCCESS        2            4            548.04        57.07            605.11            2
    46        47,    SUCCESS        2            18            570.05        38.74            608.79            2
    71        72,    SUCCESS        2            7            561.2        57.54            618.74            2
    62        63,    SUCCESS        2            14            565.17        56.9            622.07            2
    54        55,    SUCCESS        2            0            647.29        39.08            686.37            2
    48        49,    SUCCESS        2            15            625.35        92.44            717.79            2
    83        84,    SUCCESS        2            19            233.37        549.31            782.68            2
    74        75,    SUCCESS        2            5            447.08        351.4            798.48            2
    81        82,    SUCCESS        2            3            454.05        426.22            880.27            2
    65        66,    SUCCESS        2            12            497.92        388.5            886.42            2
    84        85,    SUCCESS        2            9            300.79        605            905.79            2
    50        51,    SUCCESS        2            11            566.8        345.23            912.03            2
    59        60,    SUCCESS        2            7            334.73        618.74            953.47            2
    66        67,    SUCCESS        2            10            510.01        488.52            998.53            2
    67        68,    SUCCESS        2            0            331.58        686.37            1017.95            2
    68        69,    SUCCESS        2            15            410.31        717.79            1128.1            2
    78        79,    SUCCESS        2            4            625.04        605.11            1230.15            2
    64        65,    SUCCESS        2            13            660.85        604.5            1265.35            2
    70        71,    SUCCESS        2            3            390.8        880.27            1271.07            2
    75        76,    SUCCESS        2            7            396.86        953.47            1350.33            2
    55        56,    SUCCESS        2            10            364.79        998.53            1363.32            2
    89        90,    SUCCESS        2            15            386.86        1128.1            1514.96            2
    95        96,    SUCCESS        2            1            5.71        1514.96            1520.67            3
    86        87,    SUCCESS        2            11            618.21        912.03            1530.24            2
    51        52,    SUCCESS        2            0            589.01        1017.95            1606.96            2
    69        70,    SUCCESS        2            7            286.96        1350.33            1637.29            2
    80        81,    SUCCESS        2            13            534.17        1265.35            1799.52            2
    79        80,    SUCCESS        2            4            578.05        1230.15            1808.2            2
    90        91,    SUCCESS        2            4            5.08        1808.2            1813.28            3
    104        105,    SUCCESS        2            4            4.42        1813.28            1817.7            4
    102        103,    SUCCESS        2            17            4.61        1813.28            1817.89            4
    103        104,    SUCCESS        2            10            5.09        1813.28            1818.37            4
    105        106,    SUCCESS        2            6            5.23        1813.28            1818.51            4
    101        102,    SUCCESS        2            12            5.39        1813.28            1818.67            4
    96        97,    SUCCESS        2            8            5.55        1813.28            1818.83            4
    100        101,    SUCCESS        2            14            5.66        1813.28            1818.94            4
    106        107,    SUCCESS        2            6            5.11        1818.51            1823.62            4
    107        108,    SUCCESS        2            8            4.98        1818.83            1823.81            4
    85        86,    SUCCESS        2            7            244.88        1637.29            1882.17            2
    88        89,    SUCCESS        2            11            516.92        1530.24            2047.16            2
    97        98,    SUCCESS        2            11            4.91        2047.16            2052.07            4
    77        78,    SUCCESS        2            13            279.39        1799.52            2078.91            2
    98        99,    SUCCESS        2            13            5.33        2078.91            2084.24            4
    99        100,    SUCCESS        2            13            5.33        2084.24            2089.57            4
    76        77,    SUCCESS        2            15            660.2        1514.96            2175.16            2
    92        93,    SUCCESS        2            12            5.44        2175.16            2180.6            3
    125        126,    SUCCESS        2            18            4.82        2180.6            2185.42            4
    123        124,    SUCCESS        2            10            5.09        2180.6            2185.69            4
    132        133,    SUCCESS        2            4            5.46        2180.6            2186.06            4
    131        132,    SUCCESS        2            18            5.22        2185.42            2190.64            4
    130        131,    SUCCESS        2            10            5.84        2185.69            2191.53            4
    154        155,    SUCCESS        2            5            404.86        1818.51            2223.37            5
    82        83,    SUCCESS        2            0            665.16        1606.96            2272.12            2
    151        152,    SUCCESS        2            11            240.34        2052.07            2292.41            5
    146        147,    SUCCESS        2            2            267.51        2052.07            2319.58            5
    153        154,    SUCCESS        2            1            587.19        1817.7            2404.9            5
    149        150,    SUCCESS        2            6            589.37        1823.62            2412.99            5
    145        146,    SUCCESS        2            9            598.89        1818.83            2417.72            5
    127        128,    SUCCESS        2            6            5.11        2412.99            2418.1            4
    128        129,    SUCCESS        2            9            4.82        2417.72            2422.54            4
    150        151,    SUCCESS        2            5            247.67        2223.37            2471.04            5
    87        88,    SUCCESS        2            15            368.17        2175.16            2543.33            2
    108        109,    SUCCESS        2            15            4.78        2543.33            2548.11            4
    93        94,    SUCCESS        2            16            5.39        2543.33            2548.72            3
    134        135,    SUCCESS        2            16            4.72        2548.72            2553.44            4
    133        134,    SUCCESS        2            9            5.2        2548.72            2553.92            4
    138        139,    SUCCESS        2            12            5.46        2548.72            2554.18            4
    139        140,    SUCCESS        2            9            5.04        2553.92            2558.96            4
    152        153,    SUCCESS        2            13            561.65        2089.57            2651.22            5
    137        138,    SUCCESS        2            13            4.68        2651.22            2655.9            4
    172        173,    SUCCESS        2            8            477.86        2185.69            2663.55            5
    147        148,    SUCCESS        2            19            614.79        2084.24            2699.03            5
    148        149,    SUCCESS        2            3            622.78        2089.57            2712.35            5
    157        158,    SUCCESS        2            6            240.59        2548.11            2788.7            5
    61        62,    SUCCESS        2            0            543.95        2272.12            2816.07            2
    124        125,    SUCCESS        2            0            5.16        2816.07            2821.23            4
    91        92,    SUCCESS        2            18            5.76        2816.07            2821.84            3
    109        110,    SUCCESS        2            13            4.82        2821.84            2826.66            4
    113        114,    SUCCESS        2            12            4.95        2821.84            2826.79            4
    117        118,    SUCCESS        2            9            5.29        2821.84            2827.13            4
    112        113,    SUCCESS        2            17            5.29        2821.84            2827.13            4
    110        111,    SUCCESS        2            13            5.18        2826.66            2831.84            4
    115        116,    SUCCESS        2            12            5.24        2826.79            2832.03            4
    119        120,    SUCCESS        2            12            5.64        2832.03            2837.67            4
    177        178,    SUCCESS        2            4            432.54        2422.54            2855.08            5
    155        156,    SUCCESS        2            1            548.16        2404.9            2953.06            5
    122        123,    SUCCESS        2            1            4.72        2953.06            2957.78            4
    94        95,    SUCCESS        2            1            5.64        2957.78            2963.42            3
    176        177,    SUCCESS        2            7            629.31        2418.1            3047.42            5
    116        117,    SUCCESS        2            7            5.02        3047.42            3052.44            4
    173        174,    SUCCESS        2            5            241.87        2821.23            3063.1            5
    187        188,    SUCCESS        2            11            582.42        2554.18            3136.6            5
    121        122,    SUCCESS        2            11            4.96        3136.6            3141.56            4
    181        182,    SUCCESS        2            19            448.64        2699.03            3147.67            5
    136        137,    SUCCESS        2            19            5.11        3147.67            3152.78            4
    156        157,    SUCCESS        2            15            608.74        2548.11            3156.85            5
    118        119,    SUCCESS        2            19            5.38        3152.78            3158.16            4
    126        127,    SUCCESS        2            15            4.61        3156.85            3161.46            4
    120        121,    SUCCESS        2            19            4.64        3158.16            3162.8            4
    129        130,    SUCCESS        2            15            5.07        3161.46            3166.53            4
    111        112,    SUCCESS        2            15            5.12        3166.53            3171.65            4
    164        165,    SUCCESS        2            9            348.15        2832.03            3180.18            5
    142        143,    SUCCESS        2            9            4.89        3180.18            3185.07            4
    144        145,    SUCCESS        2            9            4.74        3185.07            3189.81            4
    174        175,    SUCCESS        2            3            556.57        2712.35            3268.92            5
    180        181,    SUCCESS        2            8            640.46        2663.55            3304.01            5
    165        166,    SUCCESS        2            4            296.18        3052.44            3348.62            5
    159        160,    SUCCESS        2            16            516.98        2831.84            3348.81            5
    179        180,    SUCCESS        2            0            601.29        2821.23            3422.52            5
    135        136,    SUCCESS        2            0            5.75        3422.52            3428.27            4
    140        141,    SUCCESS        2            0            5.38        3428.27            3433.65            4
    141        142,    SUCCESS        2            0            4.94        3433.65            3438.59            4
    143        144,    SUCCESS        2            0            4.9        3438.59            3443.49            4
    182        183,    SUCCESS        2            1            498.67        2963.42            3462.09            5
    185        186,    SUCCESS        2            13            325.12        3152.78            3477.91            5
    158        159,    SUCCESS        2            18            687.26        2826.66            3513.92            5
    166        167,    SUCCESS        2            11            426.4        3141.56            3567.96            5
    160        161,    SUCCESS        2            14            401.46        3171.65            3573.11            5
    162        163,    SUCCESS        2            7            532.94        3052.44            3585.38            5
    161        162,    SUCCESS        2            19            566.2        3162.8            3729            5
    194        195,    SUCCESS        2            19            5.13        3729            3734.13            6
    169        170,    SUCCESS        2            15            568.77        3171.65            3740.42            5
    188        189,    SUCCESS        2            1            282.58        3462.09            3744.67            5
    170        171,    SUCCESS        2            9            586.02        3189.81            3775.83            5
    175        176,    SUCCESS        2            5            671.18        3161.46            3832.64            5
    183        184,    SUCCESS        2            8            542.1        3304.01            3846.11            5
    114        115,    SUCCESS        2            8            5.25        3846.11            3851.36            4
    190        191,    SUCCESS        2            2            479.35        3438.59            3917.94            5
    191        192,    SUCCESS        2            7            449.53        3585.38            4034.91            5
    193        194,    SUCCESS        2            16            687.17        3348.81            4035.98            5
    199        200,    SUCCESS        2            3            5.02        4035.98            4041            6
    186        187,    SUCCESS        2            1            305.73        3744.67            4050.4            5
    184        185,    SUCCESS        2            13            578.8        3477.91            4056.71            5
    189        190,    SUCCESS        2            4            665.6        3433.65            4099.25            5
    163        164,    SUCCESS        2            19            307.8        3851.36            4159.17            5
    168        169,    SUCCESS        2            8            314.03        3851.36            4165.39            5
    178        179,    SUCCESS        2            9            517.75        3775.83            4293.58            5
    171        172,    SUCCESS        2            1            523.52        4050.4            4573.92            5
    196        197,    SUCCESS        2            4            5.63        4573.92            4579.55            6
    192        193,    SUCCESS        2            9            289.23        4293.58            4582.81            5
    198        199,    SUCCESS        2            11            5.53        4582.81            4588.34            6
    167        168,    SUCCESS        2            1            687.17        4573.92            5261.09            5
    197        198,    SUCCESS        2            1            5.32        5261.09            5266.41            6
    195        196,    SUCCESS        2            10            5.63        5261.09            5266.72            6