========== OUTPUT ==========
Job ID    Task ID    STATUS    Data center ID    VM ID        Time    Start Time    Finish Time    Depth
    500        Stage-in    SUCCESS        2            19            0.11        0.1            0.21            0
    80        81,    SUCCESS        2            1            19.86        0.21            20.07            1
    19        20,    SUCCESS        2            3            20.08        0.21            20.29            1
    5        6,    SUCCESS        2            11            20.2        0.21            20.41            1
    1        2,    SUCCESS        2            19            20.37        0.21            20.58            1
    11        12,    SUCCESS        2            4            20.48        0.21            20.69            1
    41        42,    SUCCESS        2            15            20.48        0.21            20.69            1
    27        28,    SUCCESS        2            16            20.55        0.21            20.76            1
    17        18,    SUCCESS        2            8            20.96        0.21            21.17            1
    28        29,    SUCCESS        2            7            20.98        0.21            21.19            1
    6        7,    SUCCESS        2            0            21.06        0.21            21.27            1
    15        16,    SUCCESS        2            14            21.06        0.21            21.27            1
    7        8,    SUCCESS        2            2            21.16        0.21            21.37            1
    30        31,    SUCCESS        2            12            21.18        0.21            21.39            1
    22        23,    SUCCESS        2            6            21.2        0.21            21.41            1
    2        3,    SUCCESS        2            10            21.2        0.21            21.41            1
    4        5,    SUCCESS        2            13            21.29        0.21            21.5            1
    8        9,    SUCCESS        2            17            21.29        0.21            21.5            1
    16        17,    SUCCESS        2            18            21.31        0.21            21.52            1
    0        1,    SUCCESS        2            5            21.32        0.21            21.53            1
    42        43,    SUCCESS        2            15            17.25        20.69            37.94            1
    45        46,    SUCCESS        2            19            17.5        20.58            38.08            1
    87        88,    SUCCESS        2            4            17.56        20.69            38.25            1
    65        66,    SUCCESS        2            11            17.94        20.41            38.36            1
    29        30,    SUCCESS        2            16            18        20.76            38.76            1
    23        24,    SUCCESS        2            13            17.44        21.5            38.94            1
    21        22,    SUCCESS        2            3            18.81        20.29            39.1            1
    46        47,    SUCCESS        2            7            18.19        21.19            39.38            1
    71        72,    SUCCESS        2            0            18.22        21.27            39.49            1
    18        19,    SUCCESS        2            8            18.32        21.17            39.49            1
    14        15,    SUCCESS        2            17            17.99        21.5            39.49            1
    20        21,    SUCCESS        2            18            18.08        21.52            39.6            1
    25        26,    SUCCESS        2            6            18.3        21.41            39.71            1
    50        51,    SUCCESS        2            10            18.3        21.41            39.71            1
    51        52,    SUCCESS        2            2            18.45        21.37            39.82            1
    3        4,    SUCCESS        2            5            18.4        21.53            39.93            1
    58        59,    SUCCESS        2            14            18.66        21.27            39.93            1
    34        35,    SUCCESS        2            12            18.71        21.39            40.1            1
    74        75,    SUCCESS        2            11            17.61        38.36            55.97            1
    97        98,    SUCCESS        2            4            17.96        38.25            56.21            1
    44        45,    SUCCESS        2            15            18.8        37.94            56.74            1
    35        36,    SUCCESS        2            16            18.09        38.76            56.85            1
    49        50,    SUCCESS        2            19            18.77        38.08            56.85            1
    38        39,    SUCCESS        2            8            17.79        39.49            57.28            1
    57        58,    SUCCESS        2            17            17.9        39.49            57.39            1
    33        34,    SUCCESS        2            3            18.4        39.1            57.5            1
    88        89,    SUCCESS        2            0            18.12        39.49            57.61            1
    24        25,    SUCCESS        2            18            18.01        39.6            57.61            1
    32        33,    SUCCESS        2            6            18.01        39.71            57.72            1
    113        114,    SUCCESS        2            10            18.19        39.71            57.9            1
    54        55,    SUCCESS        2            12            17.91        40.1            58.01            1
    62        63,    SUCCESS        2            14            18.2        39.93            58.13            1
    52        53,    SUCCESS        2            2            18.42        39.82            58.24            1
    9        10,    SUCCESS        2            5            18.31        39.93            58.24            1
    60        61,    SUCCESS        2            7            18.86        39.38            58.24            1
    55        56,    SUCCESS        2            13            19.41        38.94            58.35            1
    75        76,    SUCCESS        2            11            17.69        55.97            73.66            1
    99        100,    SUCCESS        2            4            18.08        56.21            74.29            1
    56        57,    SUCCESS        2            16            17.6        56.85            74.45            1
    63        64,    SUCCESS        2            15            17.82        56.74            74.56            1
    82        83,    SUCCESS        2            19            18.07        56.85            74.92            1
    39        40,    SUCCESS        2            8            18.13        57.28            75.41            1
    59        60,    SUCCESS        2            17            18.17        57.39            75.56            1
    36        37,    SUCCESS        2            6            17.95        57.72            75.67            1
    90        91,    SUCCESS        2            3            18.32        57.5            75.82            1
    66        67,    SUCCESS        2            7            17.71        58.24            75.95            1
    111        112,    SUCCESS        2            0            18.45        57.61            76.06            1
    10        11,    SUCCESS        2            5            17.82        58.24            76.06            1
    61        62,    SUCCESS        2            12            18.05        58.01            76.06            1
    26        27,    SUCCESS        2            18            18.45        57.61            76.06            1
    64        65,    SUCCESS        2            2            18.37        58.24            76.61            1
    70        71,    SUCCESS        2            13            18.76        58.35            77.11            1
    94        95,    SUCCESS        2            14            19.34        58.13            77.47            1
    83        84,    SUCCESS        2            11            17.45        73.66            91.11            1
    105        106,    SUCCESS        2            4            17.68        74.29            91.97            1
    98        99,    SUCCESS        2            19            17.39        74.92            92.31            1
    109        110,    SUCCESS        2            15            18.07        74.56            92.63            1
    67        68,    SUCCESS        2            8            17.33        75.41            92.74            1
    103        104,    SUCCESS        2            17            17.75        75.56            93.31            1
    40        41,    SUCCESS        2            6            18.36        75.67            94.03            1
    95        96,    SUCCESS        2            3            18.32        75.82            94.14            1
    37        38,    SUCCESS        2            18            18.08        76.06            94.14            1
    12        13,    SUCCESS        2            5            18.19        76.06            94.25            1
    72        73,    SUCCESS        2            12            18.36        76.06            94.42            1
    93        94,    SUCCESS        2            7            18.81        75.95            94.76            1
    79        80,    SUCCESS        2            2            18.29        76.61            94.9            1
    107        108,    SUCCESS        2            14            18.02        77.47            95.49            1
    81        82,    SUCCESS        2            13            18.49        77.11            95.6            1
    84        85,    SUCCESS        2            11            18.16        91.11            109.27            1
    106        107,    SUCCESS        2            4            17.96        91.97            109.93            1
    102        103,    SUCCESS        2            19            17.98        92.31            110.29            1
    68        69,    SUCCESS        2            8            17.82        92.74            110.56            1
    47        48,    SUCCESS        2            6            17.67        94.03            111.7            1
    77        78,    SUCCESS        2            18            17.97        94.14            112.11            1
    13        14,    SUCCESS        2            5            18.58        94.25            112.83            1
    73        74,    SUCCESS        2            12            18.41        94.42            112.83            1
    110        111,    SUCCESS        2            3            19.17        94.14            113.31            1
    91        92,    SUCCESS        2            2            18.52        94.9            113.42            1
    100        101,    SUCCESS        2            13            18.07        95.6            113.67            1
    104        105,    SUCCESS        2            11            18.08        109.27            127.35            1
    76        77,    SUCCESS        2            8            17.75        110.56            128.31            1
    48        49,    SUCCESS        2            6            18.01        111.7            129.71            1
    92        93,    SUCCESS        2            18            18.32        112.11            130.43            1
    31        32,    SUCCESS        2            5            18.14        112.83            130.97            1
    86        87,    SUCCESS        2            12            18.35        112.83            131.18            1
    101        102,    SUCCESS        2            2            18.33        113.42            131.75            1
    112        113,    SUCCESS        2            11            18.13        127.35            145.48            1
    78        79,    SUCCESS        2            8            17.82        128.31            146.13            1
    53        54,    SUCCESS        2            6            18.42        129.71            148.13            1
    108        109,    SUCCESS        2            18            18.46        130.43            148.89            1
    43        44,    SUCCESS        2            5            18.43        130.97            149.4            1
    114        115,    SUCCESS        2            2            18.1        131.75            149.85            1
    85        86,    SUCCESS        2            8            18.22        146.13            164.35            1
    69        70,    SUCCESS        2            6            18.34        148.13            166.47            1
    89        90,    SUCCESS        2            6            17.34        166.47            183.81            1
    96        97,    SUCCESS        2            6            18.18        183.81            201.99            1
    151        152,    SUCCESS        2            1            255.81        75.67            331.48            2
    137        138,    SUCCESS        2            2            266.26        149.85            416.11            2
    121        122,    SUCCESS        2            9            454.03        21.27            475.29            2
    122        123,    SUCCESS        2            4            397.17        109.93            507.1            2
    135        136,    SUCCESS        2            7            478.49        94.76            573.25            2
    116        117,    SUCCESS        2            15            482.15        92.63            574.78            2
    132        133,    SUCCESS        2            13            493.31        113.67            606.98            2
    195        196,    SUCCESS        2            12            527.25        131.18            658.43            2
    143        144,    SUCCESS        2            10            604.06        57.9            661.96            2
    176        177,    SUCCESS        2            1            347.07        331.48            678.55            2
    169        170,    SUCCESS        2            2            266.93        416.11            683.04            2
    134        135,    SUCCESS        2            19            581.78        110.29            692.07            2
    180        181,    SUCCESS        2            16            618.5        74.45            692.95            2
    226        227,    SUCCESS        2            0            622.49        76.06            698.55            2
    126        127,    SUCCESS        2            8            539.64        164.35            703.99            2
    160        161,    SUCCESS        2            11            578.07        145.48            723.55            2
    156        157,    SUCCESS        2            17            643.56        93.31            736.87            2
    172        173,    SUCCESS        2            6            547.6        201.99            749.59            2
    120        121,    SUCCESS        2            18            613.49        148.89            762.38            2
    130        131,    SUCCESS        2            14            667.55        95.49            763.04            2
    123        124,    SUCCESS        2            3            655.94        113.31            769.25            2
    129        130,    SUCCESS        2            5            666.67        149.4            816.07            2
    115        116,    SUCCESS        2            4            334.29        507.1            841.39            2
    164        165,    SUCCESS        2            7            315.9        573.25            889.15            2
    173        174,    SUCCESS        2            12            275.36        658.43            933.79            2
    119        120,    SUCCESS        2            13            332.5        606.98            939.48            2
    174        175,    SUCCESS        2            2            287.39        683.04            970.43            2
    189        190,    SUCCESS        2            3            261.92        769.25            1031.17            2
    117        118,    SUCCESS        2            9            600.56        475.29            1075.85            2
    118        119,    SUCCESS        2            15            528.99        574.78            1103.77            2
    144        145,    SUCCESS        2            16            440.66        692.95            1133.61            2
    198        199,    SUCCESS        2            4            305.74        841.39            1147.13            2
    133        134,    SUCCESS        2            5            404.59        816.07            1220.66            2
    141        142,    SUCCESS        2            6            490.07        749.59            1239.66            2
    177        178,    SUCCESS        2            10            614.11        661.96            1276.07            2
    207        208,    SUCCESS        2            17            570.82        736.87            1307.69            2
    167        168,    SUCCESS        2            11            588.12        723.55            1311.67            2
    131        132,    SUCCESS        2            18            567.11        762.38            1329.49            2
    140        141,    SUCCESS        2            14            568.8        763.04            1331.84            2
    138        139,    SUCCESS        2            13            407.2        939.48            1346.68            2
    142        143,    SUCCESS        2            8            656.71        703.99            1360.7            2
    145        146,    SUCCESS        2            19            682.52        692.07            1374.59            2
    220        221,    SUCCESS        2            4            248.42        1147.13            1395.55            2
    222        223,    SUCCESS        2            2            431.16        970.43            1401.59            2
    147        148,    SUCCESS        2            7            592.42        889.15            1481.57            2
    185        186,    SUCCESS        2            12            576.28        933.79            1510.07            2
    186        187,    SUCCESS        2            16            435.85        1133.61            1569.46            2
    175        176,    SUCCESS        2            3            579.03        1031.17            1610.2            2
    155        156,    SUCCESS        2            6            388.34        1239.66            1628            2
    125        126,    SUCCESS        2            11            331.25        1311.67            1642.92            2
    136        137,    SUCCESS        2            8            301.41        1360.7            1662.11            2
    206        207,    SUCCESS        2            2            278.76        1401.59            1680.35            2
    213        214,    SUCCESS        2            4            305.2        1395.55            1700.75            2
    148        149,    SUCCESS        2            9            631.44        1075.85            1707.29            2
    205        206,    SUCCESS        2            13            361.99        1346.68            1708.67            2
    149        150,    SUCCESS        2            15            673.05        1103.77            1776.82            2
    139        140,    SUCCESS        2            16            290.9        1569.46            1860.36            2
    224        225,    SUCCESS        2            11            236.82        1642.92            1879.74            2
    166        167,    SUCCESS        2            5            681.84        1220.66            1902.5            2
    187        188,    SUCCESS        2            10            662.21        1276.07            1938.28            2
    202        203,    SUCCESS        2            19            575.93        1374.59            1950.52            2
    165        166,    SUCCESS        2            14            624.58        1331.84            1956.42            2
    157        158,    SUCCESS        2            18            668.2        1329.49            1997.69            2
    229        230,    SUCCESS        2            4            306.63        1700.75            2007.38            2
    240        241,    SUCCESS        2            1            5.73        2007.38            2013.11            3
    163        164,    SUCCESS        2            12            539.83        1510.07            2049.9            2
    208        209,    SUCCESS        2            15            289.07        1776.82            2065.89            2
    158        159,    SUCCESS        2            2            404.23        1680.35            2084.58            2
    171        172,    SUCCESS        2            3            490.77        1610.2            2100.97            2
    127        128,    SUCCESS        2            6            481.05        1628            2109.05            2
    199        200,    SUCCESS        2            11            235.59        1879.74            2115.33            2
    179        180,    SUCCESS        2            9            429.95        1707.29            2137.24            2
    194        195,    SUCCESS        2            10            250.56        1938.28            2188.84            2
    150        151,    SUCCESS        2            5            354.7        1902.5            2257.2            2
    209        210,    SUCCESS        2            13            616.86        1708.67            2325.53            2
    161        162,    SUCCESS        2            8            675.96        1662.11            2338.07            2
    124        125,    SUCCESS        2            19            390.59        1950.52            2341.11            2
    193        194,    SUCCESS        2            6            246.15        2109.05            2355.2            2
    228        229,    SUCCESS        2            16            508.35        1860.36            2368.71            2
    146        147,    SUCCESS        2            12            326.98        2049.9            2376.88            2
    182        183,    SUCCESS        2            3            338.15        2100.97            2439.12            2
    183        184,    SUCCESS        2            9            327.97        2137.24            2465.21            2
    221        222,    SUCCESS        2            15            406.66        2065.89            2472.55            2
    170        171,    SUCCESS        2            18            528.75        1997.69            2526.44            2
    227        228,    SUCCESS        2            10            346.57        2188.84            2535.41            2
    239        240,    SUCCESS        2            4            5.67        2535.41            2541.08            3
    362        363,    SUCCESS        2            13            4.81        2541.08            2545.9            4
    363        364,    SUCCESS        2            1            4.87        2541.08            2545.96            4
    153        154,    SUCCESS        2            14            613.26        1956.42            2569.68            2
    219        220,    SUCCESS        2            5            396.75        2257.2            2653.95            2
    152        153,    SUCCESS        2            19            355.18        2341.11            2696.29            2
    201        202,    SUCCESS        2            12            324.23        2376.88            2701.11            2
    196        197,    SUCCESS        2            3            309.52        2439.12            2748.64            2
    241        242,    SUCCESS        2            3            5.16        2748.64            2753.8            3
    212        213,    SUCCESS        2            8            519.14        2338.07            2857.21            2
    162        163,    SUCCESS        2            9            431.77        2465.21            2896.98            2
    190        191,    SUCCESS        2            16            529.49        2368.71            2898.2            2
    168        169,    SUCCESS        2            12            247.08        2701.11            2948.19            2
    225        226,    SUCCESS        2            19            258.51        2696.29            2954.8            2
    364        365,    SUCCESS        2            19            4.92        2954.8            2959.72            4
    486        487,    SUCCESS        2            18            499.49        2545.96            3045.45            5
    485        486,    SUCCESS        2            2            530.09        2545.9            3075.99            5
    238        239,    SUCCESS        2            2            5.46        3075.99            3081.45            3
    359        360,    SUCCESS        2            4            4.61        3081.45            3086.06            4
    360        361,    SUCCESS        2            7            5.12        3081.45            3086.57            4
    361        362,    SUCCESS        2            4            5.17        3086.06            3091.23            4
    217        218,    SUCCESS        2            15            632.02        2472.55            3104.57            2
    159        160,    SUCCESS        2            8            323.39        2857.21            3180.6            2
    128        129,    SUCCESS        2            14            611.03        2569.68            3180.71            2
    230        231,    SUCCESS        2            11            6.14        3180.71            3186.85            3
    266        267,    SUCCESS        2            18            4.86        3186.85            3191.71            4
    265        266,    SUCCESS        2            1            4.89        3186.85            3191.74            4
    246        247,    SUCCESS        2            7            4.93        3186.85            3191.78            4
    248        249,    SUCCESS        2            6            5.09        3186.85            3191.94            4
    249        250,    SUCCESS        2            12            5.22        3186.85            3192.07            4
    250        251,    SUCCESS        2            11            5.37        3186.85            3192.22            4
    242        243,    SUCCESS        2            2            5.82        3186.85            3192.67            4
    253        254,    SUCCESS        2            7            4.75        3191.78            3196.53            4
    261        262,    SUCCESS        2            12            4.87        3192.07            3196.94            4
    256        257,    SUCCESS        2            11            5.07        3192.22            3197.29            4
    251        252,    SUCCESS        2            2            4.96        3192.67            3197.63            4
    216        217,    SUCCESS        2            5            547.96        2653.95            3201.91            2
    264        265,    SUCCESS        2            2            5.19        3197.63            3202.82            4
    214        215,    SUCCESS        2            16            488.08        2898.2            3386.28            2
    483        484,    SUCCESS        2            19            384.46        3086.57            3471.03            5
    258        259,    SUCCESS        2            19            5.51        3471.03            3476.54            4
    188        189,    SUCCESS        2            14            328.9        3180.71            3509.61            2
    259        260,    SUCCESS        2            14            4.67        3509.61            3514.28            4
    204        205,    SUCCESS        2            9            617.77        2896.98            3514.75            2
    260        261,    SUCCESS        2            9            5.12        3514.75            3519.87            4
    263        264,    SUCCESS        2            9            4.8        3519.87            3524.67            4
    374        375,    SUCCESS        2            7            327.93        3197.63            3525.56            5
    192        193,    SUCCESS        2            15            421.17        3104.57            3525.74            2
    482        483,    SUCCESS        2            4            441.6        3091.23            3532.83            5
    247        248,    SUCCESS        2            4            5.04        3532.83            3537.87            4
    257        258,    SUCCESS        2            4            4.56        3537.87            3542.43            4
    211        212,    SUCCESS        2            5            341.67        3201.91            3543.58            2
    262        263,    SUCCESS        2            4            5.42        3542.43            3547.85            4
    243        244,    SUCCESS        2            5            5.01        3543.58            3548.59            4
    244        245,    SUCCESS        2            5            5.53        3548.59            3554.12            4
    252        253,    SUCCESS        2            5            5.04        3554.12            3559.16            4
    203        204,    SUCCESS        2            8            389.99        3180.6            3570.59            2
    365        366,    SUCCESS        2            6            407.78        3192.67            3600.45            5
    484        485,    SUCCESS        2            17            534.78        3091.23            3626.01            5
    154        155,    SUCCESS        2            16            243.32        3386.28            3629.6            2
    487        488,    SUCCESS        2            3            691.33        2959.72            3651.05            5
    357        358,    SUCCESS        2            3            5.05        3651.05            3656.1            4
    268        269,    SUCCESS        2            3            4.82        3656.1            3660.92            4
    373        374,    SUCCESS        2            10            498.71        3192.22            3690.93            5
    231        232,    SUCCESS        2            10            5.48        3690.93            3696.41            3
    290        291,    SUCCESS        2            2            4.84        3696.41            3701.26            4
    288        289,    SUCCESS        2            6            4.97        3696.41            3701.39            4
    497        498,    SUCCESS        2            10            5.69        3696.41            3702.1            6
    369        370,    SUCCESS        2            11            553.93        3197.29            3751.22            5
    389        390,    SUCCESS        2            12            566.91        3196.94            3763.85            5
    371        372,    SUCCESS        2            1            591.43        3191.94            3783.37            5
    387        388,    SUCCESS        2            19            343.1        3476.54            3819.64            5
    384        385,    SUCCESS        2            18            632.39        3196.94            3829.33            5
    366        367,    SUCCESS        2            7            291.26        3548.59            3839.86            5
    287        288,    SUCCESS        2            7            5.11        3839.86            3844.97            4
    178        179,    SUCCESS        2            8            296.3        3570.59            3866.89            2
    379        380,    SUCCESS        2            4            337.31        3547.85            3885.16            5
    274        275,    SUCCESS        2            4            5.81        3885.16            3890.97            4
    291        292,    SUCCESS        2            4            5.02        3890.97            3895.99            4
    218        219,    SUCCESS        2            16            328.42        3629.6            3958.02            2
    388        389,    SUCCESS        2            17            332.22        3626.01            3958.23            5
    381        382,    SUCCESS        2            5            457.82        3559.16            4016.98            5
    276        277,    SUCCESS        2            5            5.51        4016.98            4022.49            4
    281        282,    SUCCESS        2            5            4.71        4022.49            4027.2            4
    282        283,    SUCCESS        2            5            5.32        4027.2            4032.52            4
    285        286,    SUCCESS        2            5            5.7        4032.52            4038.22            4
    289        290,    SUCCESS        2            5            5.06        4038.22            4043.28            4
    383        384,    SUCCESS        2            9            547.85        3524.67            4072.52            5
    191        192,    SUCCESS        2            15            581.43        3525.74            4107.17            2
    197        198,    SUCCESS        2            8            253.22        3866.89            4120.11            2
    382        383,    SUCCESS        2            3            464.43        3660.92            4125.35            5
    391        392,    SUCCESS        2            12            364.13        3763.85            4127.98            5
    283        284,    SUCCESS        2            12            4.73        4127.98            4132.71            4
    380        381,    SUCCESS        2            19            316.68        3819.64            4136.32            5
    413        414,    SUCCESS        2            13            623.03        3701.26            4324.29            5
    215        216,    SUCCESS        2            16            370.8        3958.02            4328.82            2
    245        246,    SUCCESS        2            16            5.07        4328.82            4333.89            4
    410        411,    SUCCESS        2            10            493.68        3844.97            4338.65            5
    386        387,    SUCCESS        2            17            387.31        3958.23            4345.54            5
    269        270,    SUCCESS        2            17            5.69        4345.54            4351.23            4
    270        271,    SUCCESS        2            17            5.02        4351.23            4356.25            4
    280        281,    SUCCESS        2            17            5.22        4356.25            4361.47            4
    385        386,    SUCCESS        2            1            645.72        3783.37            4429.09            5
    498        499,    SUCCESS        2            1            5.45        4429.09            4434.54            6
    404        405,    SUCCESS        2            6            440.27        4027.2            4467.47            5
    480        481,    SUCCESS        2            18            683.35        3829.33            4512.68            5
    271        272,    SUCCESS        2            18            5.04        4512.68            4517.72            4
    279        280,    SUCCESS        2            18            4.98        4517.72            4522.7            4
    399        400,    SUCCESS        2            9            569.48        4072.52            4642            5
    181        182,    SUCCESS        2            8            557.19        4120.11            4677.3            2
    376        377,    SUCCESS        2            16            344.57        4333.89            4678.46            5
    184        185,    SUCCESS        2            15            584.48        4107.17            4691.65            2
    255        256,    SUCCESS        2            15            5.37        4691.65            4697.02            4
    277        278,    SUCCESS        2            15            4.63        4697.02            4701.65            4
    392        393,    SUCCESS        2            4            361.32        4351.23            4712.55            5
    414        415,    SUCCESS        2            17            352.53        4361.47            4714            5
    233        234,    SUCCESS        2            4            5.42        4712.55            4717.97            3
    370        371,    SUCCESS        2            3            595.84        4125.35            4721.19            5
    312        313,    SUCCESS        2            4            4.59        4717.97            4722.57            4
    311        312,    SUCCESS        2            13            4.64        4717.97            4722.62            4
    318        319,    SUCCESS        2            9            5.41        4717.97            4723.39            4
    313        314,    SUCCESS        2            15            5.69        4717.97            4723.67            4
    273        274,    SUCCESS        2            3            5.62        4721.19            4726.81            4
    315        316,    SUCCESS        2            13            5.15        4722.62            4727.77            4
    275        276,    SUCCESS        2            3            4.57        4726.81            4731.38            4
    321        322,    SUCCESS        2            13            4.8        4727.77            4732.57            4
    278        279,    SUCCESS        2            3            5.01        4731.38            4736.39            4
    323        324,    SUCCESS        2            13            5.41        4732.57            4737.98            4
    286        287,    SUCCESS        2            3            4.62        4736.39            4741.01            4
    394        395,    SUCCESS        2            2            237.52        4517.72            4755.25            5
    368        369,    SUCCESS        2            11            447.25        4333.89            4781.14            5
    408        409,    SUCCESS        2            12            667.41        4132.71            4800.12            5
    406        407,    SUCCESS        2            7            672.49        4132.71            4805.2            5
    310        311,    SUCCESS        2            7            5.53        4805.2            4810.73            4
    403        404,    SUCCESS        2            10            451.66        4361.47            4813.13            5
    232        233,    SUCCESS        2            10            4.91        4813.13            4818.04            3
    295        296,    SUCCESS        2            5            4.79        4818.04            4822.84            4
    309        310,    SUCCESS        2            4            5.01        4818.04            4823.06            4
    299        300,    SUCCESS        2            18            5.01        4818.04            4823.06            4
    303        304,    SUCCESS        2            17            5.1        4818.04            4823.15            4
    301        302,    SUCCESS        2            10            5.19        4818.04            4823.24            4
    305        306,    SUCCESS        2            5            4.75        4822.84            4827.59            4
    304        305,    SUCCESS        2            18            5.12        4823.06            4828.18            4
    308        309,    SUCCESS        2            18            5.07        4828.18            4833.25            4
    402        403,    SUCCESS        2            1            424.33        4522.7            4947.04            5
    319        320,    SUCCESS        2            1            5.3        4947.04            4952.34            4
    401        402,    SUCCESS        2            6            238.65        4736.39            4975.04            5
    367        368,    SUCCESS        2            16            299.26        4678.46            4977.72            5
    400        401,    SUCCESS        2            19            277.88        4701.65            4979.52            5
    307        308,    SUCCESS        2            19            5.53        4979.52            4985.05            4
    396        397,    SUCCESS        2            7            234.24        4810.73            5044.97            5
    210        211,    SUCCESS        2            8            411.33        4677.3            5088.63            2
    426        427,    SUCCESS        2            10            289        4823.24            5112.24            5
    235        236,    SUCCESS        2            10            5.46        5112.24            5117.7            3
    411        412,    SUCCESS        2            3            379.33        4741.01            5120.34            5
    446        447,    SUCCESS        2            2            365.21        4755.25            5120.45            5
    341        342,    SUCCESS        2            14            4.88        5117.7            5122.58            4
    338        339,    SUCCESS        2            18            5.1        5117.7            5122.8            4
    428        429,    SUCCESS        2            5            295.34        4827.59            5122.93            5
    334        335,    SUCCESS        2            10            5.34        5117.7            5123.04            4
    444        445,    SUCCESS        2            11            346.98        4781.14            5128.12            5
    434        435,    SUCCESS        2            0            421.73        4722.62            5144.35            5
    441        442,    SUCCESS        2            9            507.66        4723.39            5231.05            5
    298        299,    SUCCESS        2            9            4.73        5231.05            5235.78            4
    418        419,    SUCCESS        2            17            459.35        4823.15            5282.5            5
    335        336,    SUCCESS        2            17            4.98        5282.5            5287.48            4
    438        439,    SUCCESS        2            7            246.3        5044.97            5291.27            5
    337        338,    SUCCESS        2            17            5.11        5287.48            5292.59            4
    433        434,    SUCCESS        2            15            590.59        4810.73            5401.32            5
    297        298,    SUCCESS        2            15            4.82        5401.32            5406.14            4
    223        224,    SUCCESS        2            8            334.09        5088.63            5422.72            2
    436        437,    SUCCESS        2            12            630.23        4800.12            5430.35            5
    306        307,    SUCCESS        2            12            4.89        5430.35            5435.24            4
    431        432,    SUCCESS        2            13            625.5        4833.25            5458.75            5
    430        431,    SUCCESS        2            4            534.35        4985.05            5519.41            5
    427        428,    SUCCESS        2            2            414.59        5120.45            5535.04            5
    409        410,    SUCCESS        2            11            415.07        5128.12            5543.19            5
    435        436,    SUCCESS        2            1            591.99        4952.34            5544.33            5
    296        297,    SUCCESS        2            1            5.26        5544.33            5549.59            4
    461        462,    SUCCESS        2            18            427.3        5122.8            5550.1            5
    375        376,    SUCCESS        2            16            584.75        4977.72            5562.47            5
    284        285,    SUCCESS        2            16            5.3        5562.47            5567.77            4
    292        293,    SUCCESS        2            16            4.97        5567.77            5572.74            4
    236        237,    SUCCESS        2            16            5.37        5572.74            5578.11            3
    349        350,    SUCCESS        2            19            4.36        5578.11            5582.47            4
    348        349,    SUCCESS        2            5            5.24        5578.11            5583.35            4
    342        343,    SUCCESS        2            2            5.28        5578.11            5583.39            4
    412        413,    SUCCESS        2            3            474.88        5120.34            5595.22            5
    316        317,    SUCCESS        2            3            4.85        5595.22            5600.07            4
    317        318,    SUCCESS        2            3            4.35        5600.07            5604.42            4
    320        321,    SUCCESS        2            3            5.31        5604.42            5609.73            4
    322        323,    SUCCESS        2            3            5.34        5609.73            5615.07            4
    293        294,    SUCCESS        2            3            4.98        5615.07            5620.05            4
    300        301,    SUCCESS        2            3            4.65        5620.05            5624.7            4
    398        399,    SUCCESS        2            7            340.91        5291.27            5632.18            5
    442        443,    SUCCESS        2            0            572.48        5144.35            5716.83            5
    339        340,    SUCCESS        2            0            4.03        5716.83            5720.86            4
    464        465,    SUCCESS        2            17            521.49        5292.59            5814.08            5
    420        421,    SUCCESS        2            13            436.04        5458.75            5894.79            5
    422        423,    SUCCESS        2            9            674.3        5235.78            5910.08            5
    340        341,    SUCCESS        2            9            5.16        5910.08            5915.24            4
    344        345,    SUCCESS        2            9            4.96        5915.24            5920.2            4
    443        444,    SUCCESS        2            5            331.24        5609.73            5940.97            5
    460        461,    SUCCESS        2            11            419.77        5543.19            5962.96            5
    347        348,    SUCCESS        2            11            4.99        5962.96            5967.95            4
    424        425,    SUCCESS        2            1            421.09        5549.59            5970.68            5
    472        473,    SUCCESS        2            0            263.66        5720.86            5984.52            5
    393        394,    SUCCESS        2            16            414.31        5578.11            5992.42            5
    294        295,    SUCCESS        2            16            5.22        5992.42            5997.64            4
    302        303,    SUCCESS        2            16            6.01        5997.64            6003.65            4
    237        238,    SUCCESS        2            16            5.15        6003.65            6008.8            3
    457        458,    SUCCESS        2            4            492.35        5519.41            6011.76            5
    351        352,    SUCCESS        2            15            4.93        6008.8            6013.73            4
    353        354,    SUCCESS        2            5            5.16        6008.8            6013.96            4
    415        416,    SUCCESS        2            12            465.6        5572.74            6038.34            5
    421        422,    SUCCESS        2            18            504.73        5550.1            6054.83            5
    345        346,    SUCCESS        2            18            5.35        6054.83            6060.18            4
    346        347,    SUCCESS        2            18            5.04        6060.18            6065.22            4
    200        201,    SUCCESS        2            8            689.39        5422.72            6112.11            2
    358        359,    SUCCESS        2            8            5.3        6112.11            6117.41            4
    254        255,    SUCCESS        2            8            5.41        6117.41            6122.82            4
    267        268,    SUCCESS        2            8            5.44        6122.82            6128.26            4
    463        464,    SUCCESS        2            6            250.11        5915.24            6165.35            5
    439        440,    SUCCESS        2            4            240.15        6011.76            6251.91            5
    440        441,    SUCCESS        2            10            666.44        5604.42            6270.86            5
    476        477,    SUCCESS        2            17            261.92        6013.96            6275.88            5
    432        433,    SUCCESS        2            7            651.79        5632.18            6283.97            5
    333        334,    SUCCESS        2            7            5.19        6283.97            6289.16            4
    423        424,    SUCCESS        2            3            676.6        5624.7            6301.31            5
    458        459,    SUCCESS        2            1            367.98        5970.68            6338.66            5
    372        373,    SUCCESS        2            8            234.59        6128.26            6362.85            5
    407        408,    SUCCESS        2            13            471.62        5894.79            6366.41            5
    499        500,    SUCCESS        2            8            4.99        6362.85            6367.84            6
    343        344,    SUCCESS        2            13            5.06        6366.41            6371.47            4
    272        273,    SUCCESS        2            8            5.05        6367.84            6372.89            4
    462        463,    SUCCESS        2            2            656.3        5720.86            6377.16            5
    354        355,    SUCCESS        2            2            5.09        6377.16            6382.25            4
    469        470,    SUCCESS        2            15            333.76        6065.22            6398.98            5
    234        235,    SUCCESS        2            15            5.14        6398.98            6404.12            3
    330        331,    SUCCESS        2            16            4.61        6404.12            6408.73            4
    331        332,    SUCCESS        2            9            5        6404.12            6409.12            4
    328        329,    SUCCESS        2            6            5.67        6404.12            6409.79            4
    327        328,    SUCCESS        2            15            5.73        6404.12            6409.85            4
    467        468,    SUCCESS        2            18            345.69        6065.22            6410.91            5
    416        417,    SUCCESS        2            0            504.95        5984.52            6489.47            5
    425        426,    SUCCESS        2            19            550.32        6003.65            6553.97            5
    350        351,    SUCCESS        2            19            4.95        6553.97            6558.92            4
    465        466,    SUCCESS        2            13            282.79        6371.47            6654.26            5
    417        418,    SUCCESS        2            10            432.46        6270.86            6703.32            5
    355        356,    SUCCESS        2            10            5.57        6703.32            6708.89            4
    395        396,    SUCCESS        2            14            353.82        6372.89            6726.71            5
    454        455,    SUCCESS        2            18            341.27        6410.91            6752.18            5
    445        446,    SUCCESS        2            4            507.5        6251.91            6759.41            5
    397        398,    SUCCESS        2            8            393.2        6372.89            6766.09            5
    470        471,    SUCCESS        2            7            551.9        6289.16            6841.06            5
    456        457,    SUCCESS        2            0            424.89        6489.47            6914.36            5
    466        467,    SUCCESS        2            11            544.91        6371.47            6916.38            5
    324        325,    SUCCESS        2            0            4.34        6914.36            6918.7            4
    325        326,    SUCCESS        2            11            5.18        6916.38            6921.56            4
    329        330,    SUCCESS        2            11            5.19        6921.56            6926.75            4
    419        420,    SUCCESS        2            1            626.65        6338.66            6965.31            5
    474        475,    SUCCESS        2            2            640.99        6382.25            7023.24            5
    473        474,    SUCCESS        2            18            272.17        6752.18            7024.35            5
    450        451,    SUCCESS        2            17            646.11        6409.85            7055.96            5
    451        452,    SUCCESS        2            12            690.99        6409.79            7100.78            5
    405        406,    SUCCESS        2            8            366.05        6766.09            7132.14            5
    489        490,    SUCCESS        2            15            5.6        7132.14            7137.74            6
    452        453,    SUCCESS        2            11            273.33        6926.75            7200.08            5
    468        469,    SUCCESS        2            19            671.62        6558.92            7230.54            5
    332        333,    SUCCESS        2            19            4.99        7230.54            7235.53            4
    477        478,    SUCCESS        2            7            460.55        6841.06            7301.61            5
    481        482,    SUCCESS        2            2            288.69        7023.24            7311.93            5
    378        379,    SUCCESS        2            8            231.81        7132.14            7363.95            5
    314        315,    SUCCESS        2            8            5.29        7363.95            7369.24            4
    336        337,    SUCCESS        2            8            4.64        7369.24            7373.88            4
    377        378,    SUCCESS        2            1            511.28        6965.31            7476.59            5
    429        430,    SUCCESS        2            8            281.68        7373.88            7655.56            5
    490        491,    SUCCESS        2            5            5.96        7655.56            7661.52            6
    453        454,    SUCCESS        2            19            486.54        7235.53            7722.07            5
    455        456,    SUCCESS        2            12            637.2        7235.53            7872.73            5
    390        391,    SUCCESS        2            2            596.94        7311.93            7908.87            5
    437        438,    SUCCESS        2            16            555        7369.24            7924.24            5
    459        460,    SUCCESS        2            10            612.02        7373.88            7985.9            5
    491        492,    SUCCESS        2            10            5.73        7985.9            7991.63            6
    493        494,    SUCCESS        2            14            5.96        7985.9            7991.86            6
    447        448,    SUCCESS        2            1            586.86        7476.59            8063.45            5
    478        479,    SUCCESS        2            19            399.53        7722.07            8121.6            5
    496        497,    SUCCESS        2            19            5.51        8121.6            8127.11            6
    448        449,    SUCCESS        2            2            310.03        7908.87            8218.9            5
    488        489,    SUCCESS        2            2            5.38        8218.9            8224.28            6
    471        472,    SUCCESS        2            8            581.79        7655.56            8237.35            5
    352        353,    SUCCESS        2            8            5.24        8237.35            8242.59            4
    494        495,    SUCCESS        2            14            5.62        8237.35            8242.96            6
    356        357,    SUCCESS        2            8            4.34        8242.59            8246.93            4
    326        327,    SUCCESS        2            8            5.18        8246.93            8252.11            4
    479        480,    SUCCESS        2            1            388.27        8246.93            8635.2            5
    449        450,    SUCCESS        2            9            414.91        8252.11            8667.02            5
    492        493,    SUCCESS        2            1            5.67        8667.02            8672.69            6
    475        476,    SUCCESS        2            11            629.76        8242.59            8872.35            5
    495        496,    SUCCESS        2            15            5.4        8872.35            8877.75            6