========== OUTPUT ==========
Job ID    Task ID    STATUS    Data center ID    VM ID        Time    Start Time    Finish Time    Depth
    399        Stage-in    SUCCESS        2            12            0.11        0.1            0.21            0
    17        18,    SUCCESS        2            9            32.06        0.21            32.27            1
    106        107,    SUCCESS        2            6            5.68        32.27            37.95            2
    103        104,    SUCCESS        2            8            7.56        32.27            39.83            2
    196        197,    SUCCESS        2            1            2.14        37.95            40.09            3
    104        105,    SUCCESS        2            19            8.89        32.27            41.16            2
    4        5,    SUCCESS        2            5            43.15        0.21            43.36            1
    10        11,    SUCCESS        2            14            45.64        0.21            45.85            1
    41        42,    SUCCESS        2            8            7.33        43.36            50.69            2
    68        69,    SUCCESS        2            19            8.56        45.85            54.42            2
    42        43,    SUCCESS        2            8            4.66        50.69            55.35            2
    40        41,    SUCCESS        2            18            13.88        43.36            57.24            2
    132        133,    SUCCESS        2            6            2.92        55.35            58.27            3
    70        71,    SUCCESS        2            18            5.47        57.24            62.71            2
    222        223,    SUCCESS        2            9            4.73        58.27            62.99            4
    16        17,    SUCCESS        2            2            63.6        0.21            63.81            1
    131        132,    SUCCESS        2            18            2.38        62.71            65.09            3
    5        6,    SUCCESS        2            5            26.2        43.36            69.56            1
    6        7,    SUCCESS        2            11            72.05        0.21            72.26            1
    13        14,    SUCCESS        2            7            72.07        0.21            72.28            1
    15        16,    SUCCESS        2            0            72.12        0.21            72.33            1
    7        8,    SUCCESS        2            16            72.77        0.21            72.98            1
    102        103,    SUCCESS        2            8            9.47        63.81            73.28            2
    193        194,    SUCCESS        2            16            0.81        72.98            73.79            3
    286        287,    SUCCESS        2            11            1.82        72.26            74.08            4
    98        99,    SUCCESS        2            15            10.64        63.81            74.45            2
    100        101,    SUCCESS        2            6            10.77        63.81            74.58            2
    158        159,    SUCCESS        2            16            1.48        73.79            75.27            3
    99        100,    SUCCESS        2            18            10.42        65.09            75.51            2
    160        161,    SUCCESS        2            16            1.93        75.27            77.2            3
    44        45,    SUCCESS        2            7            5.26        72.28            77.54            2
    45        46,    SUCCESS        2            14            9.45        69.56            79.01            2
    85        86,    SUCCESS        2            8            5.83        73.28            79.12            2
    47        48,    SUCCESS        2            6            4.85        74.58            79.43            2
    51        52,    SUCCESS        2            9            8.9        72.26            81.16            2
    46        47,    SUCCESS        2            15            6.86        74.45            81.31            2
    101        102,    SUCCESS        2            18            6.02        75.51            81.53            2
    48        49,    SUCCESS        2            19            9.59        72.26            81.85            2
    69        70,    SUCCESS        2            0            9.72        72.33            82.05            2
    134        135,    SUCCESS        2            15            1.98        81.31            83.29            3
    188        189,    SUCCESS        2            19            1.61        81.85            83.46            3
    49        50,    SUCCESS        2            3            13.07        72.26            85.33            2
    190        191,    SUCCESS        2            19            2.16        83.46            85.62            3
    191        192,    SUCCESS        2            11            4.34        81.53            85.87            3
    159        160,    SUCCESS        2            8            3.86        82.05            85.91            3
    224        225,    SUCCESS        2            15            3.39        83.29            86.68            4
    50        51,    SUCCESS        2            0            5.01        82.05            87.06            2
    1        2,    SUCCESS        2            17            87.08        0.21            87.29            1
    57        58,    SUCCESS        2            2            15.29        72.98            88.27            2
    8        9,    SUCCESS        2            10            88.59        0.21            88.8            1
    248        249,    SUCCESS        2            19            3.29        85.62            88.91            4
    86        87,    SUCCESS        2            6            10.18        79.43            89.61            2
    52        53,    SUCCESS        2            3            5        85.33            90.33            2
    94        95,    SUCCESS        2            9            10.59        81.16            91.75            2
    96        97,    SUCCESS        2            14            13.17        79.01            92.18            2
    147        148,    SUCCESS        2            1            4.41        88.27            92.69            3
    175        176,    SUCCESS        2            14            2.08        92.18            94.26            3
    93        94,    SUCCESS        2            7            16.97        77.54            94.51            2
    95        96,    SUCCESS        2            18            13.7        81.53            95.23            2
    278        279,    SUCCESS        2            18            2.24        95.23            97.47            4
    249        250,    SUCCESS        2            14            3.38        94.26            97.64            4
    87        88,    SUCCESS        2            3            7.45        90.33            97.78            2
    140        141,    SUCCESS        2            14            1.41        97.64            99.05            3
    55        56,    SUCCESS        2            7            6.73        94.51            101.24            2
    138        139,    SUCCESS        2            7            1.55        101.24            102.79            3
    97        98,    SUCCESS        2            9            11.32        91.75            103.07            2
    12        13,    SUCCESS        2            4            103.73        0.21            103.94            1
    60        61,    SUCCESS        2            1            11.81        92.69            104.5            2
    58        59,    SUCCESS        2            2            16.59        88.8            105.39            2
    2        3,    SUCCESS        2            12            106.14        0.21            106.35            1
    228        229,    SUCCESS        2            0            3.8        102.79            106.59            4
    130        131,    SUCCESS        2            4            2.76        103.94            106.7            3
    265        266,    SUCCESS        2            7            5.23        102.79            108.02            4
    59        60,    SUCCESS        2            11            19.83        88.8            108.63            2
    25        26,    SUCCESS        2            14            10.37        99.05            109.42            2
    54        55,    SUCCESS        2            3            11.91        97.78            109.69            2
    53        54,    SUCCESS        2            9            6.73        103.07            109.8            2
    250        251,    SUCCESS        2            12            4.16        106.35            110.51            4
    137        138,    SUCCESS        2            12            1.59        110.51            112.1            3
    283        284,    SUCCESS        2            9            2.78        109.8            112.58            4
    148        149,    SUCCESS        2            11            4.17        108.63            112.8            3
    144        145,    SUCCESS        2            1            3.66        109.69            113.35            3
    176        177,    SUCCESS        2            9            1.71        112.58            114.29            3
    139        140,    SUCCESS        2            12            3.27        112.1            115.37            3
    142        143,    SUCCESS        2            9            1.61        114.29            115.9            3
    43        44,    SUCCESS        2            4            9.48        106.7            116.18            2
    227        228,    SUCCESS        2            11            4.87        112.8            117.67            4
    11        12,    SUCCESS        2            10            29.48        88.8            118.28            1
    0        1,    SUCCESS        2            13            118.19        0.21            118.4            1
    56        57,    SUCCESS        2            3            9.7        109.69            119.39            2
    80        81,    SUCCESS        2            7            11.55        108.02            119.57            2
    27        28,    SUCCESS        2            14            11.1        109.42            120.52            2
    133        134,    SUCCESS        2            18            4.44        116.18            120.63            3
    186        187,    SUCCESS        2            9            5.26        115.9            121.16            3
    105        106,    SUCCESS        2            13            2.9        118.4            121.3            2
    232        233,    SUCCESS        2            15            5.52        115.9            121.42            4
    187        188,    SUCCESS        2            3            3.14        119.39            122.53            3
    185        186,    SUCCESS        2            14            2.14        120.52            122.66            3
    194        195,    SUCCESS        2            13            1.49        121.3            122.79            3
    266        267,    SUCCESS        2            0            9.17        114.29            123.46            4
    83        84,    SUCCESS        2            4            7.56        116.18            123.74            2
    31        32,    SUCCESS        2            7            5.48        119.57            125.05            2
    3        4,    SUCCESS        2            17            37.87        87.29            125.16            1
    192        193,    SUCCESS        2            4            2.67        123.74            126.41            3
    78        79,    SUCCESS        2            2            21.27        105.39            126.66            2
    141        142,    SUCCESS        2            17            2.19        125.16            127.35            3
    115        116,    SUCCESS        2            7            2.41        125.05            127.46            3
    275        276,    SUCCESS        2            9            5.21        122.66            127.87            4
    135        136,    SUCCESS        2            4            1.57        126.41            127.98            3
    84        85,    SUCCESS        2            13            5.31        122.79            128.09            2
    234        235,    SUCCESS        2            3            5.7        122.53            128.23            4
    73        74,    SUCCESS        2            1            10.38        118.28            128.65            2
    121        122,    SUCCESS        2            0            3.94        125.05            128.99            3
    284        285,    SUCCESS        2            9            1.58        127.87            129.45            4
    281        282,    SUCCESS        2            17            2.55        127.35            129.9            4
    136        137,    SUCCESS        2            13            2.03        128.09            130.12            3
    9        10,    SUCCESS        2            5            60.68        69.56            130.24            1
    33        34,    SUCCESS        2            2            5.21        126.66            131.87            2
    76        77,    SUCCESS        2            7            5.35        127.46            132.81            2
    183        184,    SUCCESS        2            17            3.25        129.9            133.15            3
    150        151,    SUCCESS        2            13            4.72        130.12            134.84            3
    24        25,    SUCCESS        2            4            7.28        127.98            135.26            2
    107        108,    SUCCESS        2            5            5.63        130.24            135.87            2
    37        38,    SUCCESS        2            9            6.75        129.45            136.2            2
    14        15,    SUCCESS        2            10            20.8        118.28            139.08            1
    22        23,    SUCCESS        2            3            11.33        128.23            139.56            2
    211        212,    SUCCESS        2            9            3.47        136.2            139.67            4
    35        36,    SUCCESS        2            2            8.13        131.87            140            2
    127        128,    SUCCESS        2            9            1.09        139.67            140.76            3
    81        82,    SUCCESS        2            17            9.81        133.15            142.96            2
    38        39,    SUCCESS        2            5            7.83        135.87            143.7            2
    72        73,    SUCCESS        2            10            4.8        139.08            143.88            2
    273        274,    SUCCESS        2            3            5.22        139.56            144.78            4
    220        221,    SUCCESS        2            17            2.46        142.96            145.42            4
    221        222,    SUCCESS        2            10            2.14        143.88            146.02            4
    21        22,    SUCCESS        2            7            13.46        132.81            146.27            2
    162        163,    SUCCESS        2            3            2.11        144.78            146.89            3
    64        65,    SUCCESS        2            13            12.55        134.84            147.39            2
    39        40,    SUCCESS        2            5            3.8        143.7            147.5            2
    128        129,    SUCCESS        2            2            4.3        143.7            148            3
    189        190,    SUCCESS        2            10            2.65        146.02            148.67            3
    89        90,    SUCCESS        2            17            4.23        145.42            149.65            2
    61        62,    SUCCESS        2            4            15.4        135.26            150.66            2
    218        219,    SUCCESS        2            9            4.35        148            152.35            4
    179        180,    SUCCESS        2            3            2.87        149.65            152.52            3
    71        72,    SUCCESS        2            5            5.35        147.5            152.85            2
    237        238,    SUCCESS        2            4            4.28        150.66            154.94            4
    269        270,    SUCCESS        2            2            2.87        152.52            155.38            4
    229        230,    SUCCESS        2            4            3.68        154.94            158.62            4
    195        196,    SUCCESS        2            4            1.44        158.62            160.06            3
    66        67,    SUCCESS        2            0            30.48        130.24            160.72            2
    23        24,    SUCCESS        2            10            12.35        148.67            161.02            2
    123        124,    SUCCESS        2            0            1.41        160.72            162.13            3
    226        227,    SUCCESS        2            4            2.2        160.06            162.26            4
    285        286,    SUCCESS        2            3            2.43        160.06            162.5            4
    149        150,    SUCCESS        2            10            2.41        161.02            163.43            3
    213        214,    SUCCESS        2            1            3.66        162.13            165.79            4
    113        114,    SUCCESS        2            3            4.68        162.5            167.18            3
    65        66,    SUCCESS        2            4            7.58        162.26            169.84            2
    88        89,    SUCCESS        2            0            8.33        162.13            170.46            2
    90        91,    SUCCESS        2            0            3.6        170.46            174.06            2
    92        93,    SUCCESS        2            0            4.57        174.06            178.63            2
    182        183,    SUCCESS        2            3            2.8        178.63            181.42            3
    67        68,    SUCCESS        2            4            12.52        169.84            182.36            2
    166        167,    SUCCESS        2            4            1        182.36            183.36            3
    240        241,    SUCCESS        2            4            6.2        183.36            189.56            4
    279        280,    SUCCESS        2            4            3.11        189.56            192.67            4
    316        317,    SUCCESS        2            2            2666.38        162.26            2828.64            5
    310        311,    SUCCESS        2            11            2901.44        145.42            3046.86            5
    161        162,    SUCCESS        2            11            2.14        3046.86            3049            3
    340        341,    SUCCESS        2            14            3041.76        122.66            3164.42            5
    18        19,    SUCCESS        2            14            11.83        3164.42            3176.25            2
    20        21,    SUCCESS        2            14            12.36        3176.25            3188.61            2
    223        224,    SUCCESS        2            14            3.84        3188.61            3192.45            4
    368        369,    SUCCESS        2            12            3107.25        115.37            3222.62            5
    318        319,    SUCCESS        2            5            3129.99        152.85            3282.84            5
    34        35,    SUCCESS        2            5            8.7        3282.84            3291.54            2
    197        198,    SUCCESS        2            5            1.07        3291.54            3292.61            3
    203        204,    SUCCESS        2            5            5.23        3292.61            3297.84            4
    338        339,    SUCCESS        2            8            3236.84        88.91            3325.75            5
    79        80,    SUCCESS        2            8            12.03        3325.75            3337.78            2
    169        170,    SUCCESS        2            2            6.08        3337.78            3343.86            3
    82        83,    SUCCESS        2            8            19.26        3337.78            3357.04            2
    28        29,    SUCCESS        2            8            5.62        3357.04            3362.66            2
    30        31,    SUCCESS        2            8            5.45        3362.66            3368.11            2
    32        33,    SUCCESS        2            8            9.09        3368.11            3377.2            2
    143        144,    SUCCESS        2            8            2.54        3377.2            3379.74            3
    122        123,    SUCCESS        2            2            5.03        3377.2            3382.23            3
    233        234,    SUCCESS        2            1            5.36        3379.74            3385.11            4
    238        239,    SUCCESS        2            8            7.08        3379.74            3386.82            4
    117        118,    SUCCESS        2            8            2.69        3386.82            3389.51            3
    277        278,    SUCCESS        2            8            4.78        3389.51            3394.29            4
    205        206,    SUCCESS        2            8            5.91        3394.29            3400.2            4
    311        312,    SUCCESS        2            13            3336.41        147.39            3483.8            5
    252        253,    SUCCESS        2            13            3.33        3483.8            3487.13            4
    154        155,    SUCCESS        2            13            2.88        3487.13            3490.01            3
    330        331,    SUCCESS        2            3            3387.89        189.56            3577.46            5
    287        288,    SUCCESS        2            3            1.51        3577.46            3578.97            4
    244        245,    SUCCESS        2            3            7.55        3578.97            3586.52            4
    359        360,    SUCCESS        2            4            3479.35        192.67            3672.02            5
    172        173,    SUCCESS        2            4            2.93        3672.02            3674.95            3
    312        313,    SUCCESS        2            16            4215.58        77.2            4292.78            5
    280        281,    SUCCESS        2            16            2.74        4292.78            4295.52            4
    26        27,    SUCCESS        2            16            7.37        4295.52            4302.89            2
    184        185,    SUCCESS        2            16            3.15        4302.89            4306.04            3
    145        146,    SUCCESS        2            16            3.01        4306.04            4309.05            3
    274        275,    SUCCESS        2            4            4.35        4306.04            4310.4            4
    174        175,    SUCCESS        2            16            2.01        4309.05            4311.06            3
    235        236,    SUCCESS        2            13            4.36        4309.05            4313.42            4
    373        374,    SUCCESS        2            10            4155.55        163.43            4318.98            5
    74        75,    SUCCESS        2            10            4.57        4318.98            4323.55            2
    63        64,    SUCCESS        2            16            14.43        4311.06            4325.49            2
    164        165,    SUCCESS        2            2            2.81        4323.55            4326.36            3
    75        76,    SUCCESS        2            10            4.81        4323.55            4328.36            2
    165        166,    SUCCESS        2            7            2.61        4328.36            4330.97            3
    153        154,    SUCCESS        2            4            5.95        4325.49            4331.44            3
    77        78,    SUCCESS        2            10            5.9        4328.36            4334.26            2
    314        315,    SUCCESS        2            19            4407.76        88.91            4496.67            5
    62        63,    SUCCESS        2            19            11.84        4496.67            4508.51            2
    327        328,    SUCCESS        2            9            5526.87        154.94            5681.82            5
    124        125,    SUCCESS        2            9            1.93        5681.82            5683.75            3
    375        376,    SUCCESS        2            11            2891.53        3049            5940.53            5
    180        181,    SUCCESS        2            11            1.6        5940.53            5942.13            3
    317        318,    SUCCESS        2            18            6191.23        120.63            6311.86            5
    36        37,    SUCCESS        2            18            4.21        6311.86            6316.07            2
    126        127,    SUCCESS        2            17            3.52        6316.07            6319.59            3
    225        226,    SUCCESS        2            18            5.03        6316.07            6321.1            4
    216        217,    SUCCESS        2            17            4.63        6319.59            6324.22            4
    91        92,    SUCCESS        2            18            4.52        6321.1            6325.62            2
    217        218,    SUCCESS        2            18            3.65        6325.62            6329.27            4
    367        368,    SUCCESS        2            1            3140.55        3394.29            6534.85            5
    376        377,    SUCCESS        2            6            6759.48        89.61            6849.09            5
    177        178,    SUCCESS        2            6            3.2        6849.09            6852.29            3
    19        20,    SUCCESS        2            6            8.61        6852.29            6860.9            2
    170        171,    SUCCESS        2            6            3.56        6860.9            6864.46            3
    125        126,    SUCCESS        2            6            2.23        6864.46            6866.69            3
    215        216,    SUCCESS        2            1            3.2        6866.69            6869.89            4
    355        356,    SUCCESS        2            12            3773.65        3222.62            6996.27            5
    276        277,    SUCCESS        2            12            4.65        6996.27            7000.92            4
    313        314,    SUCCESS        2            0            3846.63        3192.45            7039.07            5
    255        256,    SUCCESS        2            0            1.98        7039.07            7041.05            4
    260        261,    SUCCESS        2            0            6.2        7041.05            7047.25            4
    339        340,    SUCCESS        2            19            2613.11        4508.51            7121.62            5
    230        231,    SUCCESS        2            19            6.29        7121.62            7127.91            4
    29        30,    SUCCESS        2            19            13.12        7127.91            7141.03            2
    146        147,    SUCCESS        2            19            2.1        7141.03            7143.13            3
    163        164,    SUCCESS        2            19            1.99        7143.13            7145.12            3
    253        254,    SUCCESS        2            1            3.88        7145.12            7148.99            4
    365        366,    SUCCESS        2            10            2863.94        4334.26            7198.2            5
    112        113,    SUCCESS        2            10            2.79        7198.2            7200.99            3
    111        112,    SUCCESS        2            10            3.24        7200.99            7204.23            3
    129        130,    SUCCESS        2            10            1.83        7204.23            7206.06            3
    110        111,    SUCCESS        2            10            4.79        7206.06            7210.85            3
    201        202,    SUCCESS        2            4            8.51        7204.23            7212.74            4
    363        364,    SUCCESS        2            15            7072.93        144.78            7217.71            5
    155        156,    SUCCESS        2            15            2.94        7217.71            7220.65            3
    245        246,    SUCCESS        2            0            10.28        7220.65            7230.94            4
    319        320,    SUCCESS        2            16            3128.38        4325.49            7453.87            5
    157        158,    SUCCESS        2            16            3.12        7453.87            7456.99            3
    207        208,    SUCCESS        2            16            5.63        7456.99            7462.62            4
    324        325,    SUCCESS        2            8            4235.09        3400.2            7635.29            5
    322        323,    SUCCESS        2            14            4512.29        3192.45            7704.74            5
    173        174,    SUCCESS        2            14            2.71        7704.74            7707.45            3
    282        283,    SUCCESS        2            14            4.67        7707.45            7712.12            4
    263        264,    SUCCESS        2            17            6.15        7707.45            7713.6            4
    168        169,    SUCCESS        2            14            4.41        7712.12            7716.53            3
    231        232,    SUCCESS        2            14            2.34        7716.53            7718.87            4
    171        172,    SUCCESS        2            14            3.55        7718.87            7722.42            3
    259        260,    SUCCESS        2            14            5.7        7722.42            7728.12            4
    261        262,    SUCCESS        2            16            9.58        7722.42            7732            4
    377        378,    SUCCESS        2            5            5166.52        3578.97            8745.49            5
    370        371,    SUCCESS        2            10            2748.99        7210.85            9959.84            5
    295        296,    SUCCESS        2            9            4446.76        5683.75            10130.51            5
    167        168,    SUCCESS        2            9            1.59        10130.51            10132.1            3
    270        271,    SUCCESS        2            9            3.07        10132.1            10135.17            4
    334        335,    SUCCESS        2            15            2923.26        7220.65            10143.91            5
    152        153,    SUCCESS        2            15            4.55        10143.91            10148.46            3
    257        258,    SUCCESS        2            15            3.81        10148.46            10152.27            4
    242        243,    SUCCESS        2            5            7.18        10148.46            10155.64            4
    369        370,    SUCCESS        2            11            4247.6        5942.13            10189.73            5
    212        213,    SUCCESS        2            11            3.55        10189.73            10193.28            4
    262        263,    SUCCESS        2            11            7.46        10193.28            10200.74            4
    306        307,    SUCCESS        2            7            3895.48        6324.22            10219.7            5
    202        203,    SUCCESS        2            7            5.17        10219.7            10224.87            4
    350        351,    SUCCESS        2            3            3326.36        7047.25            10373.62            5
    219        220,    SUCCESS        2            3            4.75        10373.62            10378.37            4
    258        259,    SUCCESS        2            3            5.77        10378.37            10384.14            4
    297        298,    SUCCESS        2            0            2979.16        7462.62            10441.79            5
    308        309,    SUCCESS        2            6            3628.08        6866.69            10494.77            5
    239        240,    SUCCESS        2            6            4.44        10494.77            10499.21            4
    272        273,    SUCCESS        2            6            3.69        10499.21            10502.9            4
    371        372,    SUCCESS        2            8            3048.74        7635.29            10684.03            5
    151        152,    SUCCESS        2            8            4.06        10684.03            10688.09            3
    251        252,    SUCCESS        2            8            2.55        10688.09            10690.64            4
    301        302,    SUCCESS        2            19            3674.01        7145.12            10819.13            5
    156        157,    SUCCESS        2            19            4.13        10819.13            10823.26            3
    256        257,    SUCCESS        2            19            1.66        10823.26            10824.92            4
    246        247,    SUCCESS        2            8            6.2        10823.26            10829.46            4
    356        357,    SUCCESS        2            12            3996.74        7000.92            10997.66            5
    303        304,    SUCCESS        2            18            4865.62        6329.27            11194.89            5
    108        109,    SUCCESS        2            18            3.19        11194.89            11198.08            3
    349        350,    SUCCESS        2            7            2541.17        10224.87            12766.04            5
    325        326,    SUCCESS        2            11            2928.61        10200.74            13129.35            5
    254        255,    SUCCESS        2            11            3.39        13129.35            13132.74            4
    214        215,    SUCCESS        2            11            3.49        13132.74            13136.23            4
    366        367,    SUCCESS        2            13            6238.4        7000.92            13239.33            5
    360        361,    SUCCESS        2            0            2807.46        10441.79            13249.25            5
    241        242,    SUCCESS        2            0            8.8        13249.25            13258.05            4
    328        329,    SUCCESS        2            14            5594.7        7728.12            13322.82            5
    329        330,    SUCCESS        2            16            2841.6        10499.21            13340.81            5
    374        375,    SUCCESS        2            12            2371.62        10997.66            13369.28            5
    114        115,    SUCCESS        2            12            2.13        13369.28            13371.41            3
    178        179,    SUCCESS        2            12            1.51        13371.41            13372.92            3
    118        119,    SUCCESS        2            12            2.57        13372.92            13375.49            3
    268        269,    SUCCESS        2            8            4.03        13372.92            13376.95            4
    204        205,    SUCCESS        2            5            6.43        13371.41            13377.84            4
    116        117,    SUCCESS        2            12            5.39        13375.49            13380.88            3
    293        294,    SUCCESS        2            6            3109.68        10502.9            13612.58            5
    120        121,    SUCCESS        2            6            1.79        13612.58            13614.37            3
    243        244,    SUCCESS        2            6            7.48        13614.37            13621.85            4
    210        211,    SUCCESS        2            8            8.05        13614.37            13622.41            4
    181        182,    SUCCESS        2            6            1.41        13621.85            13623.26            3
    236        237,    SUCCESS        2            6            3.01        13623.26            13626.27            4
    345        346,    SUCCESS        2            10            3920.2        9959.84            13880.04            5
    247        248,    SUCCESS        2            10            3.71        13880.04            13883.75            4
    332        333,    SUCCESS        2            15            3799.33        10155.64            13954.97            5
    323        324,    SUCCESS        2            19            3270.19        10824.92            14095.11            5
    292        293,    SUCCESS        2            4            4328.45        10224.87            14553.32            5
    198        199,    SUCCESS        2            4            5.21        14553.32            14558.53            4
    315        316,    SUCCESS        2            9            4678.49        10135.17            14813.66            5
    267        268,    SUCCESS        2            9            3.18        14813.66            14816.84            4
    109        110,    SUCCESS        2            9            3.34        14816.84            14820.18            3
    119        120,    SUCCESS        2            9            2.39        14820.18            14822.57            3
    200        201,    SUCCESS        2            9            4.82        14822.57            14827.39            4
    209        210,    SUCCESS        2            4            6.49        14822.57            14829.05            4
    364        365,    SUCCESS        2            18            4495.45        11198.08            15693.53            5
    264        265,    SUCCESS        2            18            4.45        15693.53            15697.98            4
    346        347,    SUCCESS        2            12            2347.41        13380.88            15728.29            5
    321        322,    SUCCESS        2            6            2412.72        13626.27            16038.99            5
    271        272,    SUCCESS        2            6            2.88        16038.99            16041.87            4
    336        337,    SUCCESS        2            0            2907.93        13258.05            16165.98            5
    320        321,    SUCCESS        2            13            3052.93        13239.33            16292.26            5
    343        344,    SUCCESS        2            11            3432.43        13136.23            16568.66            5
    294        295,    SUCCESS        2            2            3228.77        13377.84            16606.62            5
    309        310,    SUCCESS        2            7            3847.13        12766.04            16613.17            5
    208        209,    SUCCESS        2            7            8.38        16613.17            16621.55            4
    393        394,    SUCCESS        2            2            19.61        16606.62            16626.23            6
    206        207,    SUCCESS        2            7            6.05        16621.55            16627.6            4
    347        348,    SUCCESS        2            3            6465.13        10384.14            16849.27            5
    395        396,    SUCCESS        2            3            6.75        16849.27            16856.02            6
    348        349,    SUCCESS        2            15            2946.8        13954.97            16901.77            5
    300        301,    SUCCESS        2            8            3330.01        13622.41            16952.42            5
    342        343,    SUCCESS        2            19            3061.31        14095.11            17156.42            5
    331        332,    SUCCESS        2            16            4302.58        13340.81            17643.39            5
    307        308,    SUCCESS        2            14            4747.36        13322.82            18070.18            5
    326        327,    SUCCESS        2            1            4805.44        13626.27            18431.7            5
    385        386,    SUCCESS        2            0            19.76        18431.7            18451.46            6
    354        355,    SUCCESS        2            4            3218.81        15697.98            18916.79            5
    351        352,    SUCCESS        2            9            4350.48        14827.39            19177.87            5
    333        334,    SUCCESS        2            3            2500.64        16856.02            19356.66            5
    299        300,    SUCCESS        2            7            3052.55        16627.6            19680.15            5
    296        297,    SUCCESS        2            12            3139        16627.6            19766.6            5
    379        380,    SUCCESS        2            17            22.65        19766.6            19789.25            6
    362        363,    SUCCESS        2            15            3066.34        16901.77            19968.11            5
    305        306,    SUCCESS        2            18            4281.68        15697.98            19979.66            5
    386        387,    SUCCESS        2            15            28.92        19968.11            19997.03            6
    335        336,    SUCCESS        2            11            3546.84        16568.66            20115.5            5
    290        291,    SUCCESS        2            13            4316.53        16292.26            20608.79            5
    384        385,    SUCCESS        2            13            12.17        20608.79            20620.96            6
    344        345,    SUCCESS        2            14            2610.28        18070.18            20680.46            5
    389        390,    SUCCESS        2            12            10.33        20680.46            20690.78            6
    291        292,    SUCCESS        2            19            3628.97        17156.42            20785.39            5
    288        289,    SUCCESS        2            6            5202.97        16041.87            21244.84            5
    353        354,    SUCCESS        2            19            2395.04        20785.39            23180.43            5
    372        373,    SUCCESS        2            18            3598.28        19979.66            23577.94            5
    352        353,    SUCCESS        2            9            4771.77        19177.87            23949.64            5
    394        395,    SUCCESS        2            9            12.73        23949.64            23962.37            6
    390        391,    SUCCESS        2            16            25.82        23949.64            23975.46            6
    361        362,    SUCCESS        2            4            5797.63        18916.79            24714.42            5
    382        383,    SUCCESS        2            4            10.03        24714.42            24724.45            6
    341        342,    SUCCESS        2            11            5527.27        20115.5            25642.77            5
    304        305,    SUCCESS        2            19            2473.38        23180.43            25653.81            5
    388        389,    SUCCESS        2            2            11.84        25642.77            25654.61            6
    381        382,    SUCCESS        2            16            14.1        25653.81            25667.91            6
    302        303,    SUCCESS        2            18            3487.64        23577.94            27065.58            5
    383        384,    SUCCESS        2            18            11.77        27065.58            27077.35            6
    358        359,    SUCCESS        2            19            2627.5        25653.81            28281.31            5
    199        200,    SUCCESS        2            19            6.37        28281.31            28287.68            4
    392        393,    SUCCESS        2            10            14.14        28281.31            28295.45            6
    337        338,    SUCCESS        2            11            4774.24        25642.77            30417.01            5
    387        388,    SUCCESS        2            1            25.92        30417.01            30442.93            6
    289        290,    SUCCESS        2            13            2741.9        28287.68            31029.58            5
    378        379,    SUCCESS        2            12            24.78        31029.58            31054.36            6
    357        358,    SUCCESS        2            11            3801.13        30417.01            34218.14            5
    391        392,    SUCCESS        2            18            14.72        34218.14            34232.86            6
    298        299,    SUCCESS        2            11            3803.91        34218.14            38022.05            5
    380        381,    SUCCESS        2            11            30.5        38022.05            38052.55            6
    396        397,    SUCCESS        2            6            300.78        38052.55            38353.33            7
    397        398,    SUCCESS        2            1            37.71        38353.33            38391.04            8
    398        399,    SUCCESS        2            18            1733.91        38391.04            40124.95            9
