========== OUTPUT ==========
Job ID    Task ID    STATUS    Data center ID    VM ID        Time    Start Time    Finish Time    Depth
    799        Stage-in    SUCCESS        2            1            0.11        0.1            0.21            0
    0        1,    SUCCESS        2            8            46.37        0.21            46.58            1
    15        16,    SUCCESS        2            13            0.35        46.58            46.93            2
    3        4,    SUCCESS        2            10            0.37        46.58            46.95            2
    9        10,    SUCCESS        2            12            0.37        46.58            46.95            2
    12        13,    SUCCESS        2            0            0.38        46.58            46.96            2
    39        40,    SUCCESS        2            16            0.38        46.58            46.96            2
    23        24,    SUCCESS        2            15            0.4        46.58            46.98            2
    4        5,    SUCCESS        2            1            0.41        46.58            46.99            2
    10        11,    SUCCESS        2            14            0.41        46.58            46.99            2
    2        3,    SUCCESS        2            18            0.42        46.58            47            2
    6        7,    SUCCESS        2            2            0.44        46.58            47.02            2
    24        25,    SUCCESS        2            6            0.45        46.58            47.03            2
    5        6,    SUCCESS        2            7            0.48        46.58            47.06            2
    30        31,    SUCCESS        2            11            0.49        46.58            47.07            2
    28        29,    SUCCESS        2            19            0.51        46.58            47.09            2
    29        30,    SUCCESS        2            9            0.53        46.58            47.11            2
    11        12,    SUCCESS        2            17            0.55        46.58            47.12            2
    13        14,    SUCCESS        2            4            0.56        46.58            47.14            2
    14        15,    SUCCESS        2            10            0.23        46.95            47.18            2
    27        28,    SUCCESS        2            5            0.63        46.58            47.21            2
    18        19,    SUCCESS        2            3            0.66        46.58            47.23            2
    44        45,    SUCCESS        2            16            0.27        46.96            47.23            2
    32        33,    SUCCESS        2            15            0.27        46.98            47.25            2
    31        32,    SUCCESS        2            12            0.31        46.95            47.26            2
    8        9,    SUCCESS        2            2            0.26        47.02            47.28            2
    25        26,    SUCCESS        2            6            0.26        47.03            47.29            2
    20        21,    SUCCESS        2            18            0.31        47            47.31            2
    17        18,    SUCCESS        2            0            0.43        46.96            47.39            2
    22        23,    SUCCESS        2            17            0.26        47.12            47.39            2
    79        80,    SUCCESS        2            13            0.47        46.93            47.4            2
    7        8,    SUCCESS        2            1            0.43        46.99            47.42            2
    35        36,    SUCCESS        2            5            0.22        47.21            47.43            2
    40        41,    SUCCESS        2            11            0.37        47.07            47.44            2
    43        44,    SUCCESS        2            7            0.4        47.06            47.45            2
    82        83,    SUCCESS        2            15            0.22        47.25            47.47            2
    33        34,    SUCCESS        2            12            0.22        47.26            47.48            2
    16        17,    SUCCESS        2            14            0.49        46.99            47.48            2
    19        20,    SUCCESS        2            2            0.22        47.28            47.5            2
    206        207,    SUCCESS        2            19            0.26        47.28            47.54            3
    51        52,    SUCCESS        2            18            0.26        47.31            47.56            2
    50        51,    SUCCESS        2            4            0.44        47.14            47.58            2
    49        50,    SUCCESS        2            16            0.34        47.23            47.58            2
    34        35,    SUCCESS        2            0            0.22        47.39            47.61            2
    37        38,    SUCCESS        2            17            0.22        47.39            47.61            2
    83        84,    SUCCESS        2            13            0.24        47.4            47.65            2
    38        39,    SUCCESS        2            10            0.48        47.18            47.66            2
    72        73,    SUCCESS        2            9            0.58        47.11            47.69            2
    45        46,    SUCCESS        2            2            0.22        47.5            47.72            2
    36        37,    SUCCESS        2            6            0.43        47.29            47.72            2
    217        218,    SUCCESS        2            17            0.11        47.61            47.72            3
    66        67,    SUCCESS        2            5            0.3        47.43            47.73            2
    26        27,    SUCCESS        2            1            0.33        47.42            47.75            2
    55        56,    SUCCESS        2            11            0.31        47.44            47.75            2
    210        211,    SUCCESS        2            13            0.11        47.65            47.76            3
    96        97,    SUCCESS        2            15            0.33        47.47            47.8            2
    21        22,    SUCCESS        2            3            0.58        47.23            47.81            2
    53        54,    SUCCESS        2            7            0.36        47.45            47.81            2
    41        42,    SUCCESS        2            12            0.33        47.48            47.81            2
    54        55,    SUCCESS        2            0            0.26        47.61            47.87            2
    222        223,    SUCCESS        2            13            0.11        47.76            47.87            3
    77        78,    SUCCESS        2            9            0.21        47.69            47.89            2
    201        202,    SUCCESS        2            15            0.11        47.8            47.91            3
    243        244,    SUCCESS        2            19            0.19        47.72            47.91            3
    73        74,    SUCCESS        2            5            0.21        47.73            47.94            2
    65        66,    SUCCESS        2            10            0.28        47.66            47.94            2
    277        278,    SUCCESS        2            13            0.11        47.87            47.98            3
    60        61,    SUCCESS        2            16            0.4        47.58            47.98            2
    62        63,    SUCCESS        2            4            0.43        47.58            48            2
    56        57,    SUCCESS        2            18            0.44        47.56            48            2
    202        203,    SUCCESS        2            15            0.11        47.91            48.02            3
    46        47,    SUCCESS        2            1            0.28        47.75            48.03            2
    74        75,    SUCCESS        2            14            0.55        47.48            48.03            2
    58        59,    SUCCESS        2            7            0.24        47.81            48.05            2
    52        53,    SUCCESS        2            12            0.24        47.81            48.05            2
    232        233,    SUCCESS        2            13            0.11        47.98            48.09            3
    42        43,    SUCCESS        2            6            0.38        47.72            48.1            2
    399        400,    SUCCESS        2            17            0.19        47.91            48.1            4
    408        409,    SUCCESS        2            19            0.19        47.91            48.1            4
    71        72,    SUCCESS        2            2            0.4        47.72            48.11            2
    258        259,    SUCCESS        2            18            0.11        48            48.11            3
    59        60,    SUCCESS        2            0            0.26        47.87            48.13            2
    208        209,    SUCCESS        2            15            0.11        48.02            48.13            3
    47        48,    SUCCESS        2            3            0.33        47.81            48.14            2
    203        204,    SUCCESS        2            14            0.11        48.03            48.14            3
    225        226,    SUCCESS        2            12            0.11        48.05            48.16            3
    235        236,    SUCCESS        2            13            0.11        48.09            48.2            3
    275        276,    SUCCESS        2            19            0.11        48.1            48.21            3
    68        69,    SUCCESS        2            10            0.29        47.94            48.22            2
    272        273,    SUCCESS        2            18            0.11        48.11            48.22            3
    63        64,    SUCCESS        2            4            0.23        48            48.24            2
    78        79,    SUCCESS        2            11            0.49        47.75            48.24            2
    230        231,    SUCCESS        2            15            0.11        48.13            48.24            3
    64        65,    SUCCESS        2            16            0.26        47.98            48.24            2
    227        228,    SUCCESS        2            14            0.11        48.14            48.25            3
    89        90,    SUCCESS        2            9            0.37        47.89            48.27            2
    242        243,    SUCCESS        2            12            0.11        48.16            48.27            3
    93        94,    SUCCESS        2            7            0.27        48.05            48.32            2
    92        93,    SUCCESS        2            5            0.4        47.94            48.33            2
    400        401,    SUCCESS        2            15            0.11        48.24            48.35            4
    250        251,    SUCCESS        2            14            0.11        48.25            48.36            3
    205        206,    SUCCESS        2            12            0.11        48.27            48.38            3
    67        68,    SUCCESS        2            0            0.26        48.13            48.39            2
    475        476,    SUCCESS        2            17            0.29        48.1            48.39            4
    69        70,    SUCCESS        2            1            0.38        48.03            48.41            2
    430        431,    SUCCESS        2            19            0.21        48.21            48.42            4
    76        77,    SUCCESS        2            4            0.19        48.24            48.43            2
    213        214,    SUCCESS        2            7            0.11        48.32            48.43            3
    237        238,    SUCCESS        2            5            0.11        48.33            48.44            3
    433        434,    SUCCESS        2            13            0.26        48.2            48.46            4
    48        49,    SUCCESS        2            6            0.39        48.1            48.49            2
    247        248,    SUCCESS        2            12            0.11        48.38            48.49            3
    290        291,    SUCCESS        2            15            0.14        48.35            48.49            3
    269        270,    SUCCESS        2            17            0.11        48.39            48.5            3
    200        201,    SUCCESS        2            1            0.11        48.41            48.52            3
    61        62,    SUCCESS        2            3            0.38        48.14            48.52            2
    209        210,    SUCCESS        2            5            0.11        48.44            48.55            3
    229        230,    SUCCESS        2            7            0.12        48.43            48.55            3
    248        249,    SUCCESS        2            4            0.15        48.43            48.58            3
    100        101,    SUCCESS        2            2            0.48        48.11            48.6            2
    219        220,    SUCCESS        2            12            0.11        48.49            48.6            3
    81        82,    SUCCESS        2            0            0.22        48.39            48.61            2
    80        81,    SUCCESS        2            10            0.39        48.22            48.61            2
    435        436,    SUCCESS        2            13            0.15        48.46            48.61            4
    220        221,    SUCCESS        2            1            0.11        48.52            48.63            3
    91        92,    SUCCESS        2            9            0.37        48.27            48.64            2
    94        95,    SUCCESS        2            11            0.41        48.24            48.65            2
    84        85,    SUCCESS        2            16            0.41        48.24            48.65            2
    274        275,    SUCCESS        2            18            0.22        48.43            48.65            3
    211        212,    SUCCESS        2            5            0.11        48.55            48.66            3
    244        245,    SUCCESS        2            7            0.11        48.55            48.66            3
    280        281,    SUCCESS        2            2            0.11        48.6            48.71            3
    251        252,    SUCCESS        2            12            0.11        48.6            48.71            3
    241        242,    SUCCESS        2            1            0.11        48.63            48.74            3
    456        457,    SUCCESS        2            4            0.16        48.58            48.74            4
    238        239,    SUCCESS        2            9            0.11        48.64            48.75            3
    98        99,    SUCCESS        2            3            0.24        48.52            48.76            2
    221        222,    SUCCESS        2            16            0.11        48.65            48.76            3
    212        213,    SUCCESS        2            5            0.11        48.66            48.77            3
    265        266,    SUCCESS        2            2            0.1        48.71            48.81            3
    425        426,    SUCCESS        2            7            0.15        48.66            48.81            4
    289        290,    SUCCESS        2            17            0.17        48.64            48.81            3
    57        58,    SUCCESS        2            6            0.34        48.49            48.83            2
    252        253,    SUCCESS        2            1            0.11        48.74            48.85            3
    442        443,    SUCCESS        2            15            0.18        48.66            48.85            4
    281        282,    SUCCESS        2            9            0.11        48.75            48.86            3
    249        250,    SUCCESS        2            3            0.11        48.76            48.87            3
    204        205,    SUCCESS        2            16            0.11        48.76            48.87            3
    401        402,    SUCCESS        2            4            0.15        48.74            48.88            4
    404        405,    SUCCESS        2            5            0.14        48.77            48.91            4
    478        479,    SUCCESS        2            14            0.2        48.71            48.91            4
    287        288,    SUCCESS        2            7            0.11        48.81            48.92            3
    298        299,    SUCCESS        2            2            0.13        48.81            48.94            3
    97        98,    SUCCESS        2            11            0.29        48.65            48.94            2
    270        271,    SUCCESS        2            9            0.11        48.86            48.97            3
    257        258,    SUCCESS        2            3            0.11        48.87            48.98            3
    410        411,    SUCCESS        2            15            0.13        48.85            48.98            4
    218        219,    SUCCESS        2            16            0.11        48.87            48.98            3
    420        421,    SUCCESS        2            1            0.15        48.85            48.99            4
    85        86,    SUCCESS        2            10            0.38        48.61            48.99            2
    264        265,    SUCCESS        2            5            0.11        48.91            49.02            3
    296        297,    SUCCESS        2            14            0.11        48.91            49.02            3
    403        404,    SUCCESS        2            4            0.15        48.88            49.03            4
    282        283,    SUCCESS        2            7            0.11        48.92            49.03            3
    228        229,    SUCCESS        2            11            0.11        48.94            49.05            3
    294        295,    SUCCESS        2            9            0.11        48.97            49.08            3
    233        234,    SUCCESS        2            16            0.11        48.98            49.09            3
    245        246,    SUCCESS        2            1            0.11        48.99            49.1            3
    224        225,    SUCCESS        2            5            0.11        49.02            49.13            3
    417        418,    SUCCESS        2            2            0.2        48.94            49.14            4
    70        71,    SUCCESS        2            6            0.31        48.83            49.14            2
    292        293,    SUCCESS        2            7            0.11        49.03            49.14            3
    90        91,    SUCCESS        2            0            0.55        48.61            49.16            2
    216        217,    SUCCESS        2            11            0.11        49.05            49.16            3
    254        255,    SUCCESS        2            9            0.11        49.08            49.19            3
    426        427,    SUCCESS        2            18            0.16        49.05            49.21            4
    253        254,    SUCCESS        2            5            0.11        49.13            49.24            3
    214        215,    SUCCESS        2            16            0.15        49.09            49.24            3
    472        473,    SUCCESS        2            7            0.11        49.14            49.25            4
    86        87,    SUCCESS        2            10            0.28        48.99            49.27            2
    215        216,    SUCCESS        2            11            0.11        49.16            49.27            3
    419        420,    SUCCESS        2            14            0.25        49.02            49.27            4
    470        471,    SUCCESS        2            1            0.18        49.1            49.29            4
    260        261,    SUCCESS        2            9            0.11        49.19            49.3            3
    263        264,    SUCCESS        2            0            0.15        49.16            49.31            3
    414        415,    SUCCESS        2            17            0.15        49.16            49.31            4
    288        289,    SUCCESS        2            4            0.19        49.16            49.35            3
    266        267,    SUCCESS        2            5            0.11        49.24            49.35            3
    231        232,    SUCCESS        2            16            0.11        49.24            49.35            3
    268        269,    SUCCESS        2            7            0.11        49.25            49.36            3
    259        260,    SUCCESS        2            11            0.11        49.27            49.38            3
    443        444,    SUCCESS        2            18            0.18        49.21            49.4            4
    87        88,    SUCCESS        2            6            0.27        49.14            49.41            2
    256        257,    SUCCESS        2            9            0.11        49.3            49.41            3
    236        237,    SUCCESS        2            16            0.11        49.35            49.46            3
    412        413,    SUCCESS        2            17            0.15        49.31            49.46            4
    423        424,    SUCCESS        2            0            0.16        49.31            49.47            4
    398        399,    SUCCESS        2            1            0.19        49.29            49.47            4
    262        263,    SUCCESS        2            5            0.12        49.35            49.47            3
    278        279,    SUCCESS        2            11            0.11        49.38            49.49            3
    88        89,    SUCCESS        2            10            0.26        49.27            49.53            2
    240        241,    SUCCESS        2            9            0.14        49.41            49.54            3
    464        465,    SUCCESS        2            4            0.21        49.35            49.56            4
    239        240,    SUCCESS        2            16            0.11        49.46            49.57            3
    451        452,    SUCCESS        2            17            0.11        49.46            49.57            4
    276        277,    SUCCESS        2            5            0.11        49.47            49.58            3
    448        449,    SUCCESS        2            0            0.13        49.47            49.6            4
    422        423,    SUCCESS        2            18            0.22        49.4            49.62            4
    454        455,    SUCCESS        2            7            0.23        49.41            49.64            4
    279        280,    SUCCESS        2            11            0.15        49.49            49.64            3
    439        440,    SUCCESS        2            1            0.18        49.47            49.65            4
    286        287,    SUCCESS        2            17            0.11        49.57            49.68            3
    479        480,    SUCCESS        2            5            0.11        49.58            49.69            4
    480        481,    SUCCESS        2            0            0.1        49.6            49.7            4
    461        462,    SUCCESS        2            15            0.4        49.31            49.7            4
    428        429,    SUCCESS        2            16            0.21        49.57            49.78            4
    295        296,    SUCCESS        2            5            0.11        49.69            49.8            3
    434        435,    SUCCESS        2            7            0.2        49.64            49.84            4
    436        437,    SUCCESS        2            11            0.2        49.64            49.84            4
    95        96,    SUCCESS        2            10            0.34        49.53            49.87            2
    291        292,    SUCCESS        2            16            0.11        49.78            49.89            3
    486        487,    SUCCESS        2            15            0.2        49.7            49.9            4
    476        477,    SUCCESS        2            7            0.11        49.84            49.95            4
    255        256,    SUCCESS        2            11            0.11        49.84            49.95            3
    99        100,    SUCCESS        2            6            0.55        49.41            49.96            2
    226        227,    SUCCESS        2            10            0.11        49.87            49.98            3
    267        268,    SUCCESS        2            16            0.11        49.89            50            3
    455        456,    SUCCESS        2            5            0.22        49.8            50.02            4
    271        272,    SUCCESS        2            6            0.11        49.96            50.07            3
    234        235,    SUCCESS        2            10            0.11        49.98            50.09            3
    246        247,    SUCCESS        2            16            0.11        50            50.11            3
    261        262,    SUCCESS        2            6            0.11        50.07            50.18            3
    445        446,    SUCCESS        2            16            0.18        50.11            50.29            4
    407        408,    SUCCESS        2            6            0.15        50.18            50.33            4
    415        416,    SUCCESS        2            10            0.23        50.09            50.33            4
    488        489,    SUCCESS        2            16            0.11        50.29            50.4            4
    418        419,    SUCCESS        2            6            0.13        50.33            50.46            4
    440        441,    SUCCESS        2            10            0.17        50.33            50.5            4
    402        403,    SUCCESS        2            10            0.11        50.5            50.61            4
    283        284,    SUCCESS        2            6            0.16        50.46            50.62            3
    427        428,    SUCCESS        2            16            0.22        50.4            50.62            4
    447        448,    SUCCESS        2            10            0.13        50.61            50.74            4
    458        459,    SUCCESS        2            6            0.14        50.62            50.75            4
    496        497,    SUCCESS        2            10            0.21        50.74            50.95            4
    490        491,    SUCCESS        2            10            0.17        50.95            51.12            4
    1        2,    SUCCESS        2            8            35.87        46.58            82.45            1
    75        76,    SUCCESS        2            8            0.38        82.45            82.83            2
    207        208,    SUCCESS        2            8            0.11        82.83            82.94            3
    223        224,    SUCCESS        2            8            0.11        82.94            83.05            3
    114        115,    SUCCESS        2            17            0.73        82.45            83.18            2
    441        442,    SUCCESS        2            8            0.24        83.05            83.29            4
    406        407,    SUCCESS        2            8            0.2        83.29            83.49            4
    473        474,    SUCCESS        2            8            0.16        83.49            83.65            4
    146        147,    SUCCESS        2            17            0.58        83.18            83.76            2
    446        447,    SUCCESS        2            8            0.22        83.65            83.87            4
    449        450,    SUCCESS        2            8            0.16        83.87            84.03            4
    487        488,    SUCCESS        2            8            0.11        84.03            84.14            4
    165        166,    SUCCESS        2            17            0.49        83.76            84.25            2
    416        417,    SUCCESS        2            8            0.22        84.14            84.36            4
    462        463,    SUCCESS        2            8            0.12        84.36            84.48            4
    494        495,    SUCCESS        2            8            0.18        84.48            84.66            4
    437        438,    SUCCESS        2            8            0.12        84.66            84.78            4
    171        172,    SUCCESS        2            17            0.64        84.25            84.89            2
    176        177,    SUCCESS        2            17            0.33        84.89            85.22            2
    199        200,    SUCCESS        2            17            0.36        85.22            85.58            2
    312        313,    SUCCESS        2            17            0.11        85.58            85.69            3
    632        633,    SUCCESS        2            12            10536.8        49.84            10586.64            5
    297        298,    SUCCESS        2            12            0.11        10586.64            10586.75            3
    424        425,    SUCCESS        2            12            0.15        10586.75            10586.9            4
    481        482,    SUCCESS        2            12            0.18        10586.9            10587.08            4
    128        129,    SUCCESS        2            12            0.27        10587.08            10587.35            2
    133        134,    SUCCESS        2            12            0.35        10587.35            10587.7            2
    184        185,    SUCCESS        2            12            0.29        10587.7            10587.99            2
    653        654,    SUCCESS        2            8            10698.14        84.78            10782.92            5
    469        470,    SUCCESS        2            8            0.11        10782.92            10783.03            4
    623        624,    SUCCESS        2            16            11358.31        50.62            11408.93            5
    485        486,    SUCCESS        2            16            0.11        11408.93            11409.04            4
    452        453,    SUCCESS        2            16            0.14        11409.04            11409.18            4
    674        675,    SUCCESS        2            11            12602.39        49.95            12652.33            5
    465        466,    SUCCESS        2            11            0.12        12652.33            12652.45            4
    615        616,    SUCCESS        2            10            13862.94        51.12            13914.06            5
    413        414,    SUCCESS        2            10            0.16        13914.06            13914.22            4
    429        430,    SUCCESS        2            10            0.16        13914.22            13914.38            4
    694        695,    SUCCESS        2            6            13951.76        50.95            14002.7            5
    113        114,    SUCCESS        2            6            0.35        14002.7            14003.05            2
    135        136,    SUCCESS        2            6            0.3        14003.05            14003.35            2
    143        144,    SUCCESS        2            6            0.5        14003.35            14003.85            2
    144        145,    SUCCESS        2            6            0.57        14003.85            14004.42            2
    151        152,    SUCCESS        2            6            0.47        14004.42            14004.89            2
    155        156,    SUCCESS        2            6            0.3        14004.89            14005.19            2
    182        183,    SUCCESS        2            6            0.3        14005.19            14005.49            2
    195        196,    SUCCESS        2            6            0.65        14005.49            14006.14            2
    333        334,    SUCCESS        2            6            0.11        14006.14            14006.25            3
    597        598,    SUCCESS        2            9            14208.39        49.54            14257.93            5
    652        653,    SUCCESS        2            15            14830.93        49.9            14880.83            5
    598        599,    SUCCESS        2            3            14982.22        48.98            15031.2            5
    612        613,    SUCCESS        2            1            15201.88        49.65            15251.53            5
    460        461,    SUCCESS        2            1            0.15        15251.53            15251.68            4
    110        111,    SUCCESS        2            1            0.27        15251.68            15251.95            2
    124        125,    SUCCESS        2            1            0.43        15251.95            15252.38            2
    134        135,    SUCCESS        2            1            0.43        15252.38            15252.81            2
    160        161,    SUCCESS        2            1            0.25        15252.81            15253.06            2
    358        359,    SUCCESS        2            6            0.2        15253.06            15253.26            3
    162        163,    SUCCESS        2            1            0.52        15253.06            15253.58            2
    649        650,    SUCCESS        2            5            15781.13        50.02            15831.15            5
    608        609,    SUCCESS        2            2            16048.81        49.14            16097.95            5
    431        432,    SUCCESS        2            2            0.19        16097.95            16098.14            4
    610        611,    SUCCESS        2            4            16815.75        49.56            16865.31            5
    670        671,    SUCCESS        2            14            17161.85        49.27            17211.12            5
    284        285,    SUCCESS        2            14            0.11        17211.12            17211.23            3
    484        485,    SUCCESS        2            14            0.11        17211.23            17211.34            4
    601        602,    SUCCESS        2            0            17425.59        49.7            17475.29            5
    492        493,    SUCCESS        2            0            0.14        17475.29            17475.43            4
    109        110,    SUCCESS        2            0            0.28        17475.43            17475.71            2
    189        190,    SUCCESS        2            0            0.29        17475.71            17476            2
    190        191,    SUCCESS        2            0            0.37        17476            17476.37            2
    191        192,    SUCCESS        2            0            0.58        17476.37            17476.95            2
    646        647,    SUCCESS        2            7            17483.08        49.95            17533.03            5
    459        460,    SUCCESS        2            7            0.15        17533.03            17533.18            4
    668        669,    SUCCESS        2            18            18294.71        49.62            18344.33            5
    466        467,    SUCCESS        2            18            0.11        18344.33            18344.44            4
    628        629,    SUCCESS        2            19            19367.94        48.42            19416.36            5
    411        412,    SUCCESS        2            19            0.11        19416.36            19416.47            4
    633        634,    SUCCESS        2            13            20594.23        48.61            20642.84            5
    625        626,    SUCCESS        2            8            12546.66        10783.03            23329.69            5
    111        112,    SUCCESS        2            8            0.36        23329.69            23330.05            2
    138        139,    SUCCESS        2            8            0.58        23330.05            23330.63            2
    152        153,    SUCCESS        2            8            0.44        23330.63            23331.07            2
    158        159,    SUCCESS        2            8            0.29        23331.07            23331.36            2
    172        173,    SUCCESS        2            8            0.41        23331.36            23331.77            2
    173        174,    SUCCESS        2            8            0.34        23331.77            23332.11            2
    604        605,    SUCCESS        2            17            24880.68        85.69            24966.37            5
    638        639,    SUCCESS        2            11            12331.31        12652.45            24983.76            5
    116        117,    SUCCESS        2            11            0.39        24983.76            24984.15            2
    122        123,    SUCCESS        2            11            0.66        24984.15            24984.81            2
    123        124,    SUCCESS        2            11            0.47        24984.81            24985.28            2
    127        128,    SUCCESS        2            11            0.41        24985.28            24985.69            2
    174        175,    SUCCESS        2            11            0.51        24985.69            24986.2            2
    175        176,    SUCCESS        2            11            0.31        24986.2            24986.51            2
    192        193,    SUCCESS        2            11            0.33        24986.51            24986.84            2
    641        642,    SUCCESS        2            16            14001.61        11409.18            25410.79            5
    656        657,    SUCCESS        2            2            9742.71        16098.14            25840.85            5
    121        122,    SUCCESS        2            2            0.34        25840.85            25841.19            2
    319        320,    SUCCESS        2            6            0.2        25841.19            25841.4            3
    156        157,    SUCCESS        2            2            0.64        25841.19            25841.83            2
    170        171,    SUCCESS        2            2            0.37        25841.83            25842.2            2
    650        651,    SUCCESS        2            12            14591.94        11409.18            26001.12            5
    631        632,    SUCCESS        2            3            12254.6        15031.2            27285.8            5
    467        468,    SUCCESS        2            3            0.13        27285.8            27285.93            4
    409        410,    SUCCESS        2            3            0.12        27285.93            27286.05            4
    463        464,    SUCCESS        2            3            0.12        27286.05            27286.17            4
    450        451,    SUCCESS        2            3            0.12        27286.17            27286.29            4
    606        607,    SUCCESS        2            9            14210.78        14257.93            28468.71            5
    671        672,    SUCCESS        2            0            11543.22        17476.95            29020.17            5
    626        627,    SUCCESS        2            15            15044.05        14880.83            29924.88            5
    108        109,    SUCCESS        2            15            0.28        29924.88            29925.16            2
    150        151,    SUCCESS        2            15            0.76        29925.16            29925.92            2
    157        158,    SUCCESS        2            15            0.28        29925.92            29926.2            2
    187        188,    SUCCESS        2            15            0.41        29926.2            29926.61            2
    370        371,    SUCCESS        2            15            0.11        29926.61            29926.72            3
    634        635,    SUCCESS        2            14            12814.38        17211.34            30025.72            5
    489        490,    SUCCESS        2            14            0.15        30025.72            30025.87            4
    105        106,    SUCCESS        2            14            0.38        30025.87            30026.25            2
    107        108,    SUCCESS        2            14            0.26        30026.25            30026.51            2
    141        142,    SUCCESS        2            14            0.29        30026.51            30026.8            2
    164        165,    SUCCESS        2            14            0.47        30026.8            30027.27            2
    495        496,    SUCCESS        2            14            0.12        30027.27            30027.39            4
    362        363,    SUCCESS        2            12            0.21        30027.27            30027.48            3
    353        354,    SUCCESS        2            14            0.2        30027.39            30027.59            3
    307        308,    SUCCESS        2            14            0.11        30027.59            30027.7            3
    314        315,    SUCCESS        2            14            0.12        30027.7            30027.82            3
    354        355,    SUCCESS        2            14            0.11        30027.82            30027.93            3
    688        689,    SUCCESS        2            5            14245.94        15831.15            30077.09            5
    104        105,    SUCCESS        2            5            0.32        30077.09            30077.41            2
    106        107,    SUCCESS        2            5            0.43        30077.41            30077.84            2
    304        305,    SUCCESS        2            12            0.24        30077.84            30078.08            3
    115        116,    SUCCESS        2            5            0.35        30077.84            30078.19            2
    120        121,    SUCCESS        2            5            0.32        30078.19            30078.51            2
    131        132,    SUCCESS        2            5            0.41        30078.51            30078.92            2
    147        148,    SUCCESS        2            5            0.34        30078.92            30079.26            2
    421        422,    SUCCESS        2            5            0.14        30079.26            30079.4            4
    344        345,    SUCCESS        2            5            0.11        30079.4            30079.51            3
    374        375,    SUCCESS        2            5            0.14        30079.51            30079.65            3
    397        398,    SUCCESS        2            5            0.11        30079.65            30079.76            3
    482        483,    SUCCESS        2            5            0.14        30079.76            30079.9            4
    388        389,    SUCCESS        2            5            0.11        30079.9            30080.01            3
    390        391,    SUCCESS        2            5            0.14        30080.01            30080.15            3
    685        686,    SUCCESS        2            1            16965.37        15253.58            32218.95            5
    510        511,    SUCCESS        2            1            0.16        32218.95            32219.11            4
    643        644,    SUCCESS        2            7            15555.5        17533.18            33088.68            5
    103        104,    SUCCESS        2            7            0.35        33088.68            33089.03            2
    301        302,    SUCCESS        2            5            0.21        33089.03            33089.24            3
    132        133,    SUCCESS        2            7            0.41        33089.03            33089.44            2
    167        168,    SUCCESS        2            7            0.62        33089.44            33090.06            2
    183        184,    SUCCESS        2            7            0.72        33090.06            33090.78            2
    186        187,    SUCCESS        2            7            0.32        33090.78            33091.1            2
    196        197,    SUCCESS        2            7            0.3        33091.1            33091.4            2
    197        198,    SUCCESS        2            7            0.59        33091.4            33091.99            2
    198        199,    SUCCESS        2            7            0.24        33091.99            33092.23            2
    326        327,    SUCCESS        2            7            0.11        33092.23            33092.34            3
    654        655,    SUCCESS        2            19            13693.03        19416.47            33109.5            5
    596        597,    SUCCESS        2            18            14806.21        18344.44            33150.65            5
    493        494,    SUCCESS        2            18            0.12        33150.65            33150.77            4
    293        294,    SUCCESS        2            18            0.11        33150.77            33150.88            3
    620        621,    SUCCESS        2            10            19939.98        13914.38            33854.36            5
    644        645,    SUCCESS        2            8            11143.27        23332.11            34475.38            5
    332        333,    SUCCESS        2            8            0.13        34475.38            34475.51            3
    552        553,    SUCCESS        2            8            0.17        34475.51            34475.68            4
    624        625,    SUCCESS        2            13            14053.67        20642.84            34696.51            5
    457        458,    SUCCESS        2            13            0.14        34696.51            34696.65            4
    285        286,    SUCCESS        2            13            0.11        34696.65            34696.76            3
    692        693,    SUCCESS        2            17            9881.07        24966.37            34847.44            5
    382        383,    SUCCESS        2            17            0.12        34847.44            34847.56            3
    657        658,    SUCCESS        2            2            14806.81        25842.2            40649.01            5
    588        589,    SUCCESS        2            2            0.15        40649.01            40649.16            4
    396        397,    SUCCESS        2            2            0.11        40649.16            40649.27            3
    602        603,    SUCCESS        2            3            13680.69        27286.29            40966.98            5
    665        666,    SUCCESS        2            14            12245.57        30027.93            42273.5            5
    524        525,    SUCCESS        2            14            0.15        42273.5            42273.65            4
    483        484,    SUCCESS        2            14            0.15        42273.65            42273.8            4
    621        622,    SUCCESS        2            4            25645.27        16865.31            42510.58            5
    663        664,    SUCCESS        2            1            10509.6        32219.11            42728.72            5
    611        612,    SUCCESS        2            7            10772.08        33092.34            43864.42            5
    387        388,    SUCCESS        2            7            0.12        43864.42            43864.54            3
    673        674,    SUCCESS        2            9            15870.12        28468.71            44338.84            5
    679        680,    SUCCESS        2            0            15366.36        29020.17            44386.54            5
    331        332,    SUCCESS        2            0            0.11        44386.54            44386.65            3
    529        530,    SUCCESS        2            2            0.34        44386.65            44386.98            4
    678        679,    SUCCESS        2            16            19024.03        25410.79            44434.82            5
    432        433,    SUCCESS        2            16            0.14        44434.82            44434.96            4
    129        130,    SUCCESS        2            16            0.3        44434.96            44435.26            2
    148        149,    SUCCESS        2            16            0.54        44435.26            44435.8            2
    273        274,    SUCCESS        2            16            0.11        44435.8            44435.91            3
    639        640,    SUCCESS        2            11            19814.14        24986.84            44800.98            5
    531        532,    SUCCESS        2            11            0.27        44800.98            44801.25            4
    360        361,    SUCCESS        2            11            0.11        44801.25            44801.36            3
    303        304,    SUCCESS        2            11            0.11        44801.36            44801.47            3
    329        330,    SUCCESS        2            11            0.18        44801.47            44801.65            3
    640        641,    SUCCESS        2            19            11747.26        33109.5            44856.76            5
    468        469,    SUCCESS        2            19            0.18        44856.76            44856.94            4
    661        662,    SUCCESS        2            15            15651.02        29926.72            45577.74            5
    595        596,    SUCCESS        2            15            0.11        45577.74            45577.85            4
    499        500,    SUCCESS        2            15            0.23        45577.85            45578.08            4
    530        531,    SUCCESS        2            15            0.3        45578.08            45578.38            4
    637        638,    SUCCESS        2            10            12432        33854.36            46286.36            5
    686        687,    SUCCESS        2            18            13956.53        33150.88            47107.41            5
    662        663,    SUCCESS        2            13            12688.72        34696.76            47385.48            5
    474        475,    SUCCESS        2            13            0.2        47385.48            47385.68            4
    683        684,    SUCCESS        2            17            12656.03        34847.56            47503.59            5
    393        394,    SUCCESS        2            17            0.13        47503.59            47503.72            3
    356        357,    SUCCESS        2            17            0.11        47503.72            47503.83            3
    313        314,    SUCCESS        2            17            0.11        47503.83            47503.94            3
    365        366,    SUCCESS        2            17            0.12        47503.94            47504.06            3
    680        681,    SUCCESS        2            12            20134.26        30079.9            50214.16            5
    677        678,    SUCCESS        2            4            14523.31        42510.58            57033.89            5
    453        454,    SUCCESS        2            4            0.15        57033.89            57034.04            4
    101        102,    SUCCESS        2            4            0.38        57034.04            57034.42            2
    118        119,    SUCCESS        2            4            0.24        57034.42            57034.66            2
    137        138,    SUCCESS        2            4            0.28        57034.66            57034.94            2
    154        155,    SUCCESS        2            4            0.36        57034.94            57035.3            2
    180        181,    SUCCESS        2            4            0.37        57035.3            57035.67            2
    342        343,    SUCCESS        2            4            0.11        57035.67            57035.78            3
    676        677,    SUCCESS        2            3            16734.76        40966.98            57701.74            5
    659        660,    SUCCESS        2            10            11463.73        46286.36            57750.09            5
    102        103,    SUCCESS        2            10            0.44        57750.09            57750.53            2
    300        301,    SUCCESS        2            5            0.22        57750.53            57750.75            3
    117        118,    SUCCESS        2            10            0.52        57750.53            57751.05            2
    125        126,    SUCCESS        2            10            0.54        57751.05            57751.59            2
    136        137,    SUCCESS        2            10            0.38        57751.59            57751.97            2
    334        335,    SUCCESS        2            6            0.24        57751.97            57752.2            3
    142        143,    SUCCESS        2            10            0.37        57751.97            57752.34            2
    163        164,    SUCCESS        2            10            0.38        57752.34            57752.72            2
    185        186,    SUCCESS        2            10            0.29        57752.72            57753.01            2
    309        310,    SUCCESS        2            10            0.11        57753.01            57753.12            3
    320        321,    SUCCESS        2            10            0.11        57753.12            57753.23            3
    318        319,    SUCCESS        2            10            0.12        57753.23            57753.35            3
    507        508,    SUCCESS        2            8            0.24        57753.12            57753.36            4
    572        573,    SUCCESS        2            10            0.15        57753.35            57753.5            4
    381        382,    SUCCESS        2            10            0.11        57753.5            57753.61            3
    594        595,    SUCCESS        2            10            0.17        57753.61            57753.78            4
    684        685,    SUCCESS        2            13            10784.35        47385.68            58170.03            5
    444        445,    SUCCESS        2            13            0.19        58170.03            58170.22            4
    655        656,    SUCCESS        2            11            13370.05        44801.65            58171.7            5
    627        628,    SUCCESS        2            0            14964.99        44386.65            59351.63            5
    341        342,    SUCCESS        2            0            0.11        59351.63            59351.74            3
    380        381,    SUCCESS        2            0            0.12        59351.74            59351.86            3
    389        390,    SUCCESS        2            0            0.11        59351.86            59351.97            3
    368        369,    SUCCESS        2            0            0.11        59351.97            59352.08            3
    302        303,    SUCCESS        2            0            0.11        59352.08            59352.19            3
    578        579,    SUCCESS        2            5            0.44        59351.86            59352.31            4
    599        600,    SUCCESS        2            9            15729.82        44338.84            60068.65            5
    130        131,    SUCCESS        2            9            0.27        60068.65            60068.92            2
    149        150,    SUCCESS        2            9            0.74        60068.92            60069.66            2
    194        195,    SUCCESS        2            9            0.37        60069.66            60070.03            2
    691        692,    SUCCESS        2            12            10989.31        50214.16            61203.47            5
    580        581,    SUCCESS        2            12            0.15        61203.47            61203.62            4
    527        528,    SUCCESS        2            12            0.24        61203.62            61203.86            4
    315        316,    SUCCESS        2            12            0.11        61203.86            61203.97            3
    518        519,    SUCCESS        2            12            0.21        61203.97            61204.18            4
    664        665,    SUCCESS        2            16            17409.85        44435.91            61845.76            5
    348        349,    SUCCESS        2            16            0.13        61845.76            61845.89            3
    585        586,    SUCCESS        2            16            0.24        61845.89            61846.13            4
    658        659,    SUCCESS        2            1            19251.24        42728.72            61979.95            5
    750        751,    SUCCESS        2            15            19280.6        45578.38            64858.98            5
    346        347,    SUCCESS        2            15            0.14        64858.98            64859.12            3
    544        545,    SUCCESS        2            17            0.23        64859.12            64859.35            4
    617        618,    SUCCESS        2            19            20872.95        44856.94            65729.89            5
    179        180,    SUCCESS        2            19            0.4        65729.89            65730.29            2
    600        601,    SUCCESS        2            18            20397.65        47107.41            67505.06            5
    618        619,    SUCCESS        2            3            10762.79        57701.74            68464.53            5
    438        439,    SUCCESS        2            3            0.17        68464.53            68464.7            4
    477        478,    SUCCESS        2            3            0.11        68464.7            68464.81            4
    705        706,    SUCCESS        2            7            12131.94        57753.36            69885.3            5
    630        631,    SUCCESS        2            14            25568.24        44434.96            70003.2            5
    500        501,    SUCCESS        2            14            0.16        70003.2            70003.36            4
    546        547,    SUCCESS        2            14            0.14        70003.36            70003.5            4
    786        787,    SUCCESS        2            0            11801.14        59352.19            71153.33            5
    681        682,    SUCCESS        2            10            14159.69        57753.78            71913.47            5
    540        541,    SUCCESS        2            10            0.15        71913.47            71913.62            4
    635        636,    SUCCESS        2            9            12327.39        60070.03            72397.42            5
    311        312,    SUCCESS        2            9            0.11        72397.42            72397.53            3
    372        373,    SUCCESS        2            9            0.11        72397.53            72397.64            3
    385        386,    SUCCESS        2            9            0.12        72397.64            72397.76            3
    570        571,    SUCCESS        2            17            0.33        72397.64            72397.98            4
    793        794,    SUCCESS        2            11            15404.43        58171.7            73576.13            5
    498        499,    SUCCESS        2            11            0.2        73576.13            73576.33            4
    323        324,    SUCCESS        2            11            0.11        73576.33            73576.44            3
    361        362,    SUCCESS        2            11            0.14        73576.44            73576.58            3
    613        614,    SUCCESS        2            13            15557.75        58170.22            73727.97            5
    697        698,    SUCCESS        2            15            9579.85        64859.12            74438.97            5
    672        673,    SUCCESS        2            16            13327.1        61846.13            75173.23            5
    335        336,    SUCCESS        2            16            0.11        75173.23            75173.34            3
    509        510,    SUCCESS        2            16            0.15        75173.34            75173.49            4
    622        623,    SUCCESS        2            19            9647.39        65730.29            75377.68            5
    792        793,    SUCCESS        2            8            18377.26        57753.78            76131.04            5
    629        630,    SUCCESS        2            1            14735.16        61979.95            76715.11            5
    371        372,    SUCCESS        2            1            0.15        76715.11            76715.26            3
    325        326,    SUCCESS        2            1            0.11        76715.26            76715.37            3
    605        606,    SUCCESS        2            3            14176.34        68464.81            82641.15            5
    139        140,    SUCCESS        2            3            0.25        82641.15            82641.4            2
    161        162,    SUCCESS        2            3            0.39        82641.4            82641.79            2
    359        360,    SUCCESS        2            16            0.23        82641.79            82642.02            3
    166        167,    SUCCESS        2            3            0.49        82641.79            82642.28            2
    181        182,    SUCCESS        2            3            0.36        82642.28            82642.64            2
    642        643,    SUCCESS        2            10            10733.97        71913.62            82647.59            5
    328        329,    SUCCESS        2            10            0.11        82647.59            82647.7            3
    347        348,    SUCCESS        2            10            0.11        82647.7            82647.81            3
    377        378,    SUCCESS        2            10            0.11        82647.81            82647.92            3
    523        524,    SUCCESS        2            10            0.19        82647.92            82648.11            4
    607        608,    SUCCESS        2            4            25871.92        57035.78            82907.7            5
    306        307,    SUCCESS        2            4            0.11        82907.7            82907.81            3
    339        340,    SUCCESS        2            4            0.12        82907.81            82907.93            3
    384        385,    SUCCESS        2            4            0.12        82907.93            82908.05            3
    537        538,    SUCCESS        2            5            0.17        82907.93            82908.1            4
    316        317,    SUCCESS        2            4            0.11        82908.05            82908.16            3
    582        583,    SUCCESS        2            14            0.25        82908.05            82908.3            4
    587        588,    SUCCESS        2            4            0.21        82908.16            82908.37            4
    514        515,    SUCCESS        2            10            0.21        82908.16            82908.37            4
    392        393,    SUCCESS        2            4            0.12        82908.37            82908.49            3
    744        745,    SUCCESS        2            12            14703.16        70003.5            84706.66            5
    645        646,    SUCCESS        2            18            17902.33        67505.06            85407.39            5
    126        127,    SUCCESS        2            18            0.67        85407.39            85408.06            2
    188        189,    SUCCESS        2            18            0.56        85408.06            85408.62            2
    193        194,    SUCCESS        2            18            0.34        85408.62            85408.96            2
    725        726,    SUCCESS        2            2            25843.77        61203.86            87047.63            5
    616        617,    SUCCESS        2            13            13631.53        73727.97            87359.5            5
    112        113,    SUCCESS        2            13            0.26        87359.5            87359.76            2
    119        120,    SUCCESS        2            13            0.64        87359.76            87360.4            2
    140        141,    SUCCESS        2            13            0.43        87360.4            87360.83            2
    145        146,    SUCCESS        2            13            0.4        87360.83            87361.23            2
    153        154,    SUCCESS        2            13            0.41        87361.23            87361.64            2
    159        160,    SUCCESS        2            13            0.78        87361.64            87362.42            2
    357        358,    SUCCESS        2            8            0.21        87362.42            87362.63            3
    168        169,    SUCCESS        2            13            0.37        87362.42            87362.79            2
    366        367,    SUCCESS        2            14            0.21        87362.79            87363            3
    169        170,    SUCCESS        2            13            0.41        87362.79            87363.2            2
    177        178,    SUCCESS        2            13            0.44        87363.2            87363.64            2
    178        179,    SUCCESS        2            13            0.39        87363.64            87364.03            2
    405        406,    SUCCESS        2            13            0.16        87364.03            87364.19            4
    376        377,    SUCCESS        2            14            0.2        87364.03            87364.23            3
    363        364,    SUCCESS        2            13            0.17        87364.19            87364.36            3
    574        575,    SUCCESS        2            14            0.31        87364.23            87364.54            4
    728        729,    SUCCESS        2            15            12953.39        74438.97            87392.36            5
    511        512,    SUCCESS        2            15            0.12        87392.36            87392.48            4
    378        379,    SUCCESS        2            15            0.11        87392.48            87392.59            3
    532        533,    SUCCESS        2            15            0.16        87392.59            87392.75            4
    576        577,    SUCCESS        2            12            0.31        87392.59            87392.9            4
    722        723,    SUCCESS        2            0            18224.12        71153.33            89377.45            5
    501        502,    SUCCESS        2            0            0.19        89377.45            89377.64            4
    340        341,    SUCCESS        2            0            0.11        89377.64            89377.75            3
    648        649,    SUCCESS        2            1            13818.78        76715.37            90534.15            5
    560        561,    SUCCESS        2            1            0.15        90534.15            90534.3            4
    505        506,    SUCCESS        2            1            0.16        90534.3            90534.46            4
    586        587,    SUCCESS        2            1            0.18        90534.46            90534.64            4
    491        492,    SUCCESS        2            1            0.16        90534.64            90534.8            4
    471        472,    SUCCESS        2            1            0.11        90534.8            90534.91            4
    299        300,    SUCCESS        2            1            0.11        90534.91            90535.02            3
    776        777,    SUCCESS        2            7            21044.6        69885.3            90929.9            5
    317        318,    SUCCESS        2            7            0.11        90929.9            90930.01            3
    609        610,    SUCCESS        2            19            16538.16        75377.68            91915.84            5
    568        569,    SUCCESS        2            19            0.31        91915.84            91916.15            4
    502        503,    SUCCESS        2            19            0.16        91916.15            91916.31            4
    542        543,    SUCCESS        2            19            0.27        91916.31            91916.58            4
    716        717,    SUCCESS        2            11            18842.7        73576.58            92419.28            5
    583        584,    SUCCESS        2            11            0.13        92419.28            92419.41            4
    504        505,    SUCCESS        2            11            0.2        92419.41            92419.61            4
    693        694,    SUCCESS        2            9            22010.2        72397.76            94407.96            5
    636        637,    SUCCESS        2            6            26295.88        68464.7            94760.57            5
    364        365,    SUCCESS        2            6            0.15        94760.57            94760.72            3
    375        376,    SUCCESS        2            6            0.11        94760.72            94760.83            3
    561        562,    SUCCESS        2            6            0.14        94760.83            94760.97            4
    562        563,    SUCCESS        2            17            0.28        94760.72            94761            4
    647        648,    SUCCESS        2            3            12675.48        82642.64            95318.12            5
    614        615,    SUCCESS        2            18            10325.2        85408.96            95734.16            5
    349        350,    SUCCESS        2            18            0.14        95734.16            95734.3            3
    322        323,    SUCCESS        2            18            0.11        95734.3            95734.41            3
    556        557,    SUCCESS        2            18            0.19        95734.41            95734.6            4
    712        713,    SUCCESS        2            10            13688.19        82908.37            96596.56            5
    768        769,    SUCCESS        2            2            11085.98        87047.63            98133.61            5
    324        325,    SUCCESS        2            2            0.15        98133.61            98133.76            3
    690        691,    SUCCESS        2            13            13188.87        87364.36            100553.23            5
    512        513,    SUCCESS        2            13            0.22        100553.23            100553.45            4
    345        346,    SUCCESS        2            13            0.11        100553.45            100553.56            3
    394        395,    SUCCESS        2            13            0.2        100553.56            100553.76            3
    395        396,    SUCCESS        2            13            0.12        100553.76            100553.88            3
    327        328,    SUCCESS        2            13            0.11        100553.88            100553.99            3
    784        785,    SUCCESS        2            14            11977.52        90534.64            102512.17            5
    735        736,    SUCCESS        2            11            11180.34        92419.61            103599.95            5
    391        392,    SUCCESS        2            11            0.11        103599.95            103600.06            3
    555        556,    SUCCESS        2            11            0.13        103600.06            103600.19            4
    592        593,    SUCCESS        2            11            0.17        103600.19            103600.36            4
    525        526,    SUCCESS        2            11            0.11        103600.36            103600.47            4
    589        590,    SUCCESS        2            14            0.41        103600.06            103600.47            4
    783        784,    SUCCESS        2            0            15375.87        89377.75            104753.62            5
    603        604,    SUCCESS        2            1            15030.24        90535.02            105565.26            5
    778        779,    SUCCESS        2            15            18860.64        87392.75            106253.39            5
    785        786,    SUCCESS        2            10            10893.65        96596.56            107490.21            5
    310        311,    SUCCESS        2            10            0.13        107490.21            107490.34            3
    351        352,    SUCCESS        2            10            0.11        107490.34            107490.45            3
    367        368,    SUCCESS        2            10            0.11        107490.45            107490.56            3
    565        566,    SUCCESS        2            10            0.21        107490.56            107490.76            4
    682        683,    SUCCESS        2            18            12267.89        95734.6            108002.49            5
    336        337,    SUCCESS        2            18            0.11        108002.49            108002.6            3
    321        322,    SUCCESS        2            18            0.11        108002.6            108002.71            3
    373        374,    SUCCESS        2            18            0.11        108002.71            108002.82            3
    534        535,    SUCCESS        2            10            0.26        108002.6            108002.86            4
    355        356,    SUCCESS        2            18            0.11        108002.82            108002.93            3
    305        306,    SUCCESS        2            18            0.11        108002.93            108003.04            3
    551        552,    SUCCESS        2            18            0.17        108003.04            108003.21            4
    591        592,    SUCCESS        2            18            0.19        108003.21            108003.4            4
    780        781,    SUCCESS        2            16            25763.81        82908.3            108672.11            5
    660        661,    SUCCESS        2            3            13579.1        95318.12            108897.22            5
    369        370,    SUCCESS        2            3            0.12        108897.22            108897.34            3
    619        620,    SUCCESS        2            9            15290.28        94407.96            109698.24            5
    352        353,    SUCCESS        2            9            0.11        109698.24            109698.35            3
    516        517,    SUCCESS        2            9            0.23        109698.35            109698.58            4
    669        670,    SUCCESS        2            12            19565.22        90534.91            110100.14            5
    571        572,    SUCCESS        2            12            0.28        110100.14            110100.42            4
    708        709,    SUCCESS        2            19            18358.74        91916.58            110275.32            5
    330        331,    SUCCESS        2            19            0.12        110275.32            110275.44            3
    709        710,    SUCCESS        2            5            23185.94        87392.48            110578.42            5
    515        516,    SUCCESS        2            5            0.17        110578.42            110578.59            4
    772        773,    SUCCESS        2            2            13780.28        98133.76            111914.04            5
    543        544,    SUCCESS        2            2            0.11        111914.04            111914.15            4
    723        724,    SUCCESS        2            14            11354.66        103600.47            114955.13            5
    528        529,    SUCCESS        2            14            0.24        114955.13            114955.37            4
    758        759,    SUCCESS        2            6            20376.65        94760.97            115137.62            5
    754        755,    SUCCESS        2            4            19864.28        95734.6            115598.88            5
    729        730,    SUCCESS        2            13            15742.78        100553.99            116296.77            5
    563        564,    SUCCESS        2            13            0.11        116296.77            116296.88            4
    566        567,    SUCCESS        2            13            0.14        116296.88            116297.02            4
    386        387,    SUCCESS        2            13            0.12        116297.02            116297.14            3
    696        697,    SUCCESS        2            0            14053.82        104753.62            118807.44            5
    521        522,    SUCCESS        2            0            0.13        118807.44            118807.57            4
    533        534,    SUCCESS        2            0            0.27        118807.57            118807.84            4
    738        739,    SUCCESS        2            15            13309.88        106253.39            119563.27            5
    337        338,    SUCCESS        2            15            0.14        119563.27            119563.41            3
    338        339,    SUCCESS        2            15            0.12        119563.41            119563.53            3
    689        690,    SUCCESS        2            1            14907.93        105565.26            120473.19            5
    740        741,    SUCCESS        2            16            11809.85        108672.11            120481.96            5
    713        714,    SUCCESS        2            17            10720.81        110578.59            121299.4            5
    536        537,    SUCCESS        2            17            0.27        121299.4            121299.67            4
    789        790,    SUCCESS        2            5            12145.1        110578.59            122723.69            5
    770        771,    SUCCESS        2            9            15308.43        109698.58            125007.01            5
    732        733,    SUCCESS        2            4            10625.48        115598.88            126224.36            5
    667        668,    SUCCESS        2            3            17668.19        108897.34            126565.53            5
    308        309,    SUCCESS        2            3            0.11        126565.53            126565.64            3
    350        351,    SUCCESS        2            3            0.11        126565.64            126565.75            3
    517        518,    SUCCESS        2            3            0.22        126565.75            126565.97            4
    727        728,    SUCCESS        2            19            16470.92        110275.44            126746.36            5
    698        699,    SUCCESS        2            18            19959.12        108003.4            127962.52            5
    569        570,    SUCCESS        2            18            0.25        127962.52            127962.77            4
    557        558,    SUCCESS        2            18            0.2        127962.77            127962.97            4
    714        715,    SUCCESS        2            7            20105.32        109698.58            129803.9            5
    774        775,    SUCCESS        2            15            10797.16        119563.53            130360.69            5
    538        539,    SUCCESS        2            15            0.23        130360.69            130360.92            4
    593        594,    SUCCESS        2            15            0.21        130360.92            130361.13            4
    749        750,    SUCCESS        2            12            20701.41        110100.42            130801.83            5
    766        767,    SUCCESS        2            1            11548.92        120473.19            132022.11            5
    522        523,    SUCCESS        2            1            0.2        132022.11            132022.31            4
    535        536,    SUCCESS        2            1            0.13        132022.31            132022.44            4
    730        731,    SUCCESS        2            0            13519.14        118807.84            132326.98            5
    781        782,    SUCCESS        2            16            12214.38        120481.96            132696.34            5
    726        727,    SUCCESS        2            11            18056.77        114955.37            133012.14            5
    760        761,    SUCCESS        2            13            17540.97        116297.14            133838.11            5
    547        548,    SUCCESS        2            13            0.16        133838.11            133838.27            4
    742        743,    SUCCESS        2            9            11311.7        125007.01            136318.71            5
    755        756,    SUCCESS        2            5            9850.46        127962.97            137813.43            5
    731        732,    SUCCESS        2            2            19099.26        118807.84            137907.1            5
    761        762,    SUCCESS        2            4            12518.23        126224.36            138742.59            5
    584        585,    SUCCESS        2            4            0.15        138742.59            138742.74            4
    703        704,    SUCCESS        2            6            23640.5        115137.62            138778.12            5
    651        652,    SUCCESS        2            19            13711.33        126746.36            140457.69            5
    383        384,    SUCCESS        2            19            0.11        140457.69            140457.8            3
    579        580,    SUCCESS        2            19            0.21        140457.8            140458.01            4
    564        565,    SUCCESS        2            19            0.21        140458.01            140458.22            4
    503        504,    SUCCESS        2            19            0.18        140458.22            140458.4            4
    567        568,    SUCCESS        2            19            0.2        140458.4            140458.6            4
    687        688,    SUCCESS        2            3            15363.93        126565.97            141929.9            5
    558        559,    SUCCESS        2            3            0.17        141929.9            141930.07            4
    719        720,    SUCCESS        2            10            23502.44        118807.57            142310.02            5
    759        760,    SUCCESS        2            16            13174.47        132696.34            145870.81            5
    553        554,    SUCCESS        2            16            0.23        145870.81            145871.04            4
    550        551,    SUCCESS        2            16            0.13        145871.04            145871.17            4
    721        722,    SUCCESS        2            18            19208.28        127962.97            147171.25            5
    745        746,    SUCCESS        2            5            11741.32        137813.43            149554.75            5
    736        737,    SUCCESS        2            2            11938.71        137907.1            149845.81            5
    666        667,    SUCCESS        2            3            11674.5        141930.07            153604.57            5
    554        555,    SUCCESS        2            3            0.29        153604.57            153604.86            4
    539        540,    SUCCESS        2            3            0.17        153604.86            153605.03            4
    513        514,    SUCCESS        2            3            0.13        153605.03            153605.16            4
    675        676,    SUCCESS        2            9            17492.85        136318.71            153811.56            5
    559        560,    SUCCESS        2            9            0.28        153811.56            153811.84            4
    545        546,    SUCCESS        2            9            0.22        153811.84            153812.06            4
    590        591,    SUCCESS        2            9            0.31        153812.06            153812.37            4
    520        521,    SUCCESS        2            9            0.21        153812.37            153812.58            4
    702        703,    SUCCESS        2            6            15119.66        138778.12            153897.78            5
    699        700,    SUCCESS        2            0            22025.5        132326.98            154352.48            5
    734        735,    SUCCESS        2            7            25721.45        129803.9            155525.35            5
    791        792,    SUCCESS        2            10            14467.91        142310.02            156777.93            5
    769        770,    SUCCESS        2            16            11032.64        145871.17            156903.81            5
    715        716,    SUCCESS        2            18            11490.96        147171.25            158662.21            5
    581        582,    SUCCESS        2            18            0.17        158662.21            158662.38            4
    777        778,    SUCCESS        2            12            23132.11        140458.01            163590.12            5
    707        708,    SUCCESS        2            3            11005.16        153605.16            164610.32            5
    379        380,    SUCCESS        2            3            0.12        164610.32            164610.44            3
    526        527,    SUCCESS        2            3            0.2        164610.44            164610.64            4
    577        578,    SUCCESS        2            15            0.31        164610.44            164610.75            4
    575        576,    SUCCESS        2            3            0.22        164610.64            164610.86            4
    343        344,    SUCCESS        2            3            0.11        164610.86            164610.97            3
    497        498,    SUCCESS        2            3            0.16        164610.97            164611.13            4
    573        574,    SUCCESS        2            3            0.12        164611.13            164611.25            4
    752        753,    SUCCESS        2            11            11125.99        153604.86            164730.85            5
    751        752,    SUCCESS        2            2            16309.84        149845.81            166155.65            5
    794        795,    SUCCESS        2            2            10.15        166155.65            166165.8            6
    700        701,    SUCCESS        2            0            13835.42        154352.48            168187.9            5
    782        783,    SUCCESS        2            10            14386.71        156777.93            171164.64            5
    743        744,    SUCCESS        2            8            18203.19        153812.06            172015.25            5
    720        721,    SUCCESS        2            7            17036.4        155525.35            172561.75            5
    787        788,    SUCCESS        2            6            21252.81        153897.78            175150.59            5
    748        749,    SUCCESS        2            16            18387.31        156903.81            175291.12            5
    753        754,    SUCCESS        2            9            21482.32        153812.58            175294.9            5
    508        509,    SUCCESS        2            9            0.18        175294.9            175295.08            4
    549        550,    SUCCESS        2            9            0.19        175295.08            175295.27            4
    506        507,    SUCCESS        2            9            0.14        175295.27            175295.41            4
    548        549,    SUCCESS        2            9            0.12        175295.41            175295.53            4
    737        738,    SUCCESS        2            13            23285.58        153605.03            176890.61            5
    775        776,    SUCCESS        2            14            12749.6        164610.75            177360.35            5
    710        711,    SUCCESS        2            0            9841.13        168187.9            178029.03            5
    519        520,    SUCCESS        2            0            0.21        178029.03            178029.24            4
    756        757,    SUCCESS        2            7            10643.91        172561.75            183205.66            5
    771        772,    SUCCESS        2            2            18290.22        166165.8            184456.02            5
    757        758,    SUCCESS        2            12            23365        163590.12            186955.12            5
    765        766,    SUCCESS        2            10            16250.47        171164.64            187415.11            5
    790        791,    SUCCESS        2            3            24418.85        164611.25            189030.1            5
    704        705,    SUCCESS        2            15            15757.55        175295.41            191052.96            5
    788        789,    SUCCESS        2            13            14268.59        176890.61            191159.2            5
    763        764,    SUCCESS        2            6            16936.17        175150.59            192086.76            5
    701        702,    SUCCESS        2            9            18258.28        175295.53            193553.81            5
    762        763,    SUCCESS        2            0            17242.21        178029.24            195271.45            5
    717        718,    SUCCESS        2            12            10767.14        186955.12            197722.26            5
    711        712,    SUCCESS        2            10            15915.21        187415.11            203330.32            5
    764        765,    SUCCESS        2            3            16335.81        189030.1            205365.91            5
    741        742,    SUCCESS        2            6            15075.38        192086.76            207162.14            5
    718        719,    SUCCESS        2            13            18086.42        191159.2            209245.62            5
    773        774,    SUCCESS        2            0            18177.95        195271.45            213449.4            5
    724        725,    SUCCESS        2            10            10888.76        203330.32            214219.08            5
    779        780,    SUCCESS        2            3            13718.92        205365.91            219084.83            5
    541        542,    SUCCESS        2            3            0.15        219084.83            219084.98            4
    767        768,    SUCCESS        2            6            12499.27        207162.14            219661.41            5
    706        707,    SUCCESS        2            13            13945.3        209245.62            223190.92            5
    695        696,    SUCCESS        2            10            11183.8        214219.08            225402.88            5
    747        748,    SUCCESS        2            0            18756.59        213449.4            232205.99            5
    739        740,    SUCCESS        2            7            15230.74        219084.98            234315.72            5
    733        734,    SUCCESS        2            6            14886.51        219661.41            234547.92            5
    746        747,    SUCCESS        2            0            9622.99        232205.99            241828.98            5
    795        796,    SUCCESS        2            1            17.93        241828.98            241846.91            6
    796        797,    SUCCESS        2            14            25.35        241846.91            241872.26            7
    797        798,    SUCCESS        2            1            3.45        241872.26            241875.71            8
    798        799,    SUCCESS        2            13            5991.2        241875.71            247866.9            9