========== OUTPUT ==========
Job ID    Task ID    STATUS    Data center ID    VM ID        Time    Start Time    Finish Time    Depth
    100        Stage-in    SUCCESS        2            12            0.11        0.1            0.21            0
    0        1,    SUCCESS        2            19            82.5        0.21            82.71            1
    5        6,    SUCCESS        2            17            1.99        82.71            84.69            2
    12        13,    SUCCESS        2            2            2        82.71            84.71            2
    2        3,    SUCCESS        2            9            2.26        82.71            84.96            2
    1        2,    SUCCESS        2            4            2.32        82.71            85.02            2
    11        12,    SUCCESS        2            11            2.34        82.71            85.04            2
    6        7,    SUCCESS        2            14            2.39        82.71            85.1            2
    15        16,    SUCCESS        2            3            2.42        82.71            85.13            2
    8        9,    SUCCESS        2            0            2.45        82.71            85.15            2
    3        4,    SUCCESS        2            16            2.56        82.71            85.26            2
    21        22,    SUCCESS        2            5            2.7        82.71            85.41            2
    4        5,    SUCCESS        2            13            2.75        82.71            85.45            2
    19        20,    SUCCESS        2            15            2.81        82.71            85.51            2
    26        27,    SUCCESS        2            6            0.79        84.96            85.75            3
    36        37,    SUCCESS        2            15            0.49        85.51            86            3
    39        40,    SUCCESS        2            7            0.95        85.13            86.08            3
    20        21,    SUCCESS        2            11            1.14        85.04            86.19            2
    30        31,    SUCCESS        2            6            0.52        85.75            86.28            3
    35        36,    SUCCESS        2            12            1.23        85.04            86.28            3
    25        26,    SUCCESS        2            19            1.25        85.02            86.28            3
    27        28,    SUCCESS        2            15            0.38        86            86.39            3
    10        11,    SUCCESS        2            16            1.18        85.26            86.44            2
    32        33,    SUCCESS        2            7            0.53        86.08            86.61            3
    13        14,    SUCCESS        2            14            1.64        85.1            86.74            2
    44        45,    SUCCESS        2            15            0.46        86.39            86.85            3
    63        64,    SUCCESS        2            8            0.81        86.08            86.89            4
    45        46,    SUCCESS        2            11            0.7        86.19            86.89            3
    22        23,    SUCCESS        2            4            2.03        85.02            87.05            2
    9        10,    SUCCESS        2            9            2.1        84.96            87.07            2
    18        19,    SUCCESS        2            13            1.72        85.45            87.18            2
    17        18,    SUCCESS        2            0            2.12        85.15            87.27            2
    51        52,    SUCCESS        2            7            0.66        86.61            87.27            4
    23        24,    SUCCESS        2            5            2.12        85.41            87.53            2
    43        44,    SUCCESS        2            9            0.57        87.07            87.64            3
    7        8,    SUCCESS        2            17            2.94        84.69            87.64            2
    54        55,    SUCCESS        2            18            1.62        86.28            87.9            4
    37        38,    SUCCESS        2            19            1.26        86.74            88            3
    28        29,    SUCCESS        2            5            0.58        87.53            88.11            3
    41        42,    SUCCESS        2            9            0.47        87.64            88.11            3
    29        30,    SUCCESS        2            17            0.47        87.64            88.11            3
    42        43,    SUCCESS        2            10            0.98        87.18            88.16            3
    46        47,    SUCCESS        2            3            1.25        87.05            88.3            3
    24        25,    SUCCESS        2            16            2.17        86.44            88.61            2
    31        32,    SUCCESS        2            4            1.12        87.64            88.76            3
    59        60,    SUCCESS        2            18            0.97        87.9            88.87            4
    69        70,    SUCCESS        2            19            0.87        88            88.87            4
    33        34,    SUCCESS        2            3            0.68        88.3            88.98            3
    50        51,    SUCCESS        2            5            0.87        88.11            88.98            4
    49        50,    SUCCESS        2            17            0.87        88.11            88.98            4
    52        53,    SUCCESS        2            13            0.93        88.11            89.04            4
    14        15,    SUCCESS        2            14            2.7        86.74            89.44            2
    60        61,    SUCCESS        2            16            0.96        88.61            89.57            4
    65        66,    SUCCESS        2            2            1.52        88.11            89.62            4
    56        57,    SUCCESS        2            18            0.91        88.87            89.78            4
    57        58,    SUCCESS        2            11            0.88        88.98            89.86            4
    68        69,    SUCCESS        2            5            0.91        88.98            89.89            4
    55        56,    SUCCESS        2            9            1.18        88.76            89.93            4
    34        35,    SUCCESS        2            16            0.44        89.57            90.01            3
    48        49,    SUCCESS        2            1            1.58        88.61            90.19            3
    67        68,    SUCCESS        2            4            1.55        88.76            90.3            4
    38        39,    SUCCESS        2            3            1.06        89.44            90.5            3
    70        71,    SUCCESS        2            2            1.15        89.62            90.77            4
    16        17,    SUCCESS        2            14            1.57        89.44            91.01            2
    58        59,    SUCCESS        2            16            1.19        90.01            91.2            4
    66        67,    SUCCESS        2            4            1.02        90.3            91.32            4
    53        54,    SUCCESS        2            14            0.62        91.01            91.63            4
    40        41,    SUCCESS        2            5            1.03        91.01            92.03            3
    72        73,    SUCCESS        2            1            1.93        90.19            92.12            4
    87        88,    SUCCESS        2            19            5782.61        88.87            5871.48            5
    64        65,    SUCCESS        2            19            1.17        5871.48            5872.65            4
    75        76,    SUCCESS        2            0            6816.4        87.27            6903.67            5
    47        48,    SUCCESS        2            0            0.77        6903.67            6904.44            3
    61        62,    SUCCESS        2            0            1        6904.44            6905.44            4
    79        80,    SUCCESS        2            12            7227.49        89.93            7317.43            5
    89        90,    SUCCESS        2            18            7294.29        89.78            7384.07            5
    62        63,    SUCCESS        2            18            0.67        7384.07            7384.74            4
    94        95,    SUCCESS        2            1            7850.94        92.12            7943.06            5
    76        77,    SUCCESS        2            8            8738.06        89.04            8827.1            5
    77        78,    SUCCESS        2            10            9011.68        91.63            9103.31            5
    78        79,    SUCCESS        2            17            10459.77        88.98            10548.75            5
    91        92,    SUCCESS        2            13            11217.81        90.3            11308.12            5
    90        91,    SUCCESS        2            7            11858.9        91.32            11950.22            5
    83        84,    SUCCESS        2            6            12623.09        88.87            12711.96            5
    73        74,    SUCCESS        2            11            12678.65        89.86            12768.51            5
    96        97,    SUCCESS        2            3            13501.35        92.12            13593.47            5
    81        82,    SUCCESS        2            8            6101.47        8827.1            14928.57            5
    86        87,    SUCCESS        2            10            7511.31        9103.31            16614.62            5
    82        83,    SUCCESS        2            12            10954.46        7317.43            18271.89            5
    84        85,    SUCCESS        2            17            9287.24        10548.75            19835.99            5
    93        94,    SUCCESS        2            6            7764.08        12711.96            20476.04            5
    92        93,    SUCCESS        2            8            10718.51        14928.57            25647.08            5
    74        75,    SUCCESS        2            11            15748.1        12768.51            28516.61            5
    88        89,    SUCCESS        2            8            7445.92        25647.08            33093            5
    71        72,    SUCCESS        2            8            1.13        33093            33094.13            4
    85        86,    SUCCESS        2            17            14083.36        19835.99            33919.35            5
    80        81,    SUCCESS        2            11            8227.22        28516.61            36743.83            5
    95        96,    SUCCESS        2            5            12885.79        33094.13            45979.92            5
    97        98,    SUCCESS        2            0            17.47        45979.92            45997.4            6
    98        99,    SUCCESS        2            10            2.36        45997.4            45999.76            7
    99        100,    SUCCESS        2            7            3794.12        45999.76            49793.88            8
