========== OUTPUT ==========
Job ID    Task ID    STATUS    Data center ID    VM ID        Time    Start Time    Finish Time    Depth
    199        Stage-in    SUCCESS        2            19            0.11        0.1            0.21            0
    0        1,    SUCCESS        2            18            50.95        0.21            51.16            1
    19        20,    SUCCESS        2            8            1.89        51.16            53.06            2
    13        14,    SUCCESS        2            16            2.05        51.16            53.22            2
    5        6,    SUCCESS        2            12            2.07        51.16            53.24            2
    24        25,    SUCCESS        2            13            2.09        51.16            53.25            2
    12        13,    SUCCESS        2            7            2.11        51.16            53.27            2
    21        22,    SUCCESS        2            15            2.13        51.16            53.3            2
    22        23,    SUCCESS        2            17            2.51        51.16            53.67            2
    14        15,    SUCCESS        2            14            2.6        51.16            53.76            2
    17        18,    SUCCESS        2            6            2.61        51.16            53.78            2
    67        68,    SUCCESS        2            1            0.93        53.06            53.99            3
    72        73,    SUCCESS        2            13            0.77        53.25            54.02            3
    8        9,    SUCCESS        2            0            2.96        51.16            54.12            2
    7        8,    SUCCESS        2            4            3        51.16            54.16            2
    3        4,    SUCCESS        2            10            3.07        51.16            54.23            2
    61        62,    SUCCESS        2            6            0.5        53.78            54.27            3
    2        3,    SUCCESS        2            19            3.22        51.16            54.38            2
    60        61,    SUCCESS        2            4            0.41        54.16            54.57            3
    69        70,    SUCCESS        2            1            0.69        53.99            54.68            3
    62        63,    SUCCESS        2            6            0.41        54.27            54.68            3
    65        66,    SUCCESS        2            3            0.96        53.78            54.74            3
    15        16,    SUCCESS        2            16            1.52        53.22            54.74            2
    56        57,    SUCCESS        2            7            0.83        54.12            54.95            3
    23        24,    SUCCESS        2            17            1.47        53.67            55.14            2
    20        21,    SUCCESS        2            11            4.03        51.16            55.19            2
    51        52,    SUCCESS        2            7            0.43        54.95            55.38            3
    10        11,    SUCCESS        2            0            1.37        54.12            55.49            2
    9        10,    SUCCESS        2            12            2.25        53.24            55.49            2
    63        64,    SUCCESS        2            1            0.77        54.74            55.51            3
    4        5,    SUCCESS        2            10            1.37        54.23            55.6            2
    50        51,    SUCCESS        2            11            0.52        55.19            55.71            3
    110        111,    SUCCESS        2            6            1.07        54.68            55.75            4
    70        71,    SUCCESS        2            17            0.68        55.14            55.82            3
    68        69,    SUCCESS        2            17            0.36        55.82            56.18            3
    25        26,    SUCCESS        2            8            3.24        53.06            56.29            2
    120        121,    SUCCESS        2            12            0.8        55.49            56.29            4
    113        114,    SUCCESS        2            1            0.89        55.51            56.4            4
    71        72,    SUCCESS        2            6            0.73        55.75            56.48            3
    108        109,    SUCCESS        2            11            0.77        55.71            56.48            4
    99        100,    SUCCESS        2            14            1.1        55.38            56.48            4
    58        59,    SUCCESS        2            0            1        55.49            56.49            3
    57        58,    SUCCESS        2            4            1.02        55.49            56.51            3
    111        112,    SUCCESS        2            9            1.12        55.51            56.64            4
    16        17,    SUCCESS        2            16            1.96        54.74            56.7            2
    98        99,    SUCCESS        2            3            1.12        55.71            56.83            4
    115        116,    SUCCESS        2            8            0.65        56.29            56.94            4
    118        119,    SUCCESS        2            17            0.87        56.18            57.05            4
    52        53,    SUCCESS        2            11            0.6        56.48            57.08            3
    6        7,    SUCCESS        2            10            1.56        55.6            57.16            2
    55        56,    SUCCESS        2            16            0.46        56.7            57.16            3
    73        74,    SUCCESS        2            4            0.76        56.51            57.27            3
    116        117,    SUCCESS        2            15            1.13        56.18            57.31            4
    117        118,    SUCCESS        2            16            0.69        57.16            57.85            4
    105        106,    SUCCESS        2            2            1.62        56.51            58.13            4
    121        122,    SUCCESS        2            11            1.31        57.27            58.58            4
    100        101,    SUCCESS        2            8            1.57        57.08            58.64            4
    54        55,    SUCCESS        2            8            0.39        58.64            59.03            3
    104        105,    SUCCESS        2            16            1.37        57.85            59.22            4
    103        104,    SUCCESS        2            8            0.89        59.03            59.92            4
    106        107,    SUCCESS        2            16            1.21        59.22            60.43            4
    102        103,    SUCCESS        2            16            0.71        60.43            61.14            4
    1        2,    SUCCESS        2            18            40        51.16            91.16            1
    11        12,    SUCCESS        2            18            1.16        91.16            92.32            2
    42        43,    SUCCESS        2            15            2.17        91.16            93.33            2
    40        41,    SUCCESS        2            3            2.52        91.16            93.68            2
    32        33,    SUCCESS        2            4            2.53        91.16            93.69            2
    26        27,    SUCCESS        2            16            2.83        91.16            93.99            2
    29        30,    SUCCESS        2            17            2.96        91.16            94.12            2
    39        40,    SUCCESS        2            0            3.23        91.16            94.39            2
    46        47,    SUCCESS        2            15            1.73        93.33            95.06            2
    18        19,    SUCCESS        2            18            2.87        92.32            95.19            2
    28        29,    SUCCESS        2            16            1.3        93.99            95.29            2
    36        37,    SUCCESS        2            19            4.12        91.16            95.29            2
    34        35,    SUCCESS        2            17            1.28        94.12            95.4            2
    53        54,    SUCCESS        2            18            0.49        95.19            95.68            3
    87        88,    SUCCESS        2            16            0.51        95.29            95.79            3
    109        110,    SUCCESS        2            18            0.53        95.68            96.21            4
    84        85,    SUCCESS        2            4            1.02        95.29            96.31            3
    47        48,    SUCCESS        2            15            1.53        95.06            96.59            2
    44        45,    SUCCESS        2            19            1.41        95.29            96.7            2
    94        95,    SUCCESS        2            15            0.36        96.59            96.95            3
    135        136,    SUCCESS        2            16            1.25        95.79            97.04            4
    95        96,    SUCCESS        2            2            1.05        96.59            97.64            3
    45        46,    SUCCESS        2            19            1.31        96.7            98.01            2
    142        143,    SUCCESS        2            4            1.49        96.95            98.44            4
    93        94,    SUCCESS        2            10            0.92        98.01            98.93            3
    143        144,    SUCCESS        2            17            2.01        97.64            99.65            4
    165        166,    SUCCESS        2            13            3194.15        57.85            3252            5
    35        36,    SUCCESS        2            13            1.89        3252            3253.89            2
    74        75,    SUCCESS        2            13            0.41        3253.89            3254.3            3
    122        123,    SUCCESS        2            13            1.7        3254.3            3256            4
    153        154,    SUCCESS        2            8            3221.45        59.92            3281.37            5
    59        60,    SUCCESS        2            8            0.6        3281.37            3281.97            3
    76        77,    SUCCESS        2            8            0.47        3281.97            3282.44            3
    107        108,    SUCCESS        2            8            0.9        3282.44            3283.34            4
    161        162,    SUCCESS        2            9            3564.38        56.64            3621.02            5
    158        159,    SUCCESS        2            5            3991.58        55.75            4047.33            5
    119        120,    SUCCESS        2            5            1        4047.33            4048.33            4
    151        152,    SUCCESS        2            11            4799.81        59.92            4859.73            5
    38        39,    SUCCESS        2            11            3.11        4859.73            4862.84            2
    77        78,    SUCCESS        2            11            0.41        4862.84            4863.25            3
    125        126,    SUCCESS        2            19            1.21        4863.25            4864.46            4
    146        147,    SUCCESS        2            6            4835.59        56.83            4892.43            5
    37        38,    SUCCESS        2            6            1.12        4892.43            4893.55            2
    48        49,    SUCCESS        2            6            2.67        4893.55            4896.22            2
    88        89,    SUCCESS        2            6            0.61        4896.22            4896.83            3
    96        97,    SUCCESS        2            0            0.88        4896.22            4897.1            3
    82        83,    SUCCESS        2            6            0.41        4896.83            4897.24            3
    144        145,    SUCCESS        2            19            1.3        4897.1            4898.4            4
    101        102,    SUCCESS        2            6            1.27        4897.24            4898.51            4
    168        169,    SUCCESS        2            12            4982.92        56.29            5039.22            5
    64        65,    SUCCESS        2            12            0.33        5039.22            5039.55            3
    191        192,    SUCCESS        2            10            5166.07        99.65            5265.72            5
    136        137,    SUCCESS        2            10            1.26        5265.72            5266.98            4
    190        191,    SUCCESS        2            4            6153.11        98.44            6251.54            5
    83        84,    SUCCESS        2            4            0.58        6251.54            6252.12            3
    131        132,    SUCCESS        2            17            1.19        6252.12            6253.32            4
    148        149,    SUCCESS        2            18            6676.72        96.21            6772.93            5
    147        148,    SUCCESS        2            14            6950.07        56.48            7006.55            5
    163        164,    SUCCESS        2            12            3199.02        5039.55            8238.57            5
    159        160,    SUCCESS        2            9            5058.31        3621.02            8679.33            5
    166        167,    SUCCESS        2            5            4790.9        4048.33            8839.23            5
    49        50,    SUCCESS        2            5            1.26        8839.23            8840.49            2
    141        142,    SUCCESS        2            5            0.74        8840.49            8841.23            4
    130        131,    SUCCESS        2            5            0.64        8841.23            8841.87            4
    156        157,    SUCCESS        2            7            8806.02        56.48            8862.5            5
    33        34,    SUCCESS        2            7            1.4        8862.5            8863.9            2
    66        67,    SUCCESS        2            7            0.35        8863.9            8864.25            3
    114        115,    SUCCESS        2            17            1.06        8864.25            8865.31            4
    170        171,    SUCCESS        2            6            4072        4898.51            8970.51            5
    97        98,    SUCCESS        2            6            0.39        8970.51            8970.9            3
    145        146,    SUCCESS        2            0            1.16        8970.9            8972.06            4
    184        185,    SUCCESS        2            13            4598.02        5266.98            9865            5
    149        150,    SUCCESS        2            16            5031.34        4898.51            9929.84            5
    152        153,    SUCCESS        2            14            3068.89        7006.55            10075.44            5
    30        31,    SUCCESS        2            14            1.56        10075.44            10077            2
    31        32,    SUCCESS        2            14            1.98        10077            10078.98            2
    80        81,    SUCCESS        2            14            0.56        10078.98            10079.54            3
    92        93,    SUCCESS        2            14            0.44        10079.54            10079.98            3
    85        86,    SUCCESS        2            14            0.48        10079.98            10080.46            3
    133        134,    SUCCESS        2            2            1.4        10080.46            10081.86            4
    155        156,    SUCCESS        2            4            5003.74        6252.12            11255.86            5
    157        158,    SUCCESS        2            11            6718.04        4863.25            11581.29            5
    154        155,    SUCCESS        2            18            5278.5        6772.93            12051.43            5
    41        42,    SUCCESS        2            18            1.56        12051.43            12052.99            2
    43        44,    SUCCESS        2            18            1.44        12052.99            12054.43            2
    90        91,    SUCCESS        2            18            0.88        12054.43            12055.31            3
    91        92,    SUCCESS        2            8            1.14        12054.43            12055.57            3
    138        139,    SUCCESS        2            8            0.91        12055.57            12056.48            4
    139        140,    SUCCESS        2            10            1        12055.57            12056.57            4
    189        190,    SUCCESS        2            19            3509.63        8841.23            12350.86            5
    183        184,    SUCCESS        2            7            3508.61        8864.25            12372.86            5
    79        80,    SUCCESS        2            7            0.46        12372.86            12373.32            3
    140        141,    SUCCESS        2            7            0.73        12373.32            12374.05            4
    127        128,    SUCCESS        2            10            1.3        12373.32            12374.62            4
    150        151,    SUCCESS        2            9            4373.41        8679.33            13052.74            5
    132        133,    SUCCESS        2            9            1.03        13052.74            13053.77            4
    124        125,    SUCCESS        2            9            0.71        13053.77            13054.48            4
    193        194,    SUCCESS        2            17            4128.63        8972.06            13100.69            5
    78        79,    SUCCESS        2            17            0.39        13100.69            13101.08            3
    89        90,    SUCCESS        2            17            0.6        13101.08            13101.68            3
    164        165,    SUCCESS        2            12            6508.18        8238.57            14746.75            5
    178        179,    SUCCESS        2            16            5389.04        9929.84            15318.88            5
    175        176,    SUCCESS        2            5            3690.61        12374.62            16065.24            5
    137        138,    SUCCESS        2            5            0.86        16065.24            16066.1            4
    172        173,    SUCCESS        2            13            3161.9        13054.48            16216.38            5
    186        187,    SUCCESS        2            15            4189.69        12056.48            16246.17            5
    187        188,    SUCCESS        2            17            3219.56        13101.68            16321.24            5
    192        193,    SUCCESS        2            14            6634.95        10080.46            16715.41            5
    112        113,    SUCCESS        2            14            0.78        16715.41            16716.19            4
    188        189,    SUCCESS        2            10            4392.02        12374.62            16766.64            5
    167        168,    SUCCESS        2            18            5106.69        12055.31            17162            5
    180        181,    SUCCESS        2            2            4160.34        13053.77            17214.11            5
    181        182,    SUCCESS        2            6            8096.68        10081.86            18178.55            5
    126        127,    SUCCESS        2            6            0.83        18178.55            18179.38            4
    185        186,    SUCCESS        2            11            3590.08        16066.1            19656.18            5
    169        170,    SUCCESS        2            12            5150.63        14746.75            19897.38            5
    27        28,    SUCCESS        2            12            1.25        19897.38            19898.63            2
    86        87,    SUCCESS        2            12            0.65        19898.63            19899.28            3
    134        135,    SUCCESS        2            8            1.45        19899.28            19900.72            4
    162        163,    SUCCESS        2            14            4203.52        16716.19            20919.71            5
    128        129,    SUCCESS        2            14            0.64        20919.71            20920.35            4
    75        76,    SUCCESS        2            14            0.67        20920.35            20921.02            3
    123        124,    SUCCESS        2            8            1.21        20921.02            20922.23            4
    160        161,    SUCCESS        2            3            4990.05        16716.19            21706.24            5
    194        195,    SUCCESS        2            5            18.27        21706.24            21724.51            6
    179        180,    SUCCESS        2            18            5424        17162            22586            5
    81        82,    SUCCESS        2            18            0.59        22586            22586.59            3
    182        183,    SUCCESS        2            14            3238.89        20921.02            24159.91            5
    173        174,    SUCCESS        2            12            4357.16        19899.28            24256.44            5
    174        175,    SUCCESS        2            19            6221.33        18179.38            24400.71            5
    129        130,    SUCCESS        2            19            0.82        24400.71            24401.53            4
    176        177,    SUCCESS        2            0            5413.92        20920.35            26334.27            5
    171        172,    SUCCESS        2            8            5692.38        20922.23            26614.61            5
    177        178,    SUCCESS        2            2            4453.58        24401.53            28855.12            5
    195        196,    SUCCESS        2            11            18.34        28855.12            28873.46            6
    196        197,    SUCCESS        2            8            30.21        28873.46            28903.67            7
    197        198,    SUCCESS        2            0            4.41        28903.67            28908.08            8
    198        199,    SUCCESS        2            12            1947.81        28908.08            30855.88            9
