========== OUTPUT ==========
Job ID    Task ID    STATUS    Data center ID    VM ID        Time    Start Time    Finish Time    Depth
    597        Stage-in    SUCCESS        2            8            0.11        0.1            0.21            0
    25        26,    SUCCESS        2            19            51.77        0.21            51.98            1
    12        13,    SUCCESS        2            1            58.33        0.21            58.54            1
    14        15,    SUCCESS        2            7            59.58        0.21            59.79            1
    153        154,    SUCCESS        2            19            8.23        51.98            60.21            2
    26        27,    SUCCESS        2            4            61.11        0.21            61.32            1
    152        153,    SUCCESS        2            1            5.59        58.54            64.13            2
    1        2,    SUCCESS        2            16            63.97        0.21            64.18            1
    0        1,    SUCCESS        2            14            66.81        0.21            67.02            1
    6        7,    SUCCESS        2            18            67.46        0.21            67.67            1
    287        288,    SUCCESS        2            7            3.73        64.13            67.86            3
    7        8,    SUCCESS        2            15            67.95        0.21            68.16            1
    155        156,    SUCCESS        2            19            9.08        60.21            69.29            2
    21        22,    SUCCESS        2            0            70.36        0.21            70.57            1
    160        161,    SUCCESS        2            17            11.13        61.32            72.45            2
    22        23,    SUCCESS        2            11            72.62        0.21            72.83            1
    422        423,    SUCCESS        2            13            5.59        67.86            73.45            4
    5        6,    SUCCESS        2            5            73.86        0.21            74.07            1
    98        99,    SUCCESS        2            19            6.65        69.29            75.94            2
    89        90,    SUCCESS        2            0            5.98        70.57            76.55            2
    34        35,    SUCCESS        2            1            12.4        64.18            76.58            2
    97        98,    SUCCESS        2            12            16.95        59.79            76.74            2
    156        157,    SUCCESS        2            11            5.79        72.83            78.62            2
    61        62,    SUCCESS        2            4            11.08        67.67            78.75            2
    4        5,    SUCCESS        2            9            80.13        0.21            80.34            1
    88        89,    SUCCESS        2            5            8.02        74.07            82.09            2
    137        138,    SUCCESS        2            7            10.48        72.83            83.31            2
    62        63,    SUCCESS        2            10            15.33        68.16            83.49            2
    135        136,    SUCCESS        2            1            7.22        76.58            83.8            2
    19        20,    SUCCESS        2            8            84.22        0.21            84.43            1
    32        33,    SUCCESS        2            17            12.62        72.45            85.07            2
    290        291,    SUCCESS        2            10            1.73        83.49            85.22            3
    55        56,    SUCCESS        2            19            10.01        75.94            85.95            2
    87        88,    SUCCESS        2            11            8.18        78.62            86.8            2
    90        91,    SUCCESS        2            0            10.8        76.55            87.35            2
    64        65,    SUCCESS        2            12            10.9        76.74            87.64            2
    167        168,    SUCCESS        2            10            2.53        85.22            87.75            3
    133        134,    SUCCESS        2            4            9.32        78.75            88.07            2
    154        155,    SUCCESS        2            8            4.68        84.43            89.11            2
    224        225,    SUCCESS        2            4            1.83        88.07            89.9            3
    272        273,    SUCCESS        2            19            4.06        85.95            90.01            3
    33        34,    SUCCESS        2            5            8.1        82.09            90.19            2
    56        57,    SUCCESS        2            2            16.4        74.07            90.47            2
    36        37,    SUCCESS        2            17            6.81        85.07            91.88            2
    35        36,    SUCCESS        2            11            5.37        86.8            92.17            2
    54        55,    SUCCESS        2            13            18.93        74.07            93            2
    197        198,    SUCCESS        2            2            2.8        90.47            93.27            3
    100        101,    SUCCESS        2            0            7.19        87.35            94.54            2
    225        226,    SUCCESS        2            13            2.06        93            95.06            3
    191        192,    SUCCESS        2            19            5.86        90.47            96.33            3
    2        3,    SUCCESS        2            3            96.84        0.21            97.05            1
    138        139,    SUCCESS        2            8            8.33        89.11            97.44            2
    24        25,    SUCCESS        2            6            97.8        0.21            98.01            1
    124        125,    SUCCESS        2            11            6.02        92.17            98.19            2
    125        126,    SUCCESS        2            4            8.39        89.9            98.3            2
    123        124,    SUCCESS        2            1            14.03        84.43            98.46            2
    58        59,    SUCCESS        2            5            9.71        90.19            99.9            2
    223        224,    SUCCESS        2            8            2.69        97.44            100.13            3
    132        133,    SUCCESS        2            12            12.72        87.64            100.36            2
    222        223,    SUCCESS        2            11            2.28        98.19            100.47            3
    190        191,    SUCCESS        2            1            2.32        98.46            100.78            3
    360        361,    SUCCESS        2            19            4.57        96.33            100.89            4
    273        274,    SUCCESS        2            10            4.03        97.44            101.47            3
    259        260,    SUCCESS        2            2            4.13        98.19            102.32            3
    170        171,    SUCCESS        2            1            2.11        100.78            102.89            3
    139        140,    SUCCESS        2            17            11.13        91.88            103.01            2
    189        190,    SUCCESS        2            8            3.18        100.13            103.31            3
    157        158,    SUCCESS        2            0            9.65        94.54            104.19            2
    13        14,    SUCCESS        2            18            37.33        67.67            105            1
    302        303,    SUCCESS        2            11            4.95        100.47            105.42            4
    233        234,    SUCCESS        2            17            2.82        103.01            105.83            3
    288        289,    SUCCESS        2            18            1.84        105            106.84            3
    357        358,    SUCCESS        2            2            5.35        102.32            107.67            4
    394        395,    SUCCESS        2            19            5.43        102.32            107.75            4
    126        127,    SUCCESS        2            4            9.84        98.3            108.14            2
    57        58,    SUCCESS        2            6            10.24        98.01            108.25            2
    291        292,    SUCCESS        2            18            2.18        106.84            109.02            3
    325        326,    SUCCESS        2            7            8.39        100.78            109.18            4
    407        408,    SUCCESS        2            17            3.46        105.83            109.29            4
    168        169,    SUCCESS        2            18            1.56        109.02            110.58            3
    136        137,    SUCCESS        2            12            11.35        100.36            111.71            2
    158        159,    SUCCESS        2            0            7.63        104.19            111.82            2
    358        359,    SUCCESS        2            4            3.88        108.14            112.02            4
    426        427,    SUCCESS        2            13            3.05        109.02            112.07            4
    193        194,    SUCCESS        2            18            2.48        110.58            113.06            3
    295        296,    SUCCESS        2            12            1.69        111.71            113.4            3
    3        4,    SUCCESS        2            16            49.88        64.18            114.06            1
    368        369,    SUCCESS        2            7            4.99        109.18            114.17            4
    59        60,    SUCCESS        2            5            14.37        99.9            114.28            2
    271        272,    SUCCESS        2            13            2.49        112.07            114.56            3
    232        233,    SUCCESS        2            12            1.71        113.4            115.11            3
    324        325,    SUCCESS        2            17            6.12        109.29            115.41            4
    305        306,    SUCCESS        2            4            3.5        112.02            115.52            4
    293        294,    SUCCESS        2            8            3.87        111.82            115.69            3
    161        162,    SUCCESS        2            0            4.69        111.82            116.51            2
    199        200,    SUCCESS        2            12            1.51        115.11            116.62            3
    92        93,    SUCCESS        2            1            11.97        105            116.98            2
    430        431,    SUCCESS        2            19            4.03        113.4            117.43            4
    303        304,    SUCCESS        2            4            2.09        115.52            117.61            4
    65        66,    SUCCESS        2            6            9.47        108.25            117.72            2
    289        290,    SUCCESS        2            12            1.86        116.62            118.48            3
    296        297,    SUCCESS        2            19            1.78        117.43            119.21            3
    18        19,    SUCCESS        2            9            39.07        80.34            119.41            1
    428        429,    SUCCESS        2            18            3.79        115.69            119.48            4
    406        407,    SUCCESS        2            11            5.18        114.56            119.74            4
    192        193,    SUCCESS        2            12            1.61        118.48            120.09            3
    10        11,    SUCCESS        2            15            52.69        68.16            120.85            1
    122        123,    SUCCESS        2            0            6.45        116.51            122.96            2
    63        64,    SUCCESS        2            5            10.9        114.28            125.18            2
    42        43,    SUCCESS        2            8            9.99        115.69            125.68            2
    93        94,    SUCCESS        2            17            10.61        115.41            126.02            2
    425        426,    SUCCESS        2            0            3.17        122.96            126.13            4
    424        425,    SUCCESS        2            17            1.95        126.02            127.97            4
    9        10,    SUCCESS        2            14            61.06        67.02            128.08            1
    268        269,    SUCCESS        2            0            2.83        126.13            128.96            3
    94        95,    SUCCESS        2            1            12.22        116.98            129.2            2
    327        328,    SUCCESS        2            8            4.25        125.68            129.93            4
    229        230,    SUCCESS        2            12            3.57        129.2            132.77            3
    359        360,    SUCCESS        2            0            4.36        128.96            133.32            4
    95        96,    SUCCESS        2            1            5.39        129.2            134.59            2
    171        172,    SUCCESS        2            0            1.41        133.32            134.73            3
    121        122,    SUCCESS        2            19            15.83        119.41            135.25            2
    140        141,    SUCCESS        2            5            12.73        125.18            137.91            2
    8        9,    SUCCESS        2            3            41.01        97.05            138.06            1
    41        42,    SUCCESS        2            0            8.36        134.73            143.09            2
    27        28,    SUCCESS        2            3            7.17        138.06            145.23            2
    51        52,    SUCCESS        2            5            7.54        137.91            145.45            2
    72        73,    SUCCESS        2            19            11.72        135.25            146.97            2
    28        29,    SUCCESS        2            3            5.82        145.23            151.05            2
    68        69,    SUCCESS        2            17            13.85        138.06            151.9            2
    148        149,    SUCCESS        2            5            10.85        145.45            156.3            2
    147        148,    SUCCESS        2            0            13.32        143.09            156.41            2
    260        261,    SUCCESS        2            5            2.34        156.3            158.64            3
    423        424,    SUCCESS        2            5            1.85        158.64            160.49            4
    408        409,    SUCCESS        2            0            4.29        156.41            160.7            4
    29        30,    SUCCESS        2            3            10.74        151.05            161.79            2
    69        70,    SUCCESS        2            17            10.42        151.9            162.32            2
    261        262,    SUCCESS        2            0            2.24        160.7            162.94            3
    395        396,    SUCCESS        2            8            5.88        158.64            164.51            4
    11        12,    SUCCESS        2            16            51.44        114.06            165.5            1
    169        170,    SUCCESS        2            16            1.98        165.5            167.48            3
    431        432,    SUCCESS        2            0            6.23        162.94            169.17            4
    15        16,    SUCCESS        2            14            45.77        128.08            173.85            1
    30        31,    SUCCESS        2            3            14.26        161.79            176.05            2
    49        50,    SUCCESS        2            16            9.57        167.48            177.05            2
    82        83,    SUCCESS        2            19            15.38        165.5            180.88            2
    20        21,    SUCCESS        2            9            61.59        119.41            181            1
    60        61,    SUCCESS        2            3            5.12        176.05            181.17            2
    17        18,    SUCCESS        2            15            60.43        120.85            181.28            1
    118        119,    SUCCESS        2            0            12.94        169.17            182.11            2
    217        218,    SUCCESS        2            17            5.67        180.88            186.56            3
    50        51,    SUCCESS        2            16            10.08        177.05            187.13            2
    91        92,    SUCCESS        2            9            6.24        181            187.24            2
    66        67,    SUCCESS        2            3            6.7        181.17            187.87            2
    253        254,    SUCCESS        2            17            2.8        186.56            189.36            3
    106        107,    SUCCESS        2            12            17.3        173.85            191.14            2
    99        100,    SUCCESS        2            9            9.23        187.24            196.47            2
    38        39,    SUCCESS        2            16            10.02        187.13            197.15            2
    241        242,    SUCCESS        2            17            6.2        191.14            197.35            3
    105        106,    SUCCESS        2            0            16.31        182.11            198.42            2
    52        53,    SUCCESS        2            3            15.27        187.87            203.14            2
    196        197,    SUCCESS        2            3            1.76        203.14            204.9            3
    376        377,    SUCCESS        2            17            11.31        197.35            208.66            4
    101        102,    SUCCESS        2            9            15        196.47            211.47            2
    48        49,    SUCCESS        2            3            10.02        204.9            214.92            2
    39        40,    SUCCESS        2            16            18.56        197.15            215.71            2
    159        160,    SUCCESS        2            9            7.83        211.47            219.3            2
    183        184,    SUCCESS        2            12            5.17        214.92            220.09            3
    23        24,    SUCCESS        2            15            40.96        181.28            222.24            1
    326        327,    SUCCESS        2            3            7.43        214.92            222.35            4
    40        41,    SUCCESS        2            16            10.27        215.71            225.98            2
    267        268,    SUCCESS        2            16            2.64        225.98            228.62            3
    31        32,    SUCCESS        2            9            11.42        219.3            230.72            2
    134        135,    SUCCESS        2            15            9.87        222.24            232.11            2
    332        333,    SUCCESS        2            9            3.55        230.72            234.27            4
    270        271,    SUCCESS        2            15            4.04        232.11            236.15            3
    235        236,    SUCCESS        2            9            2.39        234.27            236.66            3
    402        403,    SUCCESS        2            11            8.25        228.62            236.86            4
    292        293,    SUCCESS        2            15            1.27        236.15            237.42            3
    149        150,    SUCCESS        2            3            16.07        222.35            238.42            2
    258        259,    SUCCESS        2            9            3.14        236.66            239.8            3
    370        371,    SUCCESS        2            19            7.38        236.66            244.04            4
    284        285,    SUCCESS        2            17            7.16        238.42            245.58            3
    150        151,    SUCCESS        2            3            9.33        238.42            247.75            2
    16        17,    SUCCESS        2            14            75.12        173.85            248.97            1
    393        394,    SUCCESS        2            17            3.73        245.58            249.31            4
    75        76,    SUCCESS        2            9            14.85        239.8            254.65            2
    141        142,    SUCCESS        2            14            5.81        248.97            254.78            2
    151        152,    SUCCESS        2            3            8.06        247.75            255.81            2
    230        231,    SUCCESS        2            9            2.24        254.65            256.89            3
    285        286,    SUCCESS        2            12            9.68        247.75            257.43            3
    53        54,    SUCCESS        2            14            7.5        254.78            262.28            2
    102        103,    SUCCESS        2            9            8.79        256.89            265.68            2
    188        189,    SUCCESS        2            0            5.58        262.28            267.86            3
    47        48,    SUCCESS        2            14            7.31        262.28            269.59            2
    112        113,    SUCCESS        2            9            8.03        265.68            273.71            2
    107        108,    SUCCESS        2            12            17.13        257.43            274.56            2
    276        277,    SUCCESS        2            12            2.2        274.56            276.76            3
    173        174,    SUCCESS        2            9            3.39        273.71            277.1            3
    420        421,    SUCCESS        2            12            6.13        276.76            282.89            4
    247        248,    SUCCESS        2            12            2.56        282.89            285.45            3
    308        309,    SUCCESS        2            17            11.27        277.1            288.37            4
    37        38,    SUCCESS        2            14            19.66        269.59            289.25            2
    242        243,    SUCCESS        2            12            4.19        285.45            289.64            3
    96        97,    SUCCESS        2            14            10.38        289.25            299.63            2
    440        441,    SUCCESS        2            7            9420.8        115.52            9536.32            5
    257        258,    SUCCESS        2            7            2.96        9536.32            9539.28            3
    198        199,    SUCCESS        2            7            2.24        9539.28            9541.52            3
    306        307,    SUCCESS        2            7            3.36        9541.52            9544.88            4
    240        241,    SUCCESS        2            7            2.45        9544.88            9547.33            3
    166        167,    SUCCESS        2            7            2.15        9547.33            9549.48            3
    529        530,    SUCCESS        2            14            9660.25        299.63            9959.88            5
    46        47,    SUCCESS        2            14            7.94        9959.88            9967.82            2
    194        195,    SUCCESS        2            14            2.76        9967.82            9970.58            3
    459        460,    SUCCESS        2            4            9853.2        117.61            9970.81            5
    200        201,    SUCCESS        2            4            2.28        9970.81            9973.09            3
    80        81,    SUCCESS        2            4            9.32        9973.09            9982.41            2
    215        216,    SUCCESS        2            9            4.55        9982.41            9986.96            3
    350        351,    SUCCESS        2            9            9.96        9986.96            9996.92            4
    528        529,    SUCCESS        2            19            10182.06        249.31            10431.37            5
    323        324,    SUCCESS        2            19            6.94        10431.37            10438.31            4
    182        183,    SUCCESS        2            19            3.53        10438.31            10441.84            3
    333        334,    SUCCESS        2            19            2.61        10441.84            10444.45            4
    335        336,    SUCCESS        2            19            2.63        10444.45            10447.08            4
    495        496,    SUCCESS        2            3            10886.7        255.81            11142.51            5
    492        493,    SUCCESS        2            2            11723        107.67            11830.67            5
    555        556,    SUCCESS        2            0            12255.96        282.89            12538.85            5
    438        439,    SUCCESS        2            16            12944.43        228.62            13173.05            5
    493        494,    SUCCESS        2            5            14784.86        160.49            14945.35            5
    559        560,    SUCCESS        2            18            14830.43        127.97            14958.4            5
    164        165,    SUCCESS        2            18            2.27        14958.4            14960.67            3
    165        166,    SUCCESS        2            18            2.56        14960.67            14963.23            3
    187        188,    SUCCESS        2            18            3.83        14963.23            14967.06            3
    437        438,    SUCCESS        2            1            15935.23        134.59            16069.82            5
    328        329,    SUCCESS        2            1            2.64        16069.82            16072.46            4
    119        120,    SUCCESS        2            1            12.04        16072.46            16084.5            2
    352        353,    SUCCESS        2            1            8.07        16084.5            16092.57            4
    226        227,    SUCCESS        2            1            2.33        16092.57            16094.9            3
    537        538,    SUCCESS        2            7            9325.03        9549.48            18874.51            5
    557        558,    SUCCESS        2            6            20518.74        117.72            20636.46            5
    274        275,    SUCCESS        2            6            1.71        20636.46            20638.17            3
    43        44,    SUCCESS        2            6            14.38        20638.17            20652.55            2
    367        368,    SUCCESS        2            6            3.18        20652.55            20655.73            4
    364        365,    SUCCESS        2            6            3.54        20655.73            20659.27            4
    203        204,    SUCCESS        2            6            2.37        20659.27            20661.64            3
    127        128,    SUCCESS        2            6            6.72        20661.64            20668.36            2
    318        319,    SUCCESS        2            6            4.03        20668.36            20672.39            4
    144        145,    SUCCESS        2            6            11.4        20672.39            20683.79            2
    175        176,    SUCCESS        2            6            3.23        20683.79            20687.02            3
    405        406,    SUCCESS        2            6            3.27        20687.02            20690.29            4
    411        412,    SUCCESS        2            6            6.48        20690.29            20696.77            4
    301        302,    SUCCESS        2            6            3.82        20696.77            20700.59            4
    561        562,    SUCCESS        2            10            21860.53        112.07            21972.6            5
    45        46,    SUCCESS        2            10            17.84        21972.6            21990.44            2
    334        335,    SUCCESS        2            10            2.69        21990.44            21993.13            4
    275        276,    SUCCESS        2            10            1.77        21993.13            21994.9            3
    176        177,    SUCCESS        2            10            3.13        21994.9            21998.03            3
    410        411,    SUCCESS        2            11            4.24        21994.9            21999.14            4
    163        164,    SUCCESS        2            10            3.48        21998.03            22001.51            3
    396        397,    SUCCESS        2            10            2.83        22001.51            22004.34            4
    83        84,    SUCCESS        2            10            11.63        22004.34            22015.97            2
    128        129,    SUCCESS        2            10            5.79        22015.97            22021.76            2
    234        235,    SUCCESS        2            10            2.89        22021.76            22024.65            3
    294        295,    SUCCESS        2            10            2.05        22024.65            22026.7            3
    392        393,    SUCCESS        2            10            4.31        22026.7            22031.01            4
    178        179,    SUCCESS        2            10            2.98        22031.01            22033.99            3
    541        542,    SUCCESS        2            15            22007.61        237.42            22245.03            5
    162        163,    SUCCESS        2            15            2.45        22245.03            22247.48            3
    114        115,    SUCCESS        2            15            19.21        22247.48            22266.69            2
    563        564,    SUCCESS        2            13            22173.03        119.48            22292.51            5
    77        78,    SUCCESS        2            13            14.14        22292.51            22306.65            2
    228        229,    SUCCESS        2            13            1.61        22306.65            22308.26            3
    441        442,    SUCCESS        2            17            13993.72        9544.88            23538.6            5
    279        280,    SUCCESS        2            17            2.85        23538.6            23541.45            3
    311        312,    SUCCESS        2            17            5.77        23541.45            23547.22            4
    313        314,    SUCCESS        2            17            6.83        23547.22            23554.05            4
    530        531,    SUCCESS        2            8            24019.06        164.51            24183.58            5
    269        270,    SUCCESS        2            8            2.73        24183.58            24186.31            3
    419        420,    SUCCESS        2            8            4.16        24186.31            24190.47            4
    181        182,    SUCCESS        2            8            2.57        24190.47            24193.04            3
    329        330,    SUCCESS        2            8            2.98        24193.04            24196.02            4
    558        559,    SUCCESS        2            4            14326.04        9982.41            24308.45            5
    204        205,    SUCCESS        2            4            2.44        24308.45            24310.89            3
    85        86,    SUCCESS        2            4            7.08        24310.89            24317.97            2
    339        340,    SUCCESS        2            17            7.3        24310.89            24318.19            4
    86        87,    SUCCESS        2            4            12.39        24317.97            24330.36            2
    304        305,    SUCCESS        2            4            3.44        24330.36            24333.8            4
    129        130,    SUCCESS        2            4            6.92        24333.8            24340.72            2
    461        462,    SUCCESS        2            1            11130.92        16094.9            27225.82            5
    310        311,    SUCCESS        2            1            8.56        27225.82            27234.38            4
    560        561,    SUCCESS        2            16            14986.12        13173.05            28159.17            5
    73        74,    SUCCESS        2            16            13.97        28159.17            28173.14            2
    130        131,    SUCCESS        2            16            6.24        28173.14            28179.38            2
    131        132,    SUCCESS        2            16            6.14        28179.38            28185.52            2
    195        196,    SUCCESS        2            16            1.97        28185.52            28187.49            3
    503        504,    SUCCESS        2            5            13489.79        14945.35            28435.14            5
    227        228,    SUCCESS        2            5            2.51        28435.14            28437.65            3
    177        178,    SUCCESS        2            5            2.91        28437.65            28440.56            3
    70        71,    SUCCESS        2            5            6.3        28440.56            28446.86            2
    113        114,    SUCCESS        2            5            10.79        28446.86            28457.65            2
    201        202,    SUCCESS        2            5            2.6        28457.65            28460.25            3
    388        389,    SUCCESS        2            5            5.39        28460.25            28465.64            4
    236        237,    SUCCESS        2            5            1.97        28465.64            28467.61            3
    108        109,    SUCCESS        2            5            13.39        28467.61            28481            2
    109        110,    SUCCESS        2            5            12.13        28481            28493.13            2
    110        111,    SUCCESS        2            5            19.46        28493.13            28512.59            2
    111        112,    SUCCESS        2            5            17.61        28512.59            28530.2            2
    382        383,    SUCCESS        2            5            7.75        28530.2            28537.95            4
    375        376,    SUCCESS        2            5            7.03        28537.95            28544.98            4
    300        301,    SUCCESS        2            5            4.45        28544.98            28549.43            4
    565        566,    SUCCESS        2            14            19354.24        9970.58            29324.82            5
    78        79,    SUCCESS        2            14            13.87        29324.82            29338.69            2
    76        77,    SUCCESS        2            14            14.06        29338.69            29352.75            2
    186        187,    SUCCESS        2            14            2.46        29352.75            29355.21            3
    283        284,    SUCCESS        2            14            4.58        29355.21            29359.79            3
    460        461,    SUCCESS        2            3            18463.93        11142.51            29606.44            5
    44        45,    SUCCESS        2            3            9.39        29606.44            29615.83            2
    117        118,    SUCCESS        2            3            7.64        29615.83            29623.47            2
    81        82,    SUCCESS        2            3            7.94        29623.47            29631.41            2
    74        75,    SUCCESS        2            3            9.88        29631.41            29641.29            2
    403        404,    SUCCESS        2            3            7.09        29641.29            29648.38            4
    499        500,    SUCCESS        2            6            9666.88        20700.59            30367.47            5
    429        430,    SUCCESS        2            6            3.46        30367.47            30370.93            4
    316        317,    SUCCESS        2            6            4.18        30370.93            30375.11            4
    485        486,    SUCCESS        2            18            15819.54        14967.06            30786.6            5
    531        532,    SUCCESS        2            11            9011.76        22004.34            31016.1            5
    218        219,    SUCCESS        2            11            2.97        31016.1            31019.07            3
    266        267,    SUCCESS        2            11            3.88        31019.07            31022.95            3
    540        541,    SUCCESS        2            19            10455.91        20690.29            31146.2            5
    212        213,    SUCCESS        2            19            2.24        31146.2            31148.44            3
    542        543,    SUCCESS        2            2            19471.37        11830.67            31302.03            5
    120        121,    SUCCESS        2            2            13.41        31302.03            31315.44            2
    79        80,    SUCCESS        2            2            7.78        31315.44            31323.22            2
    256        257,    SUCCESS        2            2            1.97        31323.22            31325.19            3
    71        72,    SUCCESS        2            2            7.06        31325.19            31332.25            2
    207        208,    SUCCESS        2            2            3.83        31332.25            31336.08            3
    115        116,    SUCCESS        2            2            17.82        31336.08            31353.9            2
    116        117,    SUCCESS        2            2            8.62        31353.9            31362.52            2
    185        186,    SUCCESS        2            2            3.62        31362.52            31366.14            3
    331        332,    SUCCESS        2            2            3.72        31366.14            31369.86            4
    142        143,    SUCCESS        2            2            9.13        31369.86            31378.99            2
    462        463,    SUCCESS        2            13            10944.1        22308.26            33252.36            5
    282        283,    SUCCESS        2            13            4.01        33252.36            33256.37            3
    84        85,    SUCCESS        2            13            10.12        33256.37            33266.49            2
    174        175,    SUCCESS        2            13            3.39        33266.49            33269.88            3
    145        146,    SUCCESS        2            13            8.86        33269.88            33278.74            2
    146        147,    SUCCESS        2            13            17.94        33278.74            33296.68            2
    286        287,    SUCCESS        2            13            2.55        33296.68            33299.23            3
    281        282,    SUCCESS        2            19            6.79        33296.68            33303.48            3
    467        468,    SUCCESS        2            15            11331.72        22266.69            33598.41            5
    365        366,    SUCCESS        2            15            2.47        33598.41            33600.88            4
    262        263,    SUCCESS        2            15            2.71        33600.88            33603.59            3
    180        181,    SUCCESS        2            15            3.54        33603.59            33607.13            3
    487        488,    SUCCESS        2            8            9417.82        24196.02            33613.84            5
    436        437,    SUCCESS        2            0            13550.26        20700.59            34250.85            5
    414        415,    SUCCESS        2            0            8.26        34250.85            34259.11            4
    264        265,    SUCCESS        2            0            2.03        34259.11            34261.14            3
    321        322,    SUCCESS        2            0            4.32        34261.14            34265.46            4
    443        444,    SUCCESS        2            4            10189.8        24340.72            34530.52            5
    231        232,    SUCCESS        2            4            2.2        34530.52            34532.72            3
    317        318,    SUCCESS        2            4            3.29        34532.72            34536.01            4
    366        367,    SUCCESS        2            19            5.28        34532.72            34538            4
    502        503,    SUCCESS        2            9            14678.06        20655.73            35333.79            5
    448        449,    SUCCESS        2            12            14351.02        23554.05            37905.07            5
    554        555,    SUCCESS        2            10            13852.3        24190.47            38042.77            5
    505        506,    SUCCESS        2            7            19731.13        18874.51            38605.64            5
    210        211,    SUCCESS        2            7            3.57        38605.64            38609.21            3
    322        323,    SUCCESS        2            7            3.7        38609.21            38612.91            4
    277        278,    SUCCESS        2            7            2.79        38612.91            38615.7            3
    280        281,    SUCCESS        2            7            2.61        38615.7            38618.31            3
    543        544,    SUCCESS        2            14            10450.33        29359.79            39810.12            5
    463        464,    SUCCESS        2            5            11261.8        28549.43            39811.23            5
    404        405,    SUCCESS        2            5            3.7        39811.23            39814.93            4
    265        266,    SUCCESS        2            5            2.29        39814.93            39817.22            3
    245        246,    SUCCESS        2            5            4.07        39817.22            39821.29            3
    103        104,    SUCCESS        2            14            11.55        39810.12            39821.67            2
    104        105,    SUCCESS        2            14            10.16        39821.67            39831.83            2
    427        428,    SUCCESS        2            14            6.59        39831.83            39838.42            4
    237        238,    SUCCESS        2            14            4.2        39838.42            39842.62            3
    377        378,    SUCCESS        2            14            5.68        39842.62            39848.3            4
    297        298,    SUCCESS        2            14            2.62        39848.3            39850.92            4
    205        206,    SUCCESS        2            14            2.06        39850.92            39852.98            3
    309        310,    SUCCESS        2            14            3.74        39852.98            39856.72            4
    510        511,    SUCCESS        2            17            12593.45        28544.98            41138.43            5
    213        214,    SUCCESS        2            17            2.44        41138.43            41140.87            3
    380        381,    SUCCESS        2            17            6.29        41140.87            41147.16            4
    511        512,    SUCCESS        2            16            13320.46        28187.49            41507.95            5
    143        144,    SUCCESS        2            16            8.25        41507.95            41516.2            2
    172        173,    SUCCESS        2            16            2.42        41516.2            41518.62            3
    453        454,    SUCCESS        2            4            8648.98        34536.01            43184.99            5
    220        221,    SUCCESS        2            4            2.8        43184.99            43187.79            3
    494        495,    SUCCESS        2            3            14467.74        29648.38            44116.12            5
    67        68,    SUCCESS        2            3            14.72        44116.12            44130.84            2
    446        447,    SUCCESS        2            2            13330.78        31378.99            44709.77            5
    470        471,    SUCCESS        2            13            11705.23        33299.23            45004.46            5
    361        362,    SUCCESS        2            13            4.07        45004.46            45008.53            4
    338        339,    SUCCESS        2            13            4.49        45008.53            45013.02            4
    179        180,    SUCCESS        2            13            4.26        45013.02            45017.28            3
    501        502,    SUCCESS        2            19            11176.76        34538            45714.76            5
    468        469,    SUCCESS        2            18            16165.9        30786.6            46952.5            5
    254        255,    SUCCESS        2            18            3.52        46952.5            46956.02            3
    445        446,    SUCCESS        2            15            13693.44        33607.13            47300.57            5
    592        593,    SUCCESS        2            15            9.35        47300.57            47309.92            6
    362        363,    SUCCESS        2            15            5.8        47309.92            47315.72            4
    546        547,    SUCCESS        2            9            13625.33        35333.79            48959.12            5
    298        299,    SUCCESS        2            9            3.19        48959.12            48962.31            4
    371        372,    SUCCESS        2            9            2.38        48962.31            48964.69            4
    216        217,    SUCCESS        2            9            2.22        48964.69            48966.91            3
    342        343,    SUCCESS        2            9            5.34        48966.91            48972.25            4
    219        220,    SUCCESS        2            9            2.88        48972.25            48975.13            3
    464        465,    SUCCESS        2            6            20049.78        30375.11            50424.89            5
    248        249,    SUCCESS        2            6            3.66        50424.89            50428.55            3
    209        210,    SUCCESS        2            6            4.52        50428.55            50433.07            3
    214        215,    SUCCESS        2            6            2.82        50433.07            50435.89            3
    250        251,    SUCCESS        2            6            3.63        50435.89            50439.52            3
    527        528,    SUCCESS        2            8            17062.93        33613.84            50676.77            5
    416        417,    SUCCESS        2            8            5.97        50676.77            50682.74            4
    523        524,    SUCCESS        2            12            13720.09        37905.07            51625.16            5
    211        212,    SUCCESS        2            12            3.77        51625.16            51628.93            3
    252        253,    SUCCESS        2            12            2.19        51628.93            51631.12            3
    347        348,    SUCCESS        2            12            7.74        51631.12            51638.86            4
    255        256,    SUCCESS        2            12            2.35        51638.86            51641.21            3
    399        400,    SUCCESS        2            12            3.04        51641.21            51644.25            4
    545        546,    SUCCESS        2            1            24455.47        27234.38            51689.85            5
    369        370,    SUCCESS        2            1            3.34        51689.85            51693.19            4
    330        331,    SUCCESS        2            1            3.25        51693.19            51696.44            4
    239        240,    SUCCESS        2            1            4.25        51696.44            51700.69            3
    340        341,    SUCCESS        2            1            3.61        51700.69            51704.3            4
    452        453,    SUCCESS        2            14            13385.03        39856.72            53241.75            5
    474        475,    SUCCESS        2            10            16445.72        38042.77            54488.49            5
    246        247,    SUCCESS        2            10            2.72        54488.49            54491.21            3
    387        388,    SUCCESS        2            10            6.89        54491.21            54498.1            4
    564        565,    SUCCESS        2            2            9853.05        44709.77            54562.82            5
    421        422,    SUCCESS        2            2            4.94        54562.82            54567.76            4
    496        497,    SUCCESS        2            17            10306.85        45008.53            55315.38            5
    314        315,    SUCCESS        2            17            5.27        55315.38            55320.65            4
    586        587,    SUCCESS        2            17            12.83        55320.65            55333.48            6
    566        567,    SUCCESS        2            3            11853.42        44130.84            55984.26            5
    184        185,    SUCCESS        2            3            2.98        55984.26            55987.24            3
    299        300,    SUCCESS        2            3            4.23        55987.24            55991.47            4
    409        410,    SUCCESS        2            3            4.67        55991.47            55996.14            4
    336        337,    SUCCESS        2            3            2.79        55996.14            55998.93            4
    456        457,    SUCCESS        2            11            22101.56        34265.46            56367.01            5
    354        355,    SUCCESS        2            11            4.23        56367.01            56371.24            4
    538        539,    SUCCESS        2            5            17333.95        39821.29            57155.24            5
    451        452,    SUCCESS        2            13            12139.02        45017.28            57156.3            5
    251        252,    SUCCESS        2            13            2.55        57156.3            57158.85            3
    315        316,    SUCCESS        2            5            7.45        57155.24            57162.69            4
    400        401,    SUCCESS        2            13            4.92        57158.85            57163.77            4
    512        513,    SUCCESS        2            0            18039.75        39848.3            57888.05            5
    458        459,    SUCCESS        2            16            16508.55        41518.62            58027.17            5
    249        250,    SUCCESS        2            16            2.16        58027.17            58029.33            3
    363        364,    SUCCESS        2            16            4.36        58029.33            58033.69            4
    384        385,    SUCCESS        2            19            6.78        58029.33            58036.11            4
    221        222,    SUCCESS        2            16            4.07        58033.69            58037.76            3
    208        209,    SUCCESS        2            16            3.9        58037.76            58041.66            3
    312        313,    SUCCESS        2            16            4.01        58041.66            58045.67            4
    243        244,    SUCCESS        2            16            3.44        58045.67            58049.11            3
    391        392,    SUCCESS        2            16            4.44        58049.11            58053.55            4
    397        398,    SUCCESS        2            16            3.18        58053.55            58056.73            4
    477        478,    SUCCESS        2            7            11512.53        48972.25            60484.78            5
    500        501,    SUCCESS        2            9            11637.12        48975.13            60612.25            5
    412        413,    SUCCESS        2            9            3.79        60612.25            60616.04            4
    415        416,    SUCCESS        2            9            5.66        60616.04            60621.7            4
    439        440,    SUCCESS        2            4            18590.79        43187.79            61778.58            5
    469        470,    SUCCESS        2            18            14842.23        46956.02            61798.25            5
    263        264,    SUCCESS        2            18            1.63        61798.25            61799.88            3
    244        245,    SUCCESS        2            18            2.93        61799.88            61802.81            3
    473        474,    SUCCESS        2            12            10285.82        51644.25            61930.07            5
    381        382,    SUCCESS        2            12            4.03        61930.07            61934.1            4
    466        467,    SUCCESS        2            15            16735.9        47315.72            64051.62            5
    417        418,    SUCCESS        2            15            8.12        64051.62            64059.73            4
    539        540,    SUCCESS        2            8            14447.81        50682.74            65130.55            5
    238        239,    SUCCESS        2            8            2.97        65130.55            65133.52            3
    383        384,    SUCCESS        2            8            5.16        65133.52            65138.68            4
    373        374,    SUCCESS        2            7            10.51        65133.52            65144.03            4
    588        589,    SUCCESS        2            11            19.97        65130.55            65150.52            6
    544        545,    SUCCESS        2            1            10354.83        55996.14            66350.97            5
    568        569,    SUCCESS        2            1            20.01        66350.97            66370.98            6
    433        434,    SUCCESS        2            2            12006.08        54567.76            66573.84            5
    351        352,    SUCCESS        2            2            4.08        66573.84            66577.92            4
    444        445,    SUCCESS        2            3            12276.11        55998.93            68275.04            5
    202        203,    SUCCESS        2            3            2.1        68275.04            68277.14            3
    337        338,    SUCCESS        2            11            5.43        68277.14            68282.56            4
    390        391,    SUCCESS        2            3            8.31        68277.14            68285.45            4
    579        580,    SUCCESS        2            3            19        68285.45            68304.45            6
    551        552,    SUCCESS        2            5            12230.33        57162.69            69393.02            5
    482        483,    SUCCESS        2            10            15099.06        54498.1            69597.16            5
    319        320,    SUCCESS        2            10            3.49        69597.16            69600.65            4
    475        476,    SUCCESS        2            17            14359.22        55333.48            69692.7            5
    522        523,    SUCCESS        2            14            16589        54498.1            71087.1            5
    515        516,    SUCCESS        2            9            11607.79        60621.7            72229.49            5
    385        386,    SUCCESS        2            9            5.94        72229.49            72235.43            4
    346        347,    SUCCESS        2            9            3.45        72235.43            72238.88            4
    343        344,    SUCCESS        2            9            4.78        72238.88            72243.66            4
    549        550,    SUCCESS        2            15            9292.42        64059.73            73352.15            5
    372        373,    SUCCESS        2            15            6.87        73352.15            73359.02            4
    307        308,    SUCCESS        2            15            4.3        73359.02            73363.32            4
    349        350,    SUCCESS        2            15            4.16        73363.32            73367.48            4
    457        458,    SUCCESS        2            16            15836.58        58056.73            73893.31            5
    348        349,    SUCCESS        2            16            4.63        73893.31            73897.94            4
    355        356,    SUCCESS        2            16            4.05        73897.94            73901.99            4
    497        498,    SUCCESS        2            13            16833.66        57163.77            73997.43            5
    517        518,    SUCCESS        2            18            12648.53        61802.81            74451.34            5
    418        419,    SUCCESS        2            18            9.7        74451.34            74461.04            4
    353        354,    SUCCESS        2            18            5.19        74461.04            74466.23            4
    401        402,    SUCCESS        2            18            5.06        74466.23            74471.29            4
    320        321,    SUCCESS        2            18            11.92        74471.29            74483.21            4
    506        507,    SUCCESS        2            0            18103.76        57888.05            75991.81            5
    504        505,    SUCCESS        2            2            9730.21        66577.92            76308.13            5
    374        375,    SUCCESS        2            2            7.06        76308.13            76315.19            4
    379        380,    SUCCESS        2            2            7.45        76315.19            76322.64            4
    454        455,    SUCCESS        2            17            8630.75        69692.7            78323.45            5
    465        466,    SUCCESS        2            5            11468.39        69393.02            80861.41            5
    573        574,    SUCCESS        2            9            14.79        80861.41            80876.2            6
    572        573,    SUCCESS        2            5            23.52        80861.41            80884.93            6
    435        436,    SUCCESS        2            4            19470.78        61778.58            81249.36            5
    206        207,    SUCCESS        2            4            2.18        81249.36            81251.54            3
    345        346,    SUCCESS        2            4            4.19        81251.54            81255.73            4
    535        536,    SUCCESS        2            12            19477.94        61934.1            81412.04            5
    550        551,    SUCCESS        2            14            11139.45        71087.1            82226.55            5
    434        435,    SUCCESS        2            13            9017.18        73997.43            83014.61            5
    581        582,    SUCCESS        2            13            11.63        83014.61            83026.24            6
    525        526,    SUCCESS        2            6            14962.54        68285.45            83247.98            5
    534        535,    SUCCESS        2            8            19280.09        65138.68            84418.77            5
    386        387,    SUCCESS        2            8            3.9        84418.77            84422.67            4
    432        433,    SUCCESS        2            18            12142.14        74483.21            86625.35            5
    389        390,    SUCCESS        2            18            5.86        86625.35            86631.21            4
    344        345,    SUCCESS        2            18            6.12        86631.21            86637.33            4
    567        568,    SUCCESS        2            11            17.97        86625.35            86643.32            6
    481        482,    SUCCESS        2            2            11205.28        76322.64            87527.92            5
    442        443,    SUCCESS        2            3            15035.51        73363.32            88398.83            5
    569        570,    SUCCESS        2            6            27.41        88398.83            88426.24            6
    552        553,    SUCCESS        2            1            22129.53        66370.98            88500.51            5
    450        451,    SUCCESS        2            0            12656.76        75991.81            88648.57            5
    356        357,    SUCCESS        2            0            3.98        88648.57            88652.55            4
    556        557,    SUCCESS        2            15            16506.66        73367.48            89874.14            5
    526        527,    SUCCESS        2            12            9321.6        81412.04            90733.64            5
    508        509,    SUCCESS        2            14            10598.85        82226.55            92825.4            5
    562        563,    SUCCESS        2            4            12286.56        81255.73            93542.29            5
    278        279,    SUCCESS        2            4            3.2        93542.29            93545.49            3
    593        594,    SUCCESS        2            9            22.11        93542.29            93564.4            6
    480        481,    SUCCESS        2            7            13381.04        81255.73            94636.77            5
    471        472,    SUCCESS        2            16            20838.73        73901.99            94740.72            5
    532        533,    SUCCESS        2            8            10346.84        84422.67            94769.51            5
    514        515,    SUCCESS        2            13            12797.83        83026.24            95824.07            5
    519        520,    SUCCESS        2            18            10904.86        86637.33            97542.19            5
    490        491,    SUCCESS        2            5            17459.88        80884.93            98344.81            5
    341        342,    SUCCESS        2            5            4.84        98344.81            98349.65            4
    574        575,    SUCCESS        2            5            12.52        98349.65            98362.17            6
    553        554,    SUCCESS        2            2            10969.47        87527.92            98497.39            5
    447        448,    SUCCESS        2            15            11119.65        89874.14            100993.79            5
    378        379,    SUCCESS        2            15            5.4        100993.79            100999.19            4
    520        521,    SUCCESS        2            14            10041.77        92825.4            102867.17            5
    516        517,    SUCCESS        2            12            12252.79        90733.64            102986.43            5
    491        492,    SUCCESS        2            13            11078.93        95824.07            106903            5
    479        480,    SUCCESS        2            10            20407.21        86637.33            107044.55            5
    518        519,    SUCCESS        2            1            19023.9        88500.51            107524.41            5
    589        590,    SUCCESS        2            1            16.97        107524.41            107541.38            6
    488        489,    SUCCESS        2            0            20136.61        88652.55            108789.16            5
    486        487,    SUCCESS        2            18            12038.32        97542.19            109580.51            5
    449        450,    SUCCESS        2            4            16803.81        93545.49            110349.3            5
    489        490,    SUCCESS        2            16            16082.27        94740.72            110822.99            5
    578        579,    SUCCESS        2            18            24.12        110822.99            110847.1            6
    509        510,    SUCCESS        2            14            9904.72        102867.17            112771.89            5
    513        514,    SUCCESS        2            11            14098.66        100999.19            115097.86            5
    583        584,    SUCCESS        2            19            21.6        115097.86            115119.46            6
    547        548,    SUCCESS        2            15            14264.71        100999.19            115263.9            5
    398        399,    SUCCESS        2            15            3.21        115263.9            115267.11            4
    536        537,    SUCCESS        2            0            8575.41        108789.16            117364.57            5
    498        499,    SUCCESS        2            4            10176.47        110349.3            120525.77            5
    580        581,    SUCCESS        2            0            17.4        120525.77            120543.17            6
    483        484,    SUCCESS        2            1            13767.36        107541.38            121308.74            5
    413        414,    SUCCESS        2            1            4.3        121308.74            121313.04            4
    507        508,    SUCCESS        2            12            18972.4        102986.43            121958.83            5
    582        583,    SUCCESS        2            1            26.12        121958.83            121984.96            6
    472        473,    SUCCESS        2            16            14953.8        110822.99            125776.79            5
    533        534,    SUCCESS        2            17            16446.44        115267.11            131713.56            5
    587        588,    SUCCESS        2            7            21.2        131713.56            131734.75            6
    548        549,    SUCCESS        2            18            10913.47        121313.04            132226.51            5
    590        591,    SUCCESS        2            5            24.09        132226.51            132250.6            6
    484        485,    SUCCESS        2            15            17364.08        115267.11            132631.19            5
    577        578,    SUCCESS        2            18            18.74        132631.19            132649.94            6
    524        525,    SUCCESS        2            12            11548.44        121958.83            133507.27            5
    585        586,    SUCCESS        2            18            26.8        133507.27            133534.08            6
    478        479,    SUCCESS        2            4            13616.14        120525.77            134141.91            5
    476        477,    SUCCESS        2            16            15390.67        125776.79            141167.46            5
    576        577,    SUCCESS        2            16            12.76        141167.46            141180.22            6
    575        576,    SUCCESS        2            7            18.72        141167.46            141186.17            6
    521        522,    SUCCESS        2            15            9289.01        132631.19            141920.2            5
    570        571,    SUCCESS        2            15            16.51        141920.2            141936.71            6
    584        585,    SUCCESS        2            12            21.97        141920.2            141942.18            6
    455        456,    SUCCESS        2            4            11600.24        134141.91            145742.15            5
    591        592,    SUCCESS        2            4            24.85        145742.15            145767            6
    571        572,    SUCCESS        2            4            16.9        145767            145783.9            6
    594        595,    SUCCESS        2            3            672.27        145783.9            146456.17            7
    595        596,    SUCCESS        2            2            65.99        146456.17            146522.17            8
    596        597,    SUCCESS        2            13            6079.43        146522.17            152601.6            9
