========== OUTPUT ==========
Job ID    Task ID    STATUS    Data center ID    VM ID        Time    Start Time    Finish Time    Depth
    699        Stage-in    SUCCESS        2            19            0.11        0.1            0.21            0
    3        4,    SUCCESS        2            17            28.72        0.21            28.93            1
    65        66,    SUCCESS        2            5            1.97        28.93            30.9            2
    56        57,    SUCCESS        2            1            2.21        28.93            31.14            2
    55        56,    SUCCESS        2            15            2.33        28.93            31.26            2
    61        62,    SUCCESS        2            17            2.4        28.93            31.33            2
    57        58,    SUCCESS        2            11            2.75        28.93            31.68            2
    60        61,    SUCCESS        2            1            1.47        31.14            32.61            2
    0        1,    SUCCESS        2            16            55.4        0.21            55.61            1
    58        59,    SUCCESS        2            16            1.21        55.61            56.82            2
    22        23,    SUCCESS        2            17            2.35        55.61            57.97            2
    64        65,    SUCCESS        2            16            1.25        56.82            58.08            2
    15        16,    SUCCESS        2            11            2.68        55.61            58.29            2
    229        230,    SUCCESS        2            16            0.5        58.08            58.58            3
    17        18,    SUCCESS        2            15            3.32        55.61            58.94            2
    12        13,    SUCCESS        2            6            3.37        55.61            58.99            2
    190        191,    SUCCESS        2            1            1.25        57.97            59.22            3
    19        20,    SUCCESS        2            11            1.4        58.29            59.69            2
    185        186,    SUCCESS        2            3            0.99        58.94            59.93            3
    14        15,    SUCCESS        2            6            1.47        58.99            60.46            2
    16        17,    SUCCESS        2            16            2.27        58.58            60.85            2
    187        188,    SUCCESS        2            8            1.18        59.69            60.87            3
    182        183,    SUCCESS        2            5            0.89        60.46            61.35            3
    18        19,    SUCCESS        2            6            1.54        60.46            62            2
    9        10,    SUCCESS        2            13            61.81        0.21            62.02            1
    233        234,    SUCCESS        2            13            0.32        62.02            62.34            3
    350        351,    SUCCESS        2            7            1.79        61.35            63.14            4
    353        354,    SUCCESS        2            13            0.95        62.34            63.29            4
    184        185,    SUCCESS        2            13            0.39        63.29            63.68            3
    355        356,    SUCCESS        2            13            0.8        63.68            64.48            4
    140        141,    SUCCESS        2            17            3.65        62.02            65.67            2
    145        146,    SUCCESS        2            9            3.75        62.02            65.77            2
    141        142,    SUCCESS        2            11            4.12        62.02            66.14            2
    151        152,    SUCCESS        2            16            4.33        62.02            66.35            2
    150        151,    SUCCESS        2            5            4.54        62.02            66.56            2
    146        147,    SUCCESS        2            13            2.39        64.48            66.87            2
    313        314,    SUCCESS        2            5            0.9        66.56            67.46            3
    138        139,    SUCCESS        2            15            5.52        62.02            67.54            2
    139        140,    SUCCESS        2            1            6.85        62.02            68.86            2
    481        482,    SUCCESS        2            16            1.92        67.46            69.37            4
    306        307,    SUCCESS        2            13            1.95        67.54            69.48            3
    147        148,    SUCCESS        2            1            2.28        68.86            71.14            2
    144        145,    SUCCESS        2            15            4.29        67.54            71.83            2
    474        475,    SUCCESS        2            3            2.46        69.48            71.94            4
    312        313,    SUCCESS        2            15            1.5        71.83            73.33            3
    480        481,    SUCCESS        2            8            2.05        73.33            75.38            4
    6        7,    SUCCESS        2            18            76.41        0.21            76.62            1
    103        104,    SUCCESS        2            16            4.3        76.62            80.92            2
    101        102,    SUCCESS        2            13            4.89        76.62            81.51            2
    10        11,    SUCCESS        2            2            81.68        0.21            81.89            1
    100        101,    SUCCESS        2            3            5.43        76.62            82.05            2
    99        100,    SUCCESS        2            15            6.08        76.62            82.7            2
    271        272,    SUCCESS        2            16            1.83        80.92            82.76            3
    108        109,    SUCCESS        2            17            6.3        76.62            82.92            2
    59        60,    SUCCESS        2            2            1.14        81.89            83.03            2
    104        105,    SUCCESS        2            13            2.72        81.51            84.23            2
    66        67,    SUCCESS        2            2            1.36        83.03            84.39            2
    162        163,    SUCCESS        2            3            2.57        82.05            84.62            2
    439        440,    SUCCESS        2            13            1.44        84.23            85.67            4
    158        159,    SUCCESS        2            17            2.86        82.92            85.78            2
    67        68,    SUCCESS        2            2            1.5        84.39            85.89            2
    2        3,    SUCCESS        2            10            85.94        0.21            86.15            1
    157        158,    SUCCESS        2            8            4.28        81.89            86.17            2
    225        226,    SUCCESS        2            2            0.39        85.89            86.28            3
    102        103,    SUCCESS        2            15            3.92        82.7            86.62            2
    268        269,    SUCCESS        2            17            0.94        85.78            86.72            3
    11        12,    SUCCESS        2            19            86.51        0.21            86.72            1
    223        224,    SUCCESS        2            19            0.31        86.72            87.03            3
    54        55,    SUCCESS        2            10            1.37        86.15            87.52            2
    153        154,    SUCCESS        2            9            5.68        81.89            87.57            2
    183        184,    SUCCESS        2            19            0.55        87.03            87.57            3
    23        24,    SUCCESS        2            2            1.49        86.28            87.77            2
    232        233,    SUCCESS        2            10            0.43        87.52            87.95            3
    276        277,    SUCCESS        2            17            1.34        86.72            88.06            3
    326        327,    SUCCESS        2            14            2.37        85.78            88.15            3
    159        160,    SUCCESS        2            7            6.41        81.89            88.3            2
    234        235,    SUCCESS        2            17            0.36        88.06            88.41            3
    397        398,    SUCCESS        2            19            0.84        87.57            88.41            4
    352        353,    SUCCESS        2            2            0.8        87.77            88.57            4
    1        2,    SUCCESS        2            12            88.55        0.21            88.76            1
    325        326,    SUCCESS        2            14            0.81        88.15            88.96            3
    186        187,    SUCCESS        2            19            0.76        88.41            89.17            3
    154        155,    SUCCESS        2            15            2.66        86.62            89.28            2
    319        320,    SUCCESS        2            2            0.82        88.57            89.39            3
    161        162,    SUCCESS        2            8            3.77        86.17            89.94            2
    393        394,    SUCCESS        2            14            1.09        88.96            90.05            4
    318        319,    SUCCESS        2            2            0.96        89.39            90.35            3
    164        165,    SUCCESS        2            9            3.03        87.57            90.6            2
    148        149,    SUCCESS        2            10            3        87.95            90.95            2
    235        236,    SUCCESS        2            9            0.52        90.6            91.12            3
    63        64,    SUCCESS        2            12            2.71        88.76            91.47            2
    308        309,    SUCCESS        2            10            1.05        90.95            92            3
    224        225,    SUCCESS        2            12            0.64        91.47            92.11            3
    53        54,    SUCCESS        2            3            5.98        86.15            92.13            2
    163        164,    SUCCESS        2            2            2.04        90.35            92.39            2
    143        144,    SUCCESS        2            19            3.33        89.17            92.5            2
    46        47,    SUCCESS        2            17            4.2        88.41            92.61            2
    269        270,    SUCCESS        2            10            0.8        92            92.8            3
    166        167,    SUCCESS        2            14            3.15        90.05            93.2            2
    267        268,    SUCCESS        2            2            0.92        92.39            93.31            3
    45        46,    SUCCESS        2            7            5.12        88.3            93.42            2
    167        168,    SUCCESS        2            15            4.14        89.28            93.42            2
    191        192,    SUCCESS        2            14            0.4        93.2            93.6            3
    315        316,    SUCCESS        2            19            1.21        92.5            93.72            3
    165        166,    SUCCESS        2            8            4.19        89.94            94.13            2
    321        322,    SUCCESS        2            15            0.84        93.42            94.26            3
    48        49,    SUCCESS        2            9            3.37        91.12            94.49            2
    476        477,    SUCCESS        2            14            1        93.6            94.6            4
    214        215,    SUCCESS        2            13            2.12        92.61            94.73            3
    169        170,    SUCCESS        2            3            3.18        92.13            95.31            2
    4        5,    SUCCESS        2            4            95.28        0.21            95.49            1
    24        25,    SUCCESS        2            12            3.5        92.11            95.61            2
    171        172,    SUCCESS        2            7            2.62        93.42            96.04            2
    494        495,    SUCCESS        2            15            2.12        94.26            96.38            4
    179        180,    SUCCESS        2            17            3.88        92.61            96.49            2
    52        53,    SUCCESS        2            10            3.8        92.8            96.6            2
    437        438,    SUCCESS        2            14            2.32        94.6            96.92            4
    33        34,    SUCCESS        2            8            2.9        94.13            97.03            2
    25        26,    SUCCESS        2            12            1.53        95.61            97.14            2
    351        352,    SUCCESS        2            17            0.65        96.49            97.14            4
    96        97,    SUCCESS        2            19            3.6        93.72            97.31            2
    30        31,    SUCCESS        2            9            3        94.49            97.49            2
    226        227,    SUCCESS        2            12            0.51        97.14            97.65            3
    331        332,    SUCCESS        2            17            0.71        97.14            97.85            3
    13        14,    SUCCESS        2            4            2.47        95.49            97.96            2
    309        310,    SUCCESS        2            12            0.59        97.65            98.24            3
    31        32,    SUCCESS        2            15            2.14        96.38            98.52            2
    316        317,    SUCCESS        2            9            1.25        97.49            98.74            3
    220        221,    SUCCESS        2            17            1        97.85            98.85            3
    314        315,    SUCCESS        2            12            0.73        98.24            98.97            3
    403        404,    SUCCESS        2            15            0.75        98.52            99.27            4
    311        312,    SUCCESS        2            9            0.64        98.74            99.38            3
    35        36,    SUCCESS        2            8            2.46        97.03            99.49            2
    176        177,    SUCCESS        2            10            3.05        96.6            99.65            2
    26        27,    SUCCESS        2            7            3.74        96.04            99.78            2
    170        171,    SUCCESS        2            3            4.59        95.31            99.89            2
    477        478,    SUCCESS        2            17            1.15        98.85            100            4
    329        330,    SUCCESS        2            8            0.8        99.49            100.29            3
    272        273,    SUCCESS        2            12            1.65        98.97            100.62            3
    435        436,    SUCCESS        2            9            1.58        99.38            100.96            4
    482        483,    SUCCESS        2            17            1.2        100            101.2            4
    72        73,    SUCCESS        2            13            5.81        95.49            101.31            2
    142        143,    SUCCESS        2            4            3.54        97.96            101.5            2
    28        29,    SUCCESS        2            7            2.18        99.78            101.96            2
    79        80,    SUCCESS        2            14            5.33        96.92            102.25            2
    489        490,    SUCCESS        2            9            1.54        100.96            102.5            4
    173        174,    SUCCESS        2            3            2.72        99.89            102.61            2
    484        485,    SUCCESS        2            13            1.63        101.31            102.94            4
    37        38,    SUCCESS        2            10            3.4        99.65            103.05            2
    43        44,    SUCCESS        2            12            2.58        100.62            103.2            2
    196        197,    SUCCESS        2            17            1.32        101.96            103.28            3
    216        217,    SUCCESS        2            9            0.92        102.5            103.42            3
    50        51,    SUCCESS        2            19            6.44        97.31            103.75            2
    69        70,    SUCCESS        2            8            3.81        100.29            104.1            2
    39        40,    SUCCESS        2            7            2.25        101.96            104.21            2
    337        338,    SUCCESS        2            12            1.32        103.2            104.52            3
    394        395,    SUCCESS        2            8            0.99        104.1            105.09            4
    347        348,    SUCCESS        2            12            0.72        104.52            105.24            3
    487        488,    SUCCESS        2            3            3.05        102.61            105.66            4
    51        52,    SUCCESS        2            4            4.27        101.5            105.77            2
    194        195,    SUCCESS        2            8            0.79        105.09            105.88            3
    493        494,    SUCCESS        2            7            1.9        104.21            106.11            4
    201        202,    SUCCESS        2            3            0.75        105.66            106.41            3
    71        72,    SUCCESS        2            9            3.16        103.42            106.58            2
    172        173,    SUCCESS        2            19            2.95        103.75            106.7            2
    322        323,    SUCCESS        2            7            0.7        106.11            106.81            3
    270        271,    SUCCESS        2            4            1.15        105.77            106.92            3
    388        389,    SUCCESS        2            12            1.91        105.24            107.15            4
    203        204,    SUCCESS        2            3            1.01        106.41            107.42            3
    38        39,    SUCCESS        2            10            4.99        103.05            108.04            2
    497        498,    SUCCESS        2            3            0.94        107.42            108.36            4
    181        182,    SUCCESS        2            10            0.44        108.04            108.47            3
    486        487,    SUCCESS        2            7            1.91        106.81            108.72            4
    340        341,    SUCCESS        2            13            2.26        106.7            108.97            3
    211        212,    SUCCESS        2            3            0.86        108.36            109.22            3
    332        333,    SUCCESS        2            7            0.67        108.72            109.39            3
    32        33,    SUCCESS        2            4            2.58        106.92            109.5            2
    174        175,    SUCCESS        2            19            2.91        106.7            109.61            2
    231        232,    SUCCESS        2            7            0.47        109.39            109.86            3
    384        385,    SUCCESS        2            10            2.21        108.47            110.68            4
    264        265,    SUCCESS        2            7            1.04        109.86            110.91            3
    505        506,    SUCCESS        2            3            1.79        109.22            111.02            4
    359        360,    SUCCESS        2            4            1.51        109.5            111.02            4
    438        439,    SUCCESS        2            3            1.8        111.02            112.81            4
    178        179,    SUCCESS        2            19            3.65        109.61            113.27            2
    27        28,    SUCCESS        2            19            1.87        113.27            115.14            2
    5        6,    SUCCESS        2            0            115.04        0.21            115.25            1
    62        63,    SUCCESS        2            0            1.17        115.25            116.42            2
    358        359,    SUCCESS        2            0            0.54        116.42            116.96            4
    307        308,    SUCCESS        2            0            1.16        116.96            118.12            3
    78        79,    SUCCESS        2            4            7.4        111.02            118.42            2
    76        77,    SUCCESS        2            19            4.95        115.14            120.09            2
    440        441,    SUCCESS        2            4            2.77        118.42            121.19            4
    7        8,    SUCCESS        2            18            44.67        76.62            121.3            1
    82        83,    SUCCESS        2            10            6.22        115.25            121.47            2
    93        94,    SUCCESS        2            17            6.43        115.25            121.67            2
    218        219,    SUCCESS        2            4            1.14        121.19            122.33            3
    83        84,    SUCCESS        2            3            7.12        115.25            122.37            2
    114        115,    SUCCESS        2            3            2.31        122.37            124.68            2
    92        93,    SUCCESS        2            10            4.26        121.47            125.73            2
    81        82,    SUCCESS        2            19            7.39        120.09            127.48            2
    117        118,    SUCCESS        2            13            6.21        121.3            127.51            2
    193        194,    SUCCESS        2            19            0.49        127.48            127.97            3
    118        119,    SUCCESS        2            3            4.1        124.68            128.78            2
    285        286,    SUCCESS        2            17            2.38        127.51            129.89            3
    479        480,    SUCCESS        2            19            2.07        127.97            130.03            4
    344        345,    SUCCESS        2            19            1.04        130.03            131.07            3
    113        114,    SUCCESS        2            10            6.22        125.73            131.94            2
    453        454,    SUCCESS        2            3            2.34        129.89            132.23            4
    237        238,    SUCCESS        2            19            1.37        131.07            132.44            3
    281        282,    SUCCESS        2            17            1.69        131.94            133.64            3
    88        89,    SUCCESS        2            19            3.11        132.44            135.56            2
    122        123,    SUCCESS        2            10            4        131.94            135.94            2
    91        92,    SUCCESS        2            19            3.13        135.56            138.69            2
    123        124,    SUCCESS        2            10            2.98        135.94            138.93            2
    110        111,    SUCCESS        2            19            2.5        138.69            141.19            2
    278        279,    SUCCESS        2            3            1.89        141.19            143.08            3
    8        9,    SUCCESS        2            18            40.94        121.3            162.23            1
    228        229,    SUCCESS        2            18            0.48        162.23            162.71            3
    396        397,    SUCCESS        2            17            0.95        162.71            163.67            4
    20        21,    SUCCESS        2            18            1.66        162.71            164.37            2
    188        189,    SUCCESS        2            19            1.1        164.37            165.47            3
    125        126,    SUCCESS        2            4            3.89        162.23            166.13            2
    21        22,    SUCCESS        2            18            2.15        164.37            166.52            2
    180        181,    SUCCESS        2            18            0.73        166.52            167.25            3
    130        131,    SUCCESS        2            3            8.27        162.23            170.5            2
    149        150,    SUCCESS        2            18            3.93        167.25            171.18            2
    401        402,    SUCCESS        2            18            0.68        171.18            171.86            4
    126        127,    SUCCESS        2            4            6.43        166.13            172.56            2
    131        132,    SUCCESS        2            3            3.05        170.5            173.55            2
    133        134,    SUCCESS        2            4            2.33        172.56            174.89            2
    105        106,    SUCCESS        2            18            3.13        171.86            175            2
    299        300,    SUCCESS        2            19            1.6        173.55            175.15            3
    294        295,    SUCCESS        2            4            1.22        174.89            176.11            3
    273        274,    SUCCESS        2            17            2.05        175            177.04            3
    135        136,    SUCCESS        2            3            3.88        173.55            177.43            2
    109        110,    SUCCESS        2            18            3.17        175            178.17            2
    301        302,    SUCCESS        2            3            1.2        177.43            178.63            3
    156        157,    SUCCESS        2            18            3.58        178.17            181.75            2
    330        331,    SUCCESS        2            18            0.6        181.75            182.35            3
    498        499,    SUCCESS        2            19            1.7        182.35            184.05            4
    436        437,    SUCCESS        2            18            1.76        182.35            184.11            4
    222        223,    SUCCESS        2            18            0.55        184.11            184.66            3
    390        391,    SUCCESS        2            3            0.96        184.66            185.61            4
    657        658,    SUCCESS        2            15            8897.65        102.5            9000.16            5
    286        287,    SUCCESS        2            15            1.01        9000.16            9001.17            3
    256        257,    SUCCESS        2            15            0.96        9001.17            9002.13            3
    454        455,    SUCCESS        2            4            2.01        9001.17            9003.18            4
    648        649,    SUCCESS        2            0            9234.4        118.12            9352.51            5
    227        228,    SUCCESS        2            0            0.51        9352.51            9353.02            3
    395        396,    SUCCESS        2            17            1.05        9353.02            9354.07            4
    40        41,    SUCCESS        2            0            3.88        9353.02            9356.9            2
    42        43,    SUCCESS        2            0            2.46        9356.9            9359.36            2
    444        445,    SUCCESS        2            0            1.59        9359.36            9360.95            4
    210        211,    SUCCESS        2            15            1.98        9359.36            9361.34            3
    483        484,    SUCCESS        2            0            1.21        9360.95            9362.16            4
    382        383,    SUCCESS        2            0            2.31        9362.16            9364.47            4
    74        75,    SUCCESS        2            0            4.92        9364.47            9369.39            2
    339        340,    SUCCESS        2            0            0.84        9369.39            9370.23            3
    645        646,    SUCCESS        2            12            9271.47        107.15            9378.62            5
    310        311,    SUCCESS        2            12            0.74        9378.62            9379.36            3
    364        365,    SUCCESS        2            12            1.31        9379.36            9380.67            4
    515        516,    SUCCESS        2            12            1.36        9380.67            9382.03            4
    362        363,    SUCCESS        2            12            1.31        9382.03            9383.34            4
    342        343,    SUCCESS        2            12            0.76        9383.34            9384.1            3
    399        400,    SUCCESS        2            12            0.55        9384.1            9384.65            4
    449        450,    SUCCESS        2            12            1.13        9384.65            9385.78            4
    136        137,    SUCCESS        2            12            2.83        9385.78            9388.61            2
    304        305,    SUCCESS        2            4            1.92        9388.61            9390.54            3
    649        650,    SUCCESS        2            5            9586.18        69.37            9655.56            5
    107        108,    SUCCESS        2            5            3.93        9655.56            9659.49            2
    160        161,    SUCCESS        2            5            3.86        9659.49            9663.35            2
    328        329,    SUCCESS        2            3            1.93        9663.35            9665.28            3
    496        497,    SUCCESS        2            3            1.96        9665.28            9667.24            4
    168        169,    SUCCESS        2            5            4.38        9663.35            9667.73            2
    400        401,    SUCCESS        2            5            0.75        9667.73            9668.48            4
    402        403,    SUCCESS        2            5            0.48        9668.48            9668.96            4
    621        622,    SUCCESS        2            10            9748.14        138.93            9887.06            5
    290        291,    SUCCESS        2            10            1.54        9887.06            9888.6            3
    259        260,    SUCCESS        2            10            1.09        9888.6            9889.69            3
    128        129,    SUCCESS        2            10            3.06        9889.69            9892.75            2
    650        651,    SUCCESS        2            8            10001.43        105.88            10107.31            5
    219        220,    SUCCESS        2            8            0.96        10107.31            10108.27            3
    195        196,    SUCCESS        2            8            0.59        10108.27            10108.86            3
    230        231,    SUCCESS        2            8            0.47        10108.86            10109.33            3
    260        261,    SUCCESS        2            8            1.08        10109.33            10110.41            3
    521        522,    SUCCESS        2            1            11410.34        71.14            11481.48            5
    571        572,    SUCCESS        2            9            11783.35        106.58            11889.93            5
    520        521,    SUCCESS        2            2            11824.75        93.31            11918.06            5
    29        30,    SUCCESS        2            2            2.07        11918.06            11920.13            2
    518        519,    SUCCESS        2            11            13038.4        66.14            13104.54            5
    106        107,    SUCCESS        2            11            3.46        13104.54            13108            2
    274        275,    SUCCESS        2            12            1.78        13108            13109.78            3
    41        42,    SUCCESS        2            11            3.54        13108            13111.54            2
    44        45,    SUCCESS        2            11            3.11        13111.54            13114.65            2
    49        50,    SUCCESS        2            11            2.65        13114.65            13117.3            2
    177        178,    SUCCESS        2            11            2.49        13117.3            13119.79            2
    327        328,    SUCCESS        2            11            0.76        13119.79            13120.55            3
    354        355,    SUCCESS        2            11            0.84        13120.55            13121.39            4
    213        214,    SUCCESS        2            11            1.72        13121.39            13123.11            3
    333        334,    SUCCESS        2            11            0.75        13123.11            13123.86            3
    381        382,    SUCCESS        2            3            3.38        13123.11            13126.49            4
    68        69,    SUCCESS        2            11            3.07        13123.86            13126.93            2
    75        76,    SUCCESS        2            11            3.45        13126.93            13130.38            2
    198        199,    SUCCESS        2            11            0.73        13130.38            13131.11            3
    206        207,    SUCCESS        2            11            0.66        13131.11            13131.77            3
    346        347,    SUCCESS        2            11            1.06        13131.77            13132.83            3
    374        375,    SUCCESS        2            12            1.96        13131.77            13133.73            4
    475        476,    SUCCESS        2            11            1.08        13132.83            13133.91            4
    512        513,    SUCCESS        2            11            1.63        13133.91            13135.54            4
    124        125,    SUCCESS        2            11            3.99        13135.54            13139.53            2
    467        468,    SUCCESS        2            11            1.6        13139.53            13141.13            4
    441        442,    SUCCESS        2            11            1.73        13141.13            13142.86            4
    277        278,    SUCCESS        2            11            1.07        13142.86            13143.93            3
    652        653,    SUCCESS        2            14            13064.03        102.94            13166.97            5
    607        608,    SUCCESS        2            16            13689.76        85.67            13775.43            5
    77        78,    SUCCESS        2            16            4.66        13775.43            13780.09            2
    80        81,    SUCCESS        2            16            4.32        13780.09            13784.41            2
    499        500,    SUCCESS        2            16            1.98        13784.41            13786.39            4
    199        200,    SUCCESS        2            16            0.9        13786.39            13787.29            3
    523        524,    SUCCESS        2            6            13725.15        64.48            13789.63            5
    94        95,    SUCCESS        2            16            2.89        13787.29            13790.18            2
    98        99,    SUCCESS        2            6            2.96        13789.63            13792.59            2
    262        263,    SUCCESS        2            3            2.54        13790.18            13792.72            3
    120        121,    SUCCESS        2            16            2.76        13790.18            13792.94            2
    386        387,    SUCCESS        2            16            1.66        13792.94            13794.6            4
    175        176,    SUCCESS        2            6            3.21        13792.59            13795.8            2
    249        250,    SUCCESS        2            16            1.31        13794.6            13795.91            3
    391        392,    SUCCESS        2            6            0.62        13795.8            13796.42            4
    221        222,    SUCCESS        2            6            0.7        13796.42            13797.12            3
    446        447,    SUCCESS        2            16            1.46        13795.91            13797.37            4
    189        190,    SUCCESS        2            16            0.62        13797.37            13797.99            3
    378        379,    SUCCESS        2            16            1.43        13797.99            13799.42            4
    275        276,    SUCCESS        2            16            1.12        13799.42            13800.54            3
    417        418,    SUCCESS        2            8            5.8        13795.91            13801.7            4
    387        388,    SUCCESS        2            16            1.28        13800.54            13801.81            4
    363        364,    SUCCESS        2            16            1.34        13801.81            13803.15            4
    236        237,    SUCCESS        2            16            1.29        13803.15            13804.44            3
    389        390,    SUCCESS        2            8            3.31        13801.7            13805.01            4
    564        565,    SUCCESS        2            13            15072.7        163.67            15236.37            5
    654        655,    SUCCESS        2            18            15217.85        184.66            15402.51            5
    379        380,    SUCCESS        2            18            1.8        15402.51            15404.31            4
    432        433,    SUCCESS        2            18            1.2        15404.31            15405.51            4
    661        662,    SUCCESS        2            7            16866.49        110.91            16977.39            5
    239        240,    SUCCESS        2            7            1.99        16977.39            16979.38            3
    500        501,    SUCCESS        2            7            1.09        16979.38            16980.47            4
    250        251,    SUCCESS        2            7            2.25        16980.47            16982.72            3
    251        252,    SUCCESS        2            7            1.07        16982.72            16983.79            3
    469        470,    SUCCESS        2            7            1.44        16983.79            16985.23            4
    324        325,    SUCCESS        2            7            0.71        16985.23            16985.94            3
    419        420,    SUCCESS        2            16            3.44        16983.79            16987.23            4
    492        493,    SUCCESS        2            16            1.29        16987.23            16988.52            4
    565        566,    SUCCESS        2            5            9394.12        9668.96            19063.08            5
    334        335,    SUCCESS        2            5            1.13        19063.08            19064.21            3
    335        336,    SUCCESS        2            5            1.32        19064.21            19065.53            3
    341        342,    SUCCESS        2            5            1.31        19065.53            19066.84            3
    502        503,    SUCCESS        2            16            3.19        19064.21            19067.39            4
    205        206,    SUCCESS        2            5            0.73        19066.84            19067.57            3
    207        208,    SUCCESS        2            5            0.64        19067.57            19068.21            3
    375        376,    SUCCESS        2            16            1.9        19068.21            19070.11            4
    84        85,    SUCCESS        2            5            5.67        19068.21            19073.88            2
    563        564,    SUCCESS        2            17            10396.71        9354.07            19750.79            5
    398        399,    SUCCESS        2            17            0.58        19750.79            19751.37            4
    217        218,    SUCCESS        2            17            0.92        19751.37            19752.29            3
    366        367,    SUCCESS        2            17            1.42        19752.29            19753.71            4
    385        386,    SUCCESS        2            16            1.78        19752.29            19754.07            4
    605        606,    SUCCESS        2            0            11030.24        9370.23            20400.47            5
    240        241,    SUCCESS        2            0            1.79        20400.47            20402.26            3
    247        248,    SUCCESS        2            0            0.83        20402.26            20403.09            3
    200        201,    SUCCESS        2            0            0.81        20403.09            20403.9            3
    244        245,    SUCCESS        2            0            1.56        20403.9            20405.46            3
    282        283,    SUCCESS        2            0            1.01        20405.46            20406.47            3
    612        613,    SUCCESS        2            10            10781.89        9892.75            20674.64            5
    288        289,    SUCCESS        2            10            0.87        20674.64            20675.51            3
    343        344,    SUCCESS        2            10            1.26        20675.51            20676.77            3
    407        408,    SUCCESS        2            10            2.39        20676.77            20679.16            4
    642        643,    SUCCESS        2            1            9750.46        11481.48            21231.94            5
    97        98,    SUCCESS        2            1            2.83        21231.94            21234.77            2
    152        153,    SUCCESS        2            1            1.91        21234.77            21236.68            2
    155        156,    SUCCESS        2            1            2.51        21236.68            21239.19            2
    47        48,    SUCCESS        2            1            5.92        21239.19            21245.11            2
    34        35,    SUCCESS        2            1            2.38        21245.11            21247.49            2
    36        37,    SUCCESS        2            1            2.92        21247.49            21250.41            2
    192        193,    SUCCESS        2            1            0.73        21250.41            21251.14            3
    556        557,    SUCCESS        2            14            10338.73        13166.97            23505.7            5
    85        86,    SUCCESS        2            14            6.86        23505.7            23512.56            2
    111        112,    SUCCESS        2            14            2.51        23512.56            23515.07            2
    112        113,    SUCCESS        2            14            3.78        23515.07            23518.85            2
    119        120,    SUCCESS        2            14            3.19        23518.85            23522.04            2
    673        674,    SUCCESS        2            18            8534.68        15405.51            23940.19            5
    89        90,    SUCCESS        2            18            5.98        23940.19            23946.17            2
    257        258,    SUCCESS        2            17            2.01        23946.17            23948.18            3
    405        406,    SUCCESS        2            18            2.06        23946.17            23948.23            4
    134        135,    SUCCESS        2            18            5.07        23948.23            23953.3            2
    348        349,    SUCCESS        2            18            0.97        23953.3            23954.27            4
    458        459,    SUCCESS        2            18            1.71        23954.27            23955.98            4
    345        346,    SUCCESS        2            18            1.12        23955.98            23957.1            3
    495        496,    SUCCESS        2            18            0.99        23957.1            23958.09            4
    292        293,    SUCCESS        2            18            1.21        23958.09            23959.3            3
    248        249,    SUCCESS        2            18            1        23959.3            23960.3            3
    558        559,    SUCCESS        2            19            24091.87        185.61            24277.48            5
    617        618,    SUCCESS        2            11            11313.39        13143.93            24457.32            5
    569        570,    SUCCESS        2            13            11228.96        15236.37            26465.33            5
    242        243,    SUCCESS        2            13            0.84        26465.33            26466.17            3
    336        337,    SUCCESS        2            13            0.91        26466.17            26467.08            3
    428        429,    SUCCESS        2            13            1.3        26467.08            26468.38            4
    245        246,    SUCCESS        2            13            1.04        26468.38            26469.42            3
    504        505,    SUCCESS        2            16            2.7        26467.08            26469.78            4
    600        601,    SUCCESS        2            8            11828.14        15405.51            27233.64            5
    561        562,    SUCCESS        2            2            15492.44        11920.13            27412.57            5
    392        393,    SUCCESS        2            2            0.76        27412.57            27413.33            4
    70        71,    SUCCESS        2            2            3.63        27413.33            27416.96            2
    73        74,    SUCCESS        2            2            4.83        27416.96            27421.79            2
    667        668,    SUCCESS        2            4            13701.96        13786.39            27488.36            5
    532        533,    SUCCESS        2            15            19221.19        9380.67            28601.87            5
    472        473,    SUCCESS        2            15            2.08        28601.87            28603.95            4
    427        428,    SUCCESS        2            15            1.81        28603.95            28605.76            4
    212        213,    SUCCESS        2            15            1.41        28605.76            28607.17            3
    380        381,    SUCCESS        2            18            2.32        28607.17            28609.48            4
    555        556,    SUCCESS        2            12            14810.63        13801.81            28612.45            5
    662        663,    SUCCESS        2            1            8435.36        21251.14            29686.5            5
    527        528,    SUCCESS        2            9            17896.53        11889.93            29786.46            5
    608        609,    SUCCESS        2            5            11421.08        19073.88            30494.96            5
    121        122,    SUCCESS        2            5            3.24        30494.96            30498.2            2
    462        463,    SUCCESS        2            5            1.25        30498.2            30499.45            4
    303        304,    SUCCESS        2            5            0.87        30499.45            30500.32            3
    507        508,    SUCCESS        2            5            1.58        30500.32            30501.9            4
    568        569,    SUCCESS        2            7            14671.98        16985.94            31657.92            5
    501        502,    SUCCESS        2            7            1.05        31657.92            31658.97            4
    668        669,    SUCCESS        2            10            11721.09        20679.16            32400.25            5
    570        571,    SUCCESS        2            11            8275.33        24457.32            32732.65            5
    296        297,    SUCCESS        2            11            0.98        32732.65            32733.63            3
    442        443,    SUCCESS        2            11            1.17        32733.63            32734.8            4
    464        465,    SUCCESS        2            18            2.13        32733.63            32735.76            4
    430        431,    SUCCESS        2            11            1.35        32734.8            32736.15            4
    567        568,    SUCCESS        2            14            9369.78        23522.04            32891.82            5
    647        648,    SUCCESS        2            0            15400.18        20406.47            35806.65            5
    132        133,    SUCCESS        2            0            3.72        35806.65            35810.37            2
    585        586,    SUCCESS        2            4            8831.89        27488.36            36320.25            5
    404        405,    SUCCESS        2            4            1.78        36320.25            36322.03            4
    644        645,    SUCCESS        2            6            23130.68        13797.12            36927.8            5
    338        339,    SUCCESS        2            6            0.86        36927.8            36928.66            3
    90        91,    SUCCESS        2            6            5.98        36928.66            36934.64            2
    246        247,    SUCCESS        2            6            0.93        36934.64            36935.57            3
    116        117,    SUCCESS        2            6            3.35        36935.57            36938.92            2
    291        292,    SUCCESS        2            6            0.92        36938.92            36939.84            3
    127        128,    SUCCESS        2            6            3.17        36939.84            36943.01            2
    356        357,    SUCCESS        2            6            0.87        36943.01            36943.88            4
    298        299,    SUCCESS        2            6            0.92        36943.88            36944.8            3
    209        210,    SUCCESS        2            6            1.17        36944.8            36945.97            3
    573        574,    SUCCESS        2            3            16090.27        23948.23            40038.5            5
    547        548,    SUCCESS        2            12            11555.54        28612.45            40167.99            5
    606        607,    SUCCESS        2            9            11397.02        29786.46            41183.48            5
    87        88,    SUCCESS        2            9            3.63        41183.48            41187.11            2
    317        318,    SUCCESS        2            9            0.73        41187.11            41187.84            3
    208        209,    SUCCESS        2            9            1.26        41187.84            41189.1            3
    376        377,    SUCCESS        2            5            2.31        41189.1            41191.41            4
    603        604,    SUCCESS        2            2            13803.58        27421.79            41225.37            5
    369        370,    SUCCESS        2            2            1.1        41225.37            41226.47            4
    508        509,    SUCCESS        2            2            1.24        41226.47            41227.71            4
    546        547,    SUCCESS        2            11            8619.86        32736.15            41356.01            5
    443        444,    SUCCESS        2            11            1.76        41356.01            41357.77            4
    519        520,    SUCCESS        2            1            11916.96        29686.5            41603.46            5
    635        636,    SUCCESS        2            15            13753.41        28607.17            42360.58            5
    445        446,    SUCCESS        2            15            1.06        42360.58            42361.64            4
    367        368,    SUCCESS        2            15            1.17        42361.64            42362.81            4
    522        523,    SUCCESS        2            14            10498.13        32891.82            43389.95            5
    550        551,    SUCCESS        2            19            20134.3        24277.48            44411.78            5
    510        511,    SUCCESS        2            19            1.33        44411.78            44413.11            4
    554        555,    SUCCESS        2            6            9534.97        36945.97            46480.94            5
    418        419,    SUCCESS        2            6            2.7        46480.94            46483.64            4
    373        374,    SUCCESS        2            6            1.25        46483.64            46484.89            4
    466        467,    SUCCESS        2            6            1.34        46484.89            46486.23            4
    485        486,    SUCCESS        2            6            1.4        46486.23            46487.63            4
    630        631,    SUCCESS        2            13            16435.49        30499.45            46934.93            5
    566        567,    SUCCESS        2            8            20760.82        27233.64            47994.46            5
    456        457,    SUCCESS        2            8            2.66        47994.46            47997.12            4
    323        324,    SUCCESS        2            8            0.81        47997.12            47997.93            3
    253        254,    SUCCESS        2            8            0.87        47997.93            47998.8            3
    491        492,    SUCCESS        2            6            2.04        47997.93            47999.98            4
    416        417,    SUCCESS        2            8            2.35        47998.8            48001.15            4
    295        296,    SUCCESS        2            8            0.67        48001.15            48001.82            3
    670        671,    SUCCESS        2            12            8394.64        40167.99            48562.63            5
    252        253,    SUCCESS        2            12            2.13        48562.63            48564.76            3
    412        413,    SUCCESS        2            12            1.73        48564.76            48566.49            4
    204        205,    SUCCESS        2            12            0.85        48566.49            48567.34            3
    666        667,    SUCCESS        2            0            13190.75        35810.37            49001.12            5
    424        425,    SUCCESS        2            0            2.14        49001.12            49003.26            4
    478        479,    SUCCESS        2            0            1.76        49003.26            49005.02            4
    672        673,    SUCCESS        2            17            22615.6        26469.78            49085.37            5
    241        242,    SUCCESS        2            17            1.7        49085.37            49087.07            3
    414        415,    SUCCESS        2            17            2.8        49087.07            49089.87            4
    637        638,    SUCCESS        2            10            17164.11        32400.25            49564.36            5
    643        644,    SUCCESS        2            7            17994.61        31658.97            49653.58            5
    202        203,    SUCCESS        2            7            0.95        49653.58            49654.53            3
    413        414,    SUCCESS        2            7            2.11        49654.53            49656.64            4
    284        285,    SUCCESS        2            7            1.52        49656.64            49658.16            3
    421        422,    SUCCESS        2            7            1.74        49658.16            49659.9            4
    660        661,    SUCCESS        2            4            13790.19        36322.03            50112.22            5
    289        290,    SUCCESS        2            4            1.27        50112.22            50113.49            3
    560        561,    SUCCESS        2            3            12565.36        40038.5            52603.86            5
    614        615,    SUCCESS        2            15            15025.13        42362.81            57387.94            5
    357        358,    SUCCESS        2            15            1.01        57387.94            57388.95            4
    410        411,    SUCCESS        2            15            1.62        57388.95            57390.57            4
    664        665,    SUCCESS        2            19            13169.04        44413.11            57582.15            5
    243        244,    SUCCESS        2            19            1.1        57582.15            57583.25            3
    411        412,    SUCCESS        2            17            3.19        57583.25            57586.44            4
    584        585,    SUCCESS        2            7            8374.64        49659.9            58034.54            5
    669        670,    SUCCESS        2            12            10081.1        48567.34            58648.44            5
    258        259,    SUCCESS        2            12            1.54        58648.44            58649.98            3
    255        256,    SUCCESS        2            12            1.3        58649.98            58651.28            3
    675        676,    SUCCESS        2            13            11858.22        46934.93            58793.15            5
    562        563,    SUCCESS        2            1            17498.67        41603.46            59102.13            5
    683        684,    SUCCESS        2            0            10218.75        49005.02            59223.77            5
    514        515,    SUCCESS        2            0            1.61        59223.77            59225.38            4
    659        660,    SUCCESS        2            18            11233.48        47999.98            59233.46            5
    531        532,    SUCCESS        2            11            18653.84        41357.77            60011.61            5
    552        553,    SUCCESS        2            2            18938.41        41227.71            60166.12            5
    86        87,    SUCCESS        2            2            3.15        60166.12            60169.27            2
    115        116,    SUCCESS        2            2            3.72        60169.27            60172.99            2
    361        362,    SUCCESS        2            2            1.07        60172.99            60174.06            4
    129        130,    SUCCESS        2            2            2.22        60174.06            60176.28            2
    293        294,    SUCCESS        2            2            1.47        60176.28            60177.75            3
    297        298,    SUCCESS        2            7            1.65        60176.28            60177.93            3
    197        198,    SUCCESS        2            2            0.94        60177.75            60178.69            3
    503        504,    SUCCESS        2            2            2.2        60178.69            60180.89            4
    513        514,    SUCCESS        2            2            1.3        60180.89            60182.19            4
    549        550,    SUCCESS        2            14            17207.29        43389.95            60597.24            5
    651        652,    SUCCESS        2            9            20244.38        41189.1            61433.48            5
    582        583,    SUCCESS        2            6            13413.23        49089.87            62503.1            5
    370        371,    SUCCESS        2            6            2.62        62503.1            62505.72            4
    572        573,    SUCCESS        2            3            9912.38        52603.86            62516.24            5
    537        538,    SUCCESS        2            8            14601.73        48001.82            62603.55            5
    553        554,    SUCCESS        2            10            13602.62        49564.36            63166.98            5
    360        361,    SUCCESS        2            10            1.12        63166.98            63168.1            4
    302        303,    SUCCESS        2            10            0.94        63168.1            63169.04            3
    611        612,    SUCCESS        2            4            13474.37        50113.49            63587.86            5
    653        654,    SUCCESS        2            16            17146.92        46487.63            63634.55            5
    534        535,    SUCCESS        2            11            8848.8        60011.61            68860.41            5
    368        369,    SUCCESS        2            11            2.06        68860.41            68862.47            4
    215        216,    SUCCESS        2            11            0.81        68862.47            68863.28            3
    624        625,    SUCCESS        2            2            8713.28        60182.19            68895.47            5
    457        458,    SUCCESS        2            2            2.63        68895.47            68898.1            4
    682        683,    SUCCESS        2            5            10156.91        59225.38            69382.3            5
    610        611,    SUCCESS        2            15            12075.43        57390.57            69466            5
    300        301,    SUCCESS        2            15            0.65        69466            69466.65            3
    377        378,    SUCCESS        2            15            1.8        69466.65            69468.45            4
    468        469,    SUCCESS        2            7            2.21        69466.65            69468.86            4
    463        464,    SUCCESS        2            15            1.09        69468.45            69469.54            4
    530        531,    SUCCESS        2            9            8501.89        61433.48            69935.37            5
    408        409,    SUCCESS        2            9            2.04        69935.37            69937.41            4
    280        281,    SUCCESS        2            9            0.83        69937.41            69938.24            3
    676        677,    SUCCESS        2            12            11532.62        58651.28            70183.9            5
    423        424,    SUCCESS        2            12            1.91        70183.9            70185.81            4
    465        466,    SUCCESS        2            12            1.43        70185.81            70187.24            4
    579        580,    SUCCESS        2            17            12863.26        57586.44            70449.7            5
    609        610,    SUCCESS        2            19            13204.51        57583.25            70787.76            5
    266        267,    SUCCESS        2            19            0.86        70787.76            70788.62            3
    434        435,    SUCCESS        2            5            2.42        70788.62            70791.04            4
    655        656,    SUCCESS        2            1            11752.74        59102.13            70854.87            5
    490        491,    SUCCESS        2            1            1.09        70854.87            70855.96            4
    371        372,    SUCCESS        2            1            2.64        70855.96            70858.6            4
    516        517,    SUCCESS        2            10            9332.34        63169.04            72501.38            5
    613        614,    SUCCESS        2            3            10689.16        62516.24            73205.4            5
    420        421,    SUCCESS        2            3            3.12        73205.4            73208.52            4
    529        530,    SUCCESS        2            6            11953.6        62505.72            74459.32            5
    598        599,    SUCCESS        2            13            15757.44        58793.15            74550.59            5
    528        529,    SUCCESS        2            18            11555.65        63168.1            74723.75            5
    586        587,    SUCCESS        2            4            11711.96        63587.86            75299.82            5
    372        373,    SUCCESS        2            4            1.63        75299.82            75301.45            4
    542        543,    SUCCESS        2            14            18030.28        60597.24            78627.52            5
    665        666,    SUCCESS        2            1            8516.88        70858.6            79375.48            5
    349        350,    SUCCESS        2            1            0.67        79375.48            79376.15            4
    95        96,    SUCCESS        2            1            2.9        79376.15            79379.05            2
    596        597,    SUCCESS        2            9            10245.09        69938.24            80183.33            5
    658        659,    SUCCESS        2            16            10401        70855.96            81256.96            5
    557        558,    SUCCESS        2            0            22949.83        59225.38            82175.21            5
    415        416,    SUCCESS        2            0            1.7        82175.21            82176.91            4
    450        451,    SUCCESS        2            0            2.92        82176.91            82179.83            4
    511        512,    SUCCESS        2            0            2.59        82179.83            82182.42            4
    626        627,    SUCCESS        2            11            13353.38        68863.28            82216.66            5
    545        546,    SUCCESS        2            12            12296.69        70187.24            82483.93            5
    541        542,    SUCCESS        2            10            11531.39        72501.38            84032.77            5
    536        537,    SUCCESS        2            15            14887.87        69469.54            84357.41            5
    587        588,    SUCCESS        2            19            13770.88        70788.62            84559.5            5
    589        590,    SUCCESS        2            13            10024.75        74550.59            84575.34            5
    636        637,    SUCCESS        2            3            13116.77        73208.52            86325.29            5
    540        541,    SUCCESS        2            8            11744.27        75301.45            87045.72            5
    680        681,    SUCCESS        2            14            11674.07        78627.52            90301.59            5
    509        510,    SUCCESS        2            14            1.81        90301.59            90303.4            4
    526        527,    SUCCESS        2            1            11597.03        79379.05            90976.08            5
    261        262,    SUCCESS        2            1            0.8        90976.08            90976.88            3
    137        138,    SUCCESS        2            1            4.66        90976.88            90981.54            2
    583        584,    SUCCESS        2            18            9339.42        82176.91            91516.34            5
    618        619,    SUCCESS        2            4            9410.52        82179.83            91590.36            5
    634        635,    SUCCESS        2            10            8748.58        84032.77            92781.35            5
    578        579,    SUCCESS        2            13            9212.23        84575.34            93787.57            5
    539        540,    SUCCESS        2            15            9752.51        84357.41            94109.92            5
    543        544,    SUCCESS        2            19            11159.01        84559.5            95718.51            5
    679        680,    SUCCESS        2            17            14046.16        82182.42            96228.58            5
    640        641,    SUCCESS        2            11            15158.86        82216.66            97375.52            5
    663        664,    SUCCESS        2            14            8707.73        90303.4            99011.13            5
    460        461,    SUCCESS        2            14            1.72        99011.13            99012.85            4
    575        576,    SUCCESS        2            0            18948.54        82182.42            101130.96            5
    425        426,    SUCCESS        2            0            1.55        101130.96            101132.51            4
    632        633,    SUCCESS        2            9            21191.23        80183.33            101374.56            5
    383        384,    SUCCESS        2            9            1.46        101374.56            101376.02            4
    633        634,    SUCCESS        2            3            16271.4        86325.29            102596.69            5
    580        581,    SUCCESS        2            10            10435.92        92781.35            103217.27            5
    671        672,    SUCCESS        2            13            9562.18        93787.57            103349.75            5
    604        605,    SUCCESS        2            1            12587.34        90981.54            103568.88            5
    588        589,    SUCCESS        2            15            12284.37        94109.92            106394.29            5
    548        549,    SUCCESS        2            11            11744.99        97375.52            109120.51            5
    506        507,    SUCCESS        2            11            1.57        109120.51            109122.08            4
    459        460,    SUCCESS        2            11            1.51        109122.08            109123.59            4
    544        545,    SUCCESS        2            19            13840.1        95718.51            109558.61            5
    535        536,    SUCCESS        2            0            10280.89        101132.51            111413.4            5
    452        453,    SUCCESS        2            0            1        111413.4            111414.4            4
    283        284,    SUCCESS        2            0            0.7        111414.4            111415.1            3
    646        647,    SUCCESS        2            10            8888.34        103217.27            112105.61            5
    576        577,    SUCCESS        2            9            12101.82        101376.02            113477.84            5
    305        306,    SUCCESS        2            9            1.29        113477.84            113479.13            3
    473        474,    SUCCESS        2            12            2.68        113479.13            113481.81            4
    602        603,    SUCCESS        2            3            11286.37        102596.69            113883.06            5
    625        626,    SUCCESS        2            13            13240.77        103349.75            116590.52            5
    595        596,    SUCCESS        2            14            21835.66        99012.85            120848.51            5
    365        366,    SUCCESS        2            14            1.09        120848.51            120849.6            4
    620        621,    SUCCESS        2            2            9634.2        111414.4            121048.61            5
    581        582,    SUCCESS        2            19            12158.26        109558.61            121716.87            5
    461        462,    SUCCESS        2            19            1.48        121716.87            121718.35            4
    622        623,    SUCCESS        2            1            18673.39        103568.88            122242.27            5
    674        675,    SUCCESS        2            0            13306.32        111415.1            124721.42            5
    693        694,    SUCCESS        2            0            14.79        124721.42            124736.21            6
    641        642,    SUCCESS        2            16            11309.54        113481.81            124791.36            5
    524        525,    SUCCESS        2            11            15693.29        109123.59            124816.88            5
    525        526,    SUCCESS        2            10            15009.2        112105.61            127114.81            5
    517        518,    SUCCESS        2            13            12058.97        116590.52            128649.49            5
    429        430,    SUCCESS        2            13            2.44        128649.49            128651.93            4
    684        685,    SUCCESS        2            8            11.03        128649.49            128660.53            6
    681        682,    SUCCESS        2            19            9107.58        121718.35            130825.93            5
    448        449,    SUCCESS        2            19            0.94        130825.93            130826.87            4
    451        452,    SUCCESS        2            19            2.19        130826.87            130829.06            4
    629        630,    SUCCESS        2            9            9236.77        121718.35            130955.12            5
    538        539,    SUCCESS        2            14            10469.83        120849.6            131319.43            5
    470        471,    SUCCESS        2            14            1.39        131319.43            131320.82            4
    263        264,    SUCCESS        2            14            1.2        131320.82            131322.02            3
    559        560,    SUCCESS        2            1            10712.42        122242.27            132954.69            5
    265        266,    SUCCESS        2            1            0.79        132954.69            132955.48            3
    320        321,    SUCCESS        2            1            0.86        132955.48            132956.34            3
    279        280,    SUCCESS        2            1            1.04        132956.34            132957.38            3
    488        489,    SUCCESS        2            8            1.61        132956.34            132957.95            4
    287        288,    SUCCESS        2            1            0.98        132957.38            132958.36            3
    238        239,    SUCCESS        2            1            1        132958.36            132959.36            3
    471        472,    SUCCESS        2            1            1.76        132959.36            132961.12            4
    592        593,    SUCCESS        2            11            13363.93        124816.88            138180.81            5
    638        639,    SUCCESS        2            0            8710.21        131320.82            140031.03            5
    406        407,    SUCCESS        2            0            2.39        140031.03            140033.42            4
    597        598,    SUCCESS        2            19            10074.23        130829.06            140903.29            5
    677        678,    SUCCESS        2            14            10005        131322.02            141327.02            5
    533        534,    SUCCESS        2            6            20915.17        120849.6            141764.77            5
    685        686,    SUCCESS        2            19            20.75        141764.77            141785.52            6
    593        594,    SUCCESS        2            13            13493.47        128651.93            142145.4            5
    431        432,    SUCCESS        2            13            2.5        142145.4            142147.9            4
    433        434,    SUCCESS        2            13            1.31        142147.9            142149.21            4
    639        640,    SUCCESS        2            15            10486.7        132961.12            143447.82            5
    616        617,    SUCCESS        2            18            13957.56        130826.87            144784.43            5
    678        679,    SUCCESS        2            1            12892.92        132961.12            145854.04            5
    409        410,    SUCCESS        2            1            1.44        145854.04            145855.48            4
    426        427,    SUCCESS        2            1            2.83        145855.48            145858.31            4
    254        255,    SUCCESS        2            1            1.15        145858.31            145859.46            3
    695        696,    SUCCESS        2            17            26.32        145854.04            145880.36            6
    656        657,    SUCCESS        2            8            13309.57        132957.95            146267.52            5
    455        456,    SUCCESS        2            8            1.42        146267.52            146268.94            4
    694        695,    SUCCESS        2            12            12.3        146267.52            146279.82            6
    591        592,    SUCCESS        2            11            10576.85        138180.81            148757.66            5
    619        620,    SUCCESS        2            6            8321.27        141764.77            150086.04            5
    551        552,    SUCCESS        2            14            9613.08        141327.02            150940.1            5
    687        688,    SUCCESS        2            14            7.87        150940.1            150947.97            6
    447        448,    SUCCESS        2            14            1.71        150947.97            150949.68            4
    574        575,    SUCCESS        2            10            10988.59        140033.42            151022.01            5
    422        423,    SUCCESS        2            10            2.31        151022.01            151024.32            4
    594        595,    SUCCESS        2            13            8767.18        145858.31            154625.49            5
    686        687,    SUCCESS        2            13            18.8        154625.49            154644.29            6
    631        632,    SUCCESS        2            1            10428.96        145859.46            156288.42            5
    599        600,    SUCCESS        2            18            13846.65        144784.43            158631.08            5
    577        578,    SUCCESS        2            6            9008.03        150086.04            159094.07            5
    688        689,    SUCCESS        2            2            25.08        159094.07            159119.15            6
    623        624,    SUCCESS        2            15            13979.54        146268.94            160248.48            5
    615        616,    SUCCESS        2            17            11449.1        150949.68            162398.78            5
    601        602,    SUCCESS        2            14            15055.68        150949.68            166005.36            5
    690        691,    SUCCESS        2            8            23.7        166005.36            166029.05            6
    628        629,    SUCCESS        2            1            10348.68        156288.42            166637.1            5
    692        693,    SUCCESS        2            2            21.84        166637.1            166658.94            6
    590        591,    SUCCESS        2            19            15943.65        151024.32            166967.96            5
    689        690,    SUCCESS        2            17            21.94        166967.96            166989.9            6
    627        628,    SUCCESS        2            1            15731.24        166637.1            182368.34            5
    691        692,    SUCCESS        2            3            24.28        182368.34            182392.63            6
    696        697,    SUCCESS        2            17            185.35        182392.63            182577.97            7
    697        698,    SUCCESS        2            1            26.86        182577.97            182604.84            8
    698        699,    SUCCESS        2            2            5531.89        182604.84            188136.73            9
