========== OUTPUT ==========
Job ID    Task ID    STATUS    Data center ID    VM ID        Time    Start Time    Finish Time    Depth
    497        Stage-in    SUCCESS        2            17            0.11        0.1            0.21            0
    1        2,    SUCCESS        2            6            38.59        0.21            38.8            1
    17        18,    SUCCESS        2            9            41.58        0.21            41.79            1
    2        3,    SUCCESS        2            1            42.56        0.21            42.77            1
    27        28,    SUCCESS        2            7            5.03        38.8            43.83            2
    30        31,    SUCCESS        2            5            7.31        38.8            46.1            2
    122        123,    SUCCESS        2            4            5.48        41.79            47.27            2
    125        126,    SUCCESS        2            3            6.05        41.79            47.84            2
    36        37,    SUCCESS        2            9            5.18        42.77            47.94            2
    141        142,    SUCCESS        2            9            1.11        47.94            49.05            3
    236        237,    SUCCESS        2            14            2.19        47.27            49.47            3
    33        34,    SUCCESS        2            5            3.56        46.1            49.66            2
    121        122,    SUCCESS        2            13            8.77        41.79            50.56            2
    350        351,    SUCCESS        2            5            2.4        49.66            52.06            4
    9        10,    SUCCESS        2            15            57.51        0.21            57.72            1
    123        124,    SUCCESS        2            13            7.28        50.56            57.83            2
    26        27,    SUCCESS        2            15            2.91        57.72            60.63            2
    35        36,    SUCCESS        2            13            3.4        57.83            61.23            2
    74        75,    SUCCESS        2            6            7.97        57.72            65.69            2
    75        76,    SUCCESS        2            12            8.2        57.72            65.92            2
    73        74,    SUCCESS        2            10            8.63        57.72            66.36            2
    237        238,    SUCCESS        2            12            0.97        65.92            66.89            3
    8        9,    SUCCESS        2            8            67.05        0.21            67.26            1
    78        79,    SUCCESS        2            7            9.67        57.72            67.39            2
    188        189,    SUCCESS        2            3            2.74        65.69            68.44            3
    149        150,    SUCCESS        2            12            1.65        66.89            68.55            3
    189        190,    SUCCESS        2            4            3.05        65.92            68.98            3
    76        77,    SUCCESS        2            9            11.51        57.72            69.23            2
    126        127,    SUCCESS        2            15            8.9        60.63            69.53            2
    18        19,    SUCCESS        2            16            69.52        0.21            69.72            1
    192        193,    SUCCESS        2            12            1.83        68.55            70.38            3
    239        240,    SUCCESS        2            16            1.31        69.72            71.03            3
    263        264,    SUCCESS        2            9            2.09        69.23            71.32            4
    303        304,    SUCCESS        2            3            2.84        68.98            71.82            4
    150        151,    SUCCESS        2            16            0.89        71.03            71.93            3
    68        69,    SUCCESS        2            7            4.68        67.39            72.07            2
    190        191,    SUCCESS        2            12            1.87        70.38            72.25            3
    12        13,    SUCCESS        2            19            72.05        0.21            72.26            1
    71        72,    SUCCESS        2            4            4.93        68.98            73.91            2
    353        354,    SUCCESS        2            5            3.04        71.03            74.08            4
    306        307,    SUCCESS        2            16            2.26        71.93            74.19            4
    70        71,    SUCCESS        2            10            7.28        67.26            74.54            2
    185        186,    SUCCESS        2            16            1.22        74.19            75.4            3
    15        16,    SUCCESS        2            18            75.77        0.21            75.98            1
    131        132,    SUCCESS        2            9            5.22        71.32            76.54            2
    69        70,    SUCCESS        2            7            5.4        72.07            77.47            2
    31        32,    SUCCESS        2            19            5.42        72.26            77.68            2
    145        146,    SUCCESS        2            6            2.08        77.68            79.76            3
    299        300,    SUCCESS        2            16            4.46        75.4            79.86            4
    124        125,    SUCCESS        2            18            4.14        75.98            80.12            2
    92        93,    SUCCESS        2            3            8.18        72.26            80.45            2
    183        184,    SUCCESS        2            16            1.74        79.86            81.6            3
    235        236,    SUCCESS        2            18            2.05        80.12            82.17            3
    132        133,    SUCCESS        2            10            8.08        74.54            82.62            2
    11        12,    SUCCESS        2            0            83.56        0.21            83.77            1
    264        265,    SUCCESS        2            18            2.3        82.17            84.47            4
    0        1,    SUCCESS        2            2            86.26        0.21            86.47            1
    130        131,    SUCCESS        2            4            12.67        73.91            86.58            2
    111        112,    SUCCESS        2            3            6.25        80.45            86.69            2
    72        73,    SUCCESS        2            19            9.54        77.68            87.22            2
    144        145,    SUCCESS        2            2            1.12        86.47            87.59            3
    91        92,    SUCCESS        2            10            5.93        82.62            88.55            2
    187        188,    SUCCESS        2            2            1.4        87.59            88.99            3
    246        247,    SUCCESS        2            3            2.68        86.69            89.37            3
    110        111,    SUCCESS        2            13            14.34        75.98            90.32            2
    182        183,    SUCCESS        2            2            1.59        88.99            90.58            3
    244        245,    SUCCESS        2            14            4.03        86.58            90.61            3
    206        207,    SUCCESS        2            2            1.34        90.58            91.92            3
    114        115,    SUCCESS        2            7            14.81        77.47            92.28            2
    94        95,    SUCCESS        2            18            8.68        84.47            93.15            2
    360        361,    SUCCESS        2            14            3.26        90.61            93.87            4
    88        89,    SUCCESS        2            9            10.97        83.77            94.74            2
    19        20,    SUCCESS        2            4            8.4        86.58            94.98            2
    90        91,    SUCCESS        2            3            6.25        89.37            95.62            2
    112        113,    SUCCESS        2            19            8.61        87.22            95.83            2
    208        209,    SUCCESS        2            15            3.18        93.15            96.33            3
    113        114,    SUCCESS        2            13            6.12        90.32            96.44            2
    296        297,    SUCCESS        2            3            2.51        95.62            98.13            4
    3        4,    SUCCESS        2            1            55.95        42.77            98.72            1
    86        87,    SUCCESS        2            2            7.15        91.92            99.07            2
    204        205,    SUCCESS        2            4            4.77        95.62            100.39            3
    13        14,    SUCCESS        2            17            100.27        0.21            100.48            1
    10        11,    SUCCESS        2            8            34.92        67.26            102.18            1
    255        256,    SUCCESS        2            17            1.84        100.48            102.32            4
    22        23,    SUCCESS        2            2            6.07        99.07            105.14            2
    89        90,    SUCCESS        2            9            11.07        94.74            105.81            2
    4        5,    SUCCESS        2            11            106.09        0.21            106.3            1
    318        319,    SUCCESS        2            3            5.94        100.39            106.33            4
    34        35,    SUCCESS        2            8            4.96        102.18            107.14            2
    205        206,    SUCCESS        2            2            2.11        105.14            107.25            3
    41        42,    SUCCESS        2            7            8.95        98.72            107.66            2
    136        137,    SUCCESS        2            16            3.48        105.14            108.62            3
    320        321,    SUCCESS        2            2            1.85        107.25            109.1            4
    351        352,    SUCCESS        2            8            2.07        107.14            109.21            4
    203        204,    SUCCESS        2            13            4.35        105.81            110.16            3
    155        156,    SUCCESS        2            4            3.74        107.66            111.41            3
    304        305,    SUCCESS        2            8            2.34        109.21            111.55            4
    80        81,    SUCCESS        2            7            4.26        107.66            111.92            2
    38        39,    SUCCESS        2            6            13.66        98.72            112.37            2
    259        260,    SUCCESS        2            8            1.8        111.55            113.35            4
    20        21,    SUCCESS        2            9            7.83        105.81            113.64            2
    250        251,    SUCCESS        2            14            5.29        108.62            113.91            4
    258        259,    SUCCESS        2            9            1.73        113.64            115.37            4
    14        15,    SUCCESS        2            0            31.69        83.77            115.46            1
    194        195,    SUCCESS        2            13            3.54        111.92            115.46            3
    100        101,    SUCCESS        2            2            10.61        109.1            119.71            2
    21        22,    SUCCESS        2            8            6.84        113.35            120.19            2
    40        41,    SUCCESS        2            6            9.06        112.37            121.43            2
    79        80,    SUCCESS        2            9            6.72        115.37            122.09            2
    200        201,    SUCCESS        2            8            3.45        120.19            123.64            3
    107        108,    SUCCESS        2            2            5.47        119.71            125.18            2
    43        44,    SUCCESS        2            7            13.44        111.92            125.36            2
    135        136,    SUCCESS        2            2            2.4        125.18            127.58            3
    102        103,    SUCCESS        2            8            7.79        123.64            131.43            2
    42        43,    SUCCESS        2            6            12.04        121.43            133.47            2
    48        49,    SUCCESS        2            7            10.96        125.36            136.32            2
    314        315,    SUCCESS        2            6            5.52        133.47            138.99            4
    221        222,    SUCCESS        2            6            2        138.99            140.99            3
    16        17,    SUCCESS        2            0            28.2        115.46            143.66            1
    25        26,    SUCCESS        2            0            6.04        143.66            149.7            2
    119        120,    SUCCESS        2            3            6.48        143.66            150.15            2
    116        117,    SUCCESS        2            7            6.59        143.66            150.25            2
    117        118,    SUCCESS        2            6            7.1        143.66            150.76            2
    233        234,    SUCCESS        2            16            2.05        150.15            152.2            3
    5        6,    SUCCESS        2            11            48.4        106.3            154.7            1
    32        33,    SUCCESS        2            0            5.74        149.7            155.44            2
    6        7,    SUCCESS        2            1            57.47        98.72            156.19            1
    146        147,    SUCCESS        2            3            2.37        155.44            157.81            3
    302        303,    SUCCESS        2            0            3.11        155.44            158.55            4
    28        29,    SUCCESS        2            11            4.59        154.7            159.29            2
    240        241,    SUCCESS        2            0            1.19        158.55            159.74            3
    29        30,    SUCCESS        2            11            2.61        159.29            161.9            2
    147        148,    SUCCESS        2            11            0.87        161.9            162.77            3
    354        355,    SUCCESS        2            4            4.85        159.74            164.6            4
    50        51,    SUCCESS        2            7            9.91        154.7            164.61            2
    52        53,    SUCCESS        2            16            10.25        154.7            164.95            2
    261        262,    SUCCESS        2            4            1.09        164.6            165.69            4
    142        143,    SUCCESS        2            16            0.99        164.95            165.94            3
    49        50,    SUCCESS        2            13            13.11        154.7            167.81            2
    166        167,    SUCCESS        2            4            2.63        165.69            168.32            3
    95        96,    SUCCESS        2            11            5.73        162.77            168.5            2
    55        56,    SUCCESS        2            3            11.04        157.81            168.85            2
    238        239,    SUCCESS        2            11            1.37        168.5            169.87            3
    209        210,    SUCCESS        2            4            3.21        168.5            171.71            3
    51        52,    SUCCESS        2            2            17.72        154.7            172.41            2
    225        226,    SUCCESS        2            11            3.06        169.87            172.93            3
    339        340,    SUCCESS        2            16            7.19        172.93            180.12            4
    56        57,    SUCCESS        2            2            8.26        172.41            180.67            2
    57        58,    SUCCESS        2            2            10.98        180.67            191.65            2
    7        8,    SUCCESS        2            1            83.41        156.19            239.6            1
    140        141,    SUCCESS        2            1            1.49        239.6            241.09            3
    254        255,    SUCCESS        2            16            2.91        241.09            244            4
    65        66,    SUCCESS        2            3            11.04        239.6            250.63            2
    67        68,    SUCCESS        2            1            12.36        241.09            253.45            2
    181        182,    SUCCESS        2            3            3.11        253.45            256.56            3
    127        128,    SUCCESS        2            1            5.81        253.45            259.26            2
    129        130,    SUCCESS        2            1            9.36        259.26            268.62            2
    85        86,    SUCCESS        2            1            9.67        268.62            278.29            2
    24        25,    SUCCESS        2            1            10.5        278.29            288.79            2
    228        229,    SUCCESS        2            1            2.15        288.79            290.94            3
    202        203,    SUCCESS        2            1            3.18        290.94            294.12            3
    226        227,    SUCCESS        2            1            2.67        294.12            296.79            3
    81        82,    SUCCESS        2            1            4.52        296.79            301.31            2
    377        378,    SUCCESS        2            0            8852.13        159.74            9011.88            5
    93        94,    SUCCESS        2            0            4.61        9011.88            9016.49            2
    96        97,    SUCCESS        2            0            5.05        9016.49            9021.53            2
    245        246,    SUCCESS        2            0            1.9        9021.53            9023.43            3
    349        350,    SUCCESS        2            0            2        9023.43            9025.43            4
    23        24,    SUCCESS        2            0            4.95        9025.43            9030.39            2
    227        228,    SUCCESS        2            0            2.08        9030.39            9032.47            3
    84        85,    SUCCESS        2            0            5.59        9032.47            9038.06            2
    269        270,    SUCCESS        2            0            2.97        9038.06            9041.02            4
    134        135,    SUCCESS        2            0            1.75        9041.02            9042.77            3
    231        232,    SUCCESS        2            0            1.66        9042.77            9044.43            3
    59        60,    SUCCESS        2            0            8.13        9044.43            9052.56            2
    280        281,    SUCCESS        2            0            3.81        9052.56            9056.37            4
    171        172,    SUCCESS        2            0            5.09        9056.37            9061.46            3
    64        65,    SUCCESS        2            0            5.84        9061.46            9067.3            2
    137        138,    SUCCESS        2            0            1.8        9067.3            9069.1            3
    178        179,    SUCCESS        2            0            2.29        9069.1            9071.39            3
    292        293,    SUCCESS        2            7            6.28        9071.39            9077.67            4
    410        411,    SUCCESS        2            19            9290.42        98.13            9388.56            5
    44        45,    SUCCESS        2            19            12        9388.56            9400.56            2
    47        48,    SUCCESS        2            19            9.15        9400.56            9409.71            2
    161        162,    SUCCESS        2            7            4.27        9409.71            9413.98            3
    369        370,    SUCCESS        2            1            9212.39        301.31            9513.7            5
    378        379,    SUCCESS        2            18            9639.16        93.15            9732.31            5
    358        359,    SUCCESS        2            18            2.27        9732.31            9734.58            4
    46        47,    SUCCESS        2            18            9.25        9734.58            9743.83            2
    148        149,    SUCCESS        2            18            1.07        9743.83            9744.9            3
    157        158,    SUCCESS        2            18            2.88        9744.9            9747.78            3
    115        116,    SUCCESS        2            18            3.28        9747.78            9751.06            2
    248        249,    SUCCESS        2            18            2.04        9751.06            9753.1            4
    160        161,    SUCCESS        2            18            3.56        9753.1            9756.66            3
    274        275,    SUCCESS        2            2            6.78        9756.66            9763.44            4
    368        369,    SUCCESS        2            16            10588.35        244            10832.35            5
    372        373,    SUCCESS        2            8            11516.81        131.43            11648.24            5
    103        104,    SUCCESS        2            8            7.7        11648.24            11655.94            2
    260        261,    SUCCESS        2            8            1.63        11655.94            11657.57            4
    169        170,    SUCCESS        2            8            3.1        11657.57            11660.67            3
    170        171,    SUCCESS        2            8            2.13        11660.67            11662.8            3
    61        62,    SUCCESS        2            8            5.29        11662.8            11668.09            2
    295        296,    SUCCESS        2            8            3.36        11668.09            11671.45            4
    284        285,    SUCCESS        2            3            9.16        11662.8            11671.95            4
    251        252,    SUCCESS        2            8            3.02        11671.45            11674.47            4
    467        468,    SUCCESS        2            12            11940.78        74.08            12014.85            5
    464        465,    SUCCESS        2            17            12372.44        102.32            12474.76            5
    77        78,    SUCCESS        2            17            5.78        12474.76            12480.54            2
    128        129,    SUCCESS        2            17            11.81        12480.54            12492.35            2
    109        110,    SUCCESS        2            17            8.22        12492.35            12500.57            2
    87        88,    SUCCESS        2            17            7.42        12500.57            12507.99            2
    301        302,    SUCCESS        2            17            3.22        12507.99            12511.21            4
    224        225,    SUCCESS        2            17            2.83        12511.21            12514.04            3
    99        100,    SUCCESS        2            17            10.92        12514.04            12524.96            2
    101        102,    SUCCESS        2            17            6.37        12524.96            12531.33            2
    347        348,    SUCCESS        2            17            1.22        12531.33            12532.55            4
    215        216,    SUCCESS        2            2            4.4        12531.33            12535.73            3
    342        343,    SUCCESS        2            17            4.15        12532.55            12536.7            4
    316        317,    SUCCESS        2            17            9.36        12536.7            12546.06            4
    465        466,    SUCCESS        2            9            13525.3        122.09            13647.39            5
    317        318,    SUCCESS        2            9            7.93        13647.39            13655.32            4
    416        417,    SUCCESS        2            13            13559.55        167.81            13727.36            5
    241        242,    SUCCESS        2            13            2        13727.36            13729.36            3
    285        286,    SUCCESS        2            13            3.77        13729.36            13733.13            4
    271        272,    SUCCESS        2            13            3.75        13733.13            13736.88            4
    217        218,    SUCCESS        2            13            1.79        13736.88            13738.67            3
    413        414,    SUCCESS        2            10            13774.06        88.55            13862.61            5
    297        298,    SUCCESS        2            10            4.39        13862.61            13867            4
    186        187,    SUCCESS        2            10            1.55        13867            13868.55            3
    300        301,    SUCCESS        2            3            4.25        13868.55            13872.8            4
    97        98,    SUCCESS        2            10            17.13        13868.55            13885.68            2
    82        83,    SUCCESS        2            10            6.05        13885.68            13891.73            2
    193        194,    SUCCESS        2            10            1.15        13891.73            13892.88            3
    118        119,    SUCCESS        2            10            6.54        13892.88            13899.42            2
    163        164,    SUCCESS        2            10            2.55        13899.42            13901.97            3
    323        324,    SUCCESS        2            10            3.84        13901.97            13905.81            4
    375        376,    SUCCESS        2            6            14664.43        165.69            14830.12            5
    417        418,    SUCCESS        2            5            15075.18        74.08            15149.25            5
    108        109,    SUCCESS        2            5            9.09        15149.25            15158.34            2
    214        215,    SUCCESS        2            5            2.55        15158.34            15160.89            3
    249        250,    SUCCESS        2            5            2.26        15160.89            15163.15            4
    373        374,    SUCCESS        2            14            15859.5        113.91            15973.41            5
    308        309,    SUCCESS        2            14            2.67        15973.41            15976.08            4
    63        64,    SUCCESS        2            14            8.15        15976.08            15984.23            2
    243        244,    SUCCESS        2            14            1.72        15984.23            15985.95            3
    229        230,    SUCCESS        2            14            1.29        15985.95            15987.24            3
    474        475,    SUCCESS        2            15            17652.7        96.33            17749.03            5
    39        40,    SUCCESS        2            15            5.4        17749.03            17754.43            2
    335        336,    SUCCESS        2            15            4.07        17754.43            17758.5            4
    139        140,    SUCCESS        2            15            0.91        17758.5            17759.41            3
    54        55,    SUCCESS        2            15            5.95        17759.41            17765.36            2
    62        63,    SUCCESS        2            15            8.74        17765.36            17774.1            2
    341        342,    SUCCESS        2            15            4.3        17774.1            17778.4            4
    345        346,    SUCCESS        2            15            3.16        17778.4            17781.56            4
    434        435,    SUCCESS        2            19            9562.85        9409.71            18972.56            5
    152        153,    SUCCESS        2            19            1.9        18972.56            18974.46            3
    156        157,    SUCCESS        2            19            1.46        18974.46            18975.92            3
    120        121,    SUCCESS        2            19            3.96        18975.92            18979.88            2
    165        166,    SUCCESS        2            19            1.6        18979.88            18981.48            3
    359        360,    SUCCESS        2            19            5.62        18981.48            18987.1            4
    279        280,    SUCCESS        2            3            6.94        18981.48            18988.42            4
    307        308,    SUCCESS        2            19            2        18987.1            18989.1            4
    357        358,    SUCCESS        2            19            4.13        18989.1            18993.23            4
    270        271,    SUCCESS        2            19            2.54        18993.23            18995.77            4
    418        419,    SUCCESS        2            11            20903.19        172.93            21076.12            5
    60        61,    SUCCESS        2            11            11.36        21076.12            21087.48            2
    409        410,    SUCCESS        2            18            10192.73        11671.45            21864.18            5
    463        464,    SUCCESS        2            16            11394.25        10832.35            22226.6            5
    472        473,    SUCCESS        2            4            12814.54        9734.58            22549.12            5
    364        365,    SUCCESS        2            9            10777.62        13655.32            24432.94            5
    106        107,    SUCCESS        2            9            4.74        24432.94            24437.68            2
    162        163,    SUCCESS        2            9            1.89        24437.68            24439.57            3
    256        257,    SUCCESS        2            9            2.09        24439.57            24441.66            4
    179        180,    SUCCESS        2            9            1.5        24441.66            24443.16            3
    138        139,    SUCCESS        2            9            1.31        24443.16            24444.47            3
    195        196,    SUCCESS        2            9            1.67        24444.47            24446.14            3
    158        159,    SUCCESS        2            9            1.6        24446.14            24447.74            3
    309        310,    SUCCESS        2            7            3.51        24446.14            24449.65            4
    201        202,    SUCCESS        2            9            2.23        24447.74            24449.97            3
    277        278,    SUCCESS        2            9            2.12        24449.97            24452.09            4
    428        429,    SUCCESS        2            5            10403.99        15163.15            25567.14            5
    461        462,    SUCCESS        2            0            13805.16        12532.55            26337.71            5
    420        421,    SUCCESS        2            12            14386.75        12014.85            26401.6            5
    184        185,    SUCCESS        2            12            1.25        26401.6            26402.85            3
    133        134,    SUCCESS        2            12            2.17        26402.85            26405.02            3
    322        323,    SUCCESS        2            12            2.99        26405.02            26408.01            4
    37        38,    SUCCESS        2            12            13.12        26408.01            26421.13            2
    98        99,    SUCCESS        2            12            7.25        26421.13            26428.38            2
    83        84,    SUCCESS        2            12            6.74        26428.38            26435.12            2
    197        198,    SUCCESS        2            9            2.83        26435.12            26437.96            3
    311        312,    SUCCESS        2            19            4.43        26437.96            26442.39            4
    45        46,    SUCCESS        2            12            8.85        26435.12            26443.97            2
    319        320,    SUCCESS        2            12            3.47        26443.97            26447.44            4
    159        160,    SUCCESS        2            18            3.98        26443.97            26447.95            3
    104        105,    SUCCESS        2            12            9.46        26447.44            26456.9            2
    105        106,    SUCCESS        2            12            7.33        26456.9            26464.23            2
    216        217,    SUCCESS        2            12            2.25        26464.23            26466.48            3
    143        144,    SUCCESS        2            12            1.17        26466.48            26467.65            3
    219        220,    SUCCESS        2            19            3.87        26464.23            26468.1            3
    199        200,    SUCCESS        2            12            3.42        26467.65            26471.07            3
    210        211,    SUCCESS        2            12            1.73        26471.07            26472.8            3
    173        174,    SUCCESS        2            12            2.75        26472.8            26475.55            3
    453        454,    SUCCESS        2            10            14556.42        13905.81            28462.23            5
    66        67,    SUCCESS        2            10            7.14        28462.23            28469.37            2
    340        341,    SUCCESS        2            10            3.19        28469.37            28472.56            4
    232        233,    SUCCESS        2            10            0.97        28472.56            28473.53            3
    383        384,    SUCCESS        2            17            15972.68        12546.06            28518.74            5
    262        263,    SUCCESS        2            17            1.62        28518.74            28520.36            4
    283        284,    SUCCESS        2            17            3.69        28520.36            28524.05            4
    175        176,    SUCCESS        2            17            2.41        28524.05            28526.46            3
    191        192,    SUCCESS        2            17            1.16        28526.46            28527.62            3
    242        243,    SUCCESS        2            17            2.37        28527.62            28529.99            3
    305        306,    SUCCESS        2            18            3.33        28527.62            28530.95            4
    356        357,    SUCCESS        2            13            3.07        28529.99            28533.06            4
    338        339,    SUCCESS        2            17            3.37        28529.99            28533.36            4
    421        422,    SUCCESS        2            3            10258.92        18989.1            29248.02            5
    247        248,    SUCCESS        2            3            3.1        29248.02            29251.12            4
    180        181,    SUCCESS        2            3            1.96        29251.12            29253.08            3
    456        457,    SUCCESS        2            8            16882.02        12536.7            29418.72            5
    430        431,    SUCCESS        2            14            14920.56        15987.24            30907.8            5
    394        395,    SUCCESS        2            15            13126.87        17781.56            30908.43            5
    331        332,    SUCCESS        2            15            3.37        30908.43            30911.8            4
    355        356,    SUCCESS        2            14            4.11        30907.8            30911.91            4
    411        412,    SUCCESS        2            2            18201.35        13867            32068.35            5
    177        178,    SUCCESS        2            2            3.34        32068.35            32071.69            3
    399        400,    SUCCESS        2            4            10538.37        22549.12            33087.49            5
    220        221,    SUCCESS        2            4            1.63        33087.49            33089.12            3
    252        253,    SUCCESS        2            4            2.56        33089.12            33091.68            4
    374        375,    SUCCESS        2            6            18265.7        14830.12            33095.82            5
    213        214,    SUCCESS        2            6            3.04        33095.82            33098.86            3
    222        223,    SUCCESS        2            6            1.75        33098.86            33100.61            3
    431        432,    SUCCESS        2            11            12238.8        21087.48            33326.28            5
    432        433,    SUCCESS        2            1            24473.07        9513.7            33986.77            5
    154        155,    SUCCESS        2            1            1.8        33986.77            33988.57            3
    230        231,    SUCCESS        2            1            0.93        33988.57            33989.5            3
    344        345,    SUCCESS        2            3            3.05        33989.5            33992.55            4
    268        269,    SUCCESS        2            4            5.74        33988.57            33994.31            4
    53        54,    SUCCESS        2            1            8.08        33989.5            33997.58            2
    58        59,    SUCCESS        2            1            9.88        33997.58            34007.46            2
    207        208,    SUCCESS        2            1            2.58        34007.46            34010.04            3
    198        199,    SUCCESS        2            1            1.72        34010.04            34011.76            3
    362        363,    SUCCESS        2            16            13166.57        22226.6            35393.17            5
    329        330,    SUCCESS        2            16            3.92        35393.17            35397.09            4
    385        386,    SUCCESS        2            0            10524.01        26337.71            36861.72            5
    328        329,    SUCCESS        2            0            4.14        36861.72            36865.86            4
    253        254,    SUCCESS        2            0            1.37        36865.86            36867.23            4
    212        213,    SUCCESS        2            0            2.7        36867.23            36869.93            3
    326        327,    SUCCESS        2            14            3.98        36869.93            36873.9            4
    436        437,    SUCCESS        2            7            11342.81        26408.01            37750.83            5
    455        456,    SUCCESS        2            10            12685.11        28473.53            41158.64            5
    468        469,    SUCCESS        2            5            15614.24        25567.14            41181.38            5
    164        165,    SUCCESS        2            5            1.74        41181.38            41183.12            3
    352        353,    SUCCESS        2            5            3        41183.12            41186.12            4
    452        453,    SUCCESS        2            19            13610.29        28533.36            42143.64            5
    334        335,    SUCCESS        2            19            3.04        42143.64            42146.68            4
    422        423,    SUCCESS        2            6            9863.96        33100.61            42964.57            5
    343        344,    SUCCESS        2            6            2.16        42964.57            42966.73            4
    276        277,    SUCCESS        2            6            3.47        42966.73            42970.2            4
    370        371,    SUCCESS        2            17            14759.56        28533.36            43292.92            5
    293        294,    SUCCESS        2            17            3.75        43292.92            43296.67            4
    294        295,    SUCCESS        2            17            5.95        43296.67            43302.62            4
    398        399,    SUCCESS        2            12            16887.32        26475.55            43362.87            5
    211        212,    SUCCESS        2            12            3.45        43362.87            43366.32            3
    153        154,    SUCCESS        2            12            2.96        43366.32            43369.28            3
    176        177,    SUCCESS        2            12            2.04        43369.28            43371.32            3
    257        258,    SUCCESS        2            12            1.9        43371.32            43373.22            4
    313        314,    SUCCESS        2            12            3.98        43373.22            43377.2            4
    346        347,    SUCCESS        2            12            2.09        43377.2            43379.29            4
    365        366,    SUCCESS        2            1            11402.71        34011.76            45414.47            5
    363        364,    SUCCESS        2            8            16865.41        29418.72            46284.13            5
    324        325,    SUCCESS        2            8            5.29        46284.13            46289.42            4
    287        288,    SUCCESS        2            8            4.91        46289.42            46294.33            4
    469        470,    SUCCESS        2            0            11878.35        36869.93            48748.28            5
    327        328,    SUCCESS        2            0            4        48748.28            48752.28            4
    267        268,    SUCCESS        2            0            2.25        48752.28            48754.53            4
    414        415,    SUCCESS        2            16            14130.13        35397.09            49527.22            5
    196        197,    SUCCESS        2            16            1.33        49527.22            49528.55            3
    449        450,    SUCCESS        2            11            16627.33        33326.28            49953.61            5
    443        444,    SUCCESS        2            13            15001.45        35397.09            50398.54            5
    393        394,    SUCCESS        2            15            20195.9        30911.8            51107.7            5
    315        316,    SUCCESS        2            15            2.88        51107.7            51110.58            4
    376        377,    SUCCESS        2            12            10455.3        43379.29            53834.59            5
    406        407,    SUCCESS        2            5            12952.24        41186.12            54138.36            5
    275        276,    SUCCESS        2            5            4.36        54138.36            54142.72            4
    423        424,    SUCCESS        2            6            11397.37        42970.2            54367.57            5
    457        458,    SUCCESS        2            14            11409.46        42966.73            54376.19            5
    384        385,    SUCCESS        2            10            13577.77        41158.64            54736.41            5
    473        474,    SUCCESS        2            2            23074.09        32071.69            55145.78            5
    390        391,    SUCCESS        2            4            12533.9        42970.2            55504.1            5
    459        460,    SUCCESS        2            1            14267.56        45414.47            59682.03            5
    266        267,    SUCCESS        2            1            2.69        59682.03            59684.72            4
    273        274,    SUCCESS        2            1            7.06        59684.72            59691.78            4
    218        219,    SUCCESS        2            1            3.49        59691.78            59695.27            3
    332        333,    SUCCESS        2            17            4.68        59695.27            59699.94            4
    401        402,    SUCCESS        2            3            14543.24        46294.33            60837.57            5
    408        409,    SUCCESS        2            18            19101.39        43302.62            62404            5
    437        438,    SUCCESS        2            16            13024.24        49528.55            62552.79            5
    168        169,    SUCCESS        2            16            2.32        62552.79            62555.11            3
    174        175,    SUCCESS        2            16            3.64        62555.11            62558.75            3
    282        283,    SUCCESS        2            3            5.1        62555.11            62560.21            4
    333        334,    SUCCESS        2            16            2.95        62558.75            62561.7            4
    288        289,    SUCCESS        2            7            10.82        62558.75            62569.56            4
    381        382,    SUCCESS        2            19            13881        48754.53            62635.53            5
    445        446,    SUCCESS        2            11            12822.08        49953.61            62775.69            5
    336        337,    SUCCESS        2            11            3.3        62775.69            62778.99            4
    325        326,    SUCCESS        2            11            5.21        62778.99            62784.2            4
    433        434,    SUCCESS        2            15            13424.72        51110.58            64535.3            5
    291        292,    SUCCESS        2            15            3.16        64535.3            64538.46            4
    388        389,    SUCCESS        2            5            11868.57        54142.72            66011.29            5
    223        224,    SUCCESS        2            5            1.91        66011.29            66013.2            3
    337        338,    SUCCESS        2            17            7.61        66013.2            66020.82            4
    471        472,    SUCCESS        2            2            10924.41        55145.78            66070.19            5
    272        273,    SUCCESS        2            2            2.92        66070.19            66073.11            4
    438        439,    SUCCESS        2            14            13932.96        54376.19            68309.15            5
    382        383,    SUCCESS        2            6            14541.12        54367.57            68908.69            5
    167        168,    SUCCESS        2            6            2.24        68908.69            68910.93            3
    312        313,    SUCCESS        2            6            2.59        68910.93            68913.52            4
    281        282,    SUCCESS        2            14            3.77        68910.93            68914.7            4
    391        392,    SUCCESS        2            10            15862.84        54736.41            70599.25            5
    298        299,    SUCCESS        2            10            3.46        70599.25            70602.71            4
    151        152,    SUCCESS        2            10            1.8        70602.71            70604.51            3
    387        388,    SUCCESS        2            11            8563.29        62784.2            71347.49            5
    460        461,    SUCCESS        2            18            9325.01        62404            71729.01            5
    450        451,    SUCCESS        2            19            9661.03        62778.99            72440.02            5
    441        442,    SUCCESS        2            12            20164.08        53834.59            73998.67            5
    419        420,    SUCCESS        2            1            14462.47        59695.27            74157.74            5
    425        426,    SUCCESS        2            2            9125.33        66073.11            75198.44            5
    330        331,    SUCCESS        2            2            6.04        75198.44            75204.48            4
    439        440,    SUCCESS        2            13            13404.38        62784.2            76188.58            5
    451        452,    SUCCESS        2            0            10767.89        66020.82            76788.7            5
    380        381,    SUCCESS        2            9            18182.95        59684.72            77867.67            5
    371        372,    SUCCESS        2            6            10712.13        68913.52            79625.65            5
    477        478,    SUCCESS        2            6            6.86        79625.65            79632.51            6
    366        367,    SUCCESS        2            15            15119.81        64538.46            79658.27            5
    321        322,    SUCCESS        2            15            3.07        79658.27            79661.34            4
    397        398,    SUCCESS        2            16            17172.69        62561.7            79734.39            5
    310        311,    SUCCESS        2            16            2.25        79734.39            79736.64            4
    402        403,    SUCCESS        2            18            8519.84        71729.01            80248.85            5
    395        396,    SUCCESS        2            17            12199.08        68914.7            81113.78            5
    470        471,    SUCCESS        2            10            13104.38        70604.51            83708.89            5
    290        291,    SUCCESS        2            10            3.79        83708.89            83712.68            4
    396        397,    SUCCESS        2            11            13198.89        71347.49            84546.38            5
    493        494,    SUCCESS        2            11            15.85        84546.38            84562.23            6
    415        416,    SUCCESS        2            5            19579.48        66013.2            85592.68            5
    234        235,    SUCCESS        2            5            1.03        85592.68            85593.71            3
    348        349,    SUCCESS        2            14            2.36        85593.71            85596.07            4
    484        485,    SUCCESS        2            17            18.12        85592.68            85610.81            6
    412        413,    SUCCESS        2            18            9431.41        80248.85            89680.26            5
    446        447,    SUCCESS        2            15            10167.79        79661.34            89829.13            5
    447        448,    SUCCESS        2            16            10092.61        79736.64            89829.24            5
    458        459,    SUCCESS        2            2            19075.73        75204.48            94280.21            5
    172        173,    SUCCESS        2            2            3.29        94280.21            94283.5            3
    442        443,    SUCCESS        2            1            20491.79        74157.74            94649.53            5
    404        405,    SUCCESS        2            8            13511.3        83712.68            97223.98            5
    454        455,    SUCCESS        2            5            13566.92        85593.71            99160.63            5
    289        290,    SUCCESS        2            5            6.5        99160.63            99167.13            4
    426        427,    SUCCESS        2            10            17636.12        83712.68            101348.8            5
    435        436,    SUCCESS        2            15            15042.41        89829.13            104871.54            5
    487        488,    SUCCESS        2            7            20.16        104871.54            104891.71            6
    444        445,    SUCCESS        2            18            15902.17        89680.26            105582.43            5
    440        441,    SUCCESS        2            1            13124.65        94649.53            107774.18            5
    278        279,    SUCCESS        2            1            7.24        107774.18            107781.42            4
    488        489,    SUCCESS        2            6            24.27        107774.18            107798.44            6
    405        406,    SUCCESS        2            2            14136.65        94283.5            108420.15            5
    286        287,    SUCCESS        2            2            5.98        108420.15            108426.13            4
    361        362,    SUCCESS        2            5            13108.29        99167.13            112275.42            5
    475        476,    SUCCESS        2            8            13.27        112275.42            112288.7            6
    403        404,    SUCCESS        2            0            13568.55        99167.13            112735.69            5
    462        463,    SUCCESS        2            18            11403.75        105582.43            116986.18            5
    491        492,    SUCCESS        2            10            10.36        116986.18            116996.54            6
    392        393,    SUCCESS        2            9            12072.7        107781.42            119854.11            5
    480        481,    SUCCESS        2            13            15.69        119854.11            119869.81            6
    466        467,    SUCCESS        2            1            12585.62        107781.42            120367.04            5
    492        493,    SUCCESS        2            19            14.82        120367.04            120381.85            6
    367        368,    SUCCESS        2            5            8256.26        112275.42            120531.68            5
    400        401,    SUCCESS        2            18            13790.4        116986.18            130776.58            5
    481        482,    SUCCESS        2            15            37.75        130776.58            130814.33            6
    429        430,    SUCCESS        2            1            20126.35        120367.04            140493.39            5
    448        449,    SUCCESS        2            5            20379.02        120531.68            140910.7            5
    407        408,    SUCCESS        2            5            9521.35        140910.7            150432.05            5
    482        483,    SUCCESS        2            15            29.43        150432.05            150461.49            6
    389        390,    SUCCESS        2            1            9973.02        140493.39            150466.41            5
    265        266,    SUCCESS        2            1            7.15        150466.41            150473.56            4
    379        380,    SUCCESS        2            6            10311.92        150473.56            160785.48            5
    478        479,    SUCCESS        2            8            18.62        160785.48            160804.1            6
    427        428,    SUCCESS        2            5            13686.23        150432.05            164118.28            5
    486        487,    SUCCESS        2            10            26.83        164118.28            164145.12            6
    424        425,    SUCCESS        2            1            19819.68        150473.56            170293.24            5
    485        486,    SUCCESS        2            4            13.23        170293.24            170306.46            6
    483        484,    SUCCESS        2            1            13.35        170293.24            170306.59            6
    476        477,    SUCCESS        2            1            9.89        170306.59            170316.48            6
    489        490,    SUCCESS        2            1            15.04        170316.48            170331.52            6
    386        387,    SUCCESS        2            5            14935.47        164118.28            179053.75            5
    490        491,    SUCCESS        2            5            20.12        179053.75            179073.87            6
    479        480,    SUCCESS        2            12            22.97        179053.75            179076.73            6
    494        495,    SUCCESS        2            2            290.35        179076.73            179367.08            7
    495        496,    SUCCESS        2            3            40.31        179367.08            179407.39            8
    496        497,    SUCCESS        2            19            6515.98        179407.39            185923.36            9
