========== OUTPUT ==========
Job ID    Task ID    STATUS    Data center ID    VM ID        Time    Start Time    Finish Time    Depth
    297        Stage-in    SUCCESS        2            13            0.11        0.1            0.21            0
    5        6,    SUCCESS        2            14            54.08        0.21            54.29            1
    62        63,    SUCCESS        2            4            5.69        54.29            59.98            2
    63        64,    SUCCESS        2            2            6.08        54.29            60.37            2
    60        61,    SUCCESS        2            16            6.09        54.29            60.39            2
    0        1,    SUCCESS        2            19            60.37        0.21            60.58            1
    66        67,    SUCCESS        2            1            7.04        54.29            61.33            2
    3        4,    SUCCESS        2            18            61.55        0.21            61.76            1
    59        60,    SUCCESS        2            7            7.51        54.29            61.8            2
    64        65,    SUCCESS        2            5            7.53        54.29            61.82            2
    65        66,    SUCCESS        2            10            7.95        54.29            62.24            2
    132        133,    SUCCESS        2            10            1.17        62.24            63.41            3
    130        131,    SUCCESS        2            8            3.08        60.39            63.47            3
    134        135,    SUCCESS        2            15            2.07        61.82            63.89            3
    58        59,    SUCCESS        2            18            2.96        61.76            64.72            2
    135        136,    SUCCESS        2            15            1.15        63.89            65.04            3
    8        9,    SUCCESS        2            1            4.17        61.33            65.5            2
    16        17,    SUCCESS        2            17            5.03        60.58            65.61            2
    200        201,    SUCCESS        2            5            2.42        63.47            65.89            4
    12        13,    SUCCESS        2            3            5.49        60.58            66.07            2
    13        14,    SUCCESS        2            2            5.6        60.58            66.18            2
    61        62,    SUCCESS        2            7            4.49        61.8            66.29            2
    204        205,    SUCCESS        2            11            2.9        63.89            66.8            4
    38        39,    SUCCESS        2            6            5.36        61.76            67.12            2
    129        130,    SUCCESS        2            7            1.19        66.29            67.48            3
    11        12,    SUCCESS        2            16            7.05        60.58            67.62            2
    78        79,    SUCCESS        2            9            2.17        65.5            67.67            3
    15        16,    SUCCESS        2            12            7.14        60.58            67.71            2
    9        10,    SUCCESS        2            4            7.57        60.58            68.14            2
    10        11,    SUCCESS        2            1            3.22        65.5            68.72            2
    108        109,    SUCCESS        2            10            1.88        67.12            69            3
    136        137,    SUCCESS        2            12            1.39        67.71            69.11            3
    42        43,    SUCCESS        2            17            3.61        65.61            69.22            2
    81        82,    SUCCESS        2            2            2.07        67.62            69.69            3
    44        45,    SUCCESS        2            8            6.66        63.47            70.13            2
    131        132,    SUCCESS        2            4            2.11        68.14            70.25            3
    178        179,    SUCCESS        2            15            2.02        69            71.02            4
    85        86,    SUCCESS        2            4            0.89        70.25            71.14            3
    37        38,    SUCCESS        2            16            3.87        67.62            71.49            2
    80        81,    SUCCESS        2            8            1.45        70.13            71.57            3
    206        207,    SUCCESS        2            13            2.47        69.11            71.57            4
    39        40,    SUCCESS        2            6            4.71        67.12            71.83            2
    202        203,    SUCCESS        2            17            2.72        69.22            71.94            4
    7        8,    SUCCESS        2            18            7.22        64.72            71.94            2
    114        115,    SUCCESS        2            2            2.01        70.13            72.13            3
    14        15,    SUCCESS        2            1            3.85        68.72            72.57            2
    40        41,    SUCCESS        2            3            6.68        66.07            72.75            2
    151        152,    SUCCESS        2            13            1.29        71.57            72.86            4
    107        108,    SUCCESS        2            17            1.39        71.94            73.33            3
    86        87,    SUCCESS        2            1            1.01        72.57            73.58            3
    150        151,    SUCCESS        2            7            2.07        71.57            73.65            4
    205        206,    SUCCESS        2            18            1.96        71.94            73.9            4
    84        85,    SUCCESS        2            13            1.43        72.86            74.29            3
    201        202,    SUCCESS        2            10            4.18        70.25            74.44            4
    83        84,    SUCCESS        2            1            1.03        73.58            74.61            3
    177        178,    SUCCESS        2            7            1.18        73.65            74.83            4
    156        157,    SUCCESS        2            5            1.89        73.58            75.46            4
    43        44,    SUCCESS        2            16            5.45        71.49            76.94            2
    46        47,    SUCCESS        2            3            4.59        72.75            77.34            2
    128        129,    SUCCESS        2            16            1.6        76.94            78.54            3
    113        114,    SUCCESS        2            2            2.11        76.94            79.06            3
    109        110,    SUCCESS        2            16            0.91        78.54            79.45            3
    116        117,    SUCCESS        2            2            1.29        79.06            80.35            3
    198        199,    SUCCESS        2            12            2.13        78.54            80.67            4
    183        184,    SUCCESS        2            7            2.86        79.06            81.91            4
    179        180,    SUCCESS        2            7            1.6        81.91            83.51            4
    1        2,    SUCCESS        2            19            42.35        60.58            102.93            1
    26        27,    SUCCESS        2            12            3.67        102.93            106.59            2
    20        21,    SUCCESS        2            11            3.96        102.93            106.89            2
    19        20,    SUCCESS        2            2            4.01        102.93            106.93            2
    18        19,    SUCCESS        2            1            4.3        102.93            107.23            2
    23        24,    SUCCESS        2            18            4.54        102.93            107.47            2
    90        91,    SUCCESS        2            18            0.81        107.47            108.28            3
    4        5,    SUCCESS        2            0            108.44        0.21            108.65            1
    93        94,    SUCCESS        2            15            1.43        107.47            108.9            3
    25        26,    SUCCESS        2            16            6.81        102.93            109.73            2
    160        161,    SUCCESS        2            15            1.26        108.9            110.16            4
    21        22,    SUCCESS        2            1            3.1        107.23            110.33            2
    133        134,    SUCCESS        2            0            1.79        108.65            110.44            3
    24        25,    SUCCESS        2            11            3.72        106.89            110.61            2
    95        96,    SUCCESS        2            12            1.67        109.73            111.41            3
    77        78,    SUCCESS        2            0            1.09        110.44            111.53            3
    163        164,    SUCCESS        2            15            1.94        110.16            112.1            4
    48        49,    SUCCESS        2            11            3.8        110.61            114.41            2
    50        51,    SUCCESS        2            18            6.45        108.65            115.09            2
    53        54,    SUCCESS        2            13            6.47        108.65            115.12            2
    49        50,    SUCCESS        2            17            7.16        108.65            115.81            2
    91        92,    SUCCESS        2            13            0.8        115.12            115.92            3
    51        52,    SUCCESS        2            1            6.25        110.33            116.58            2
    161        162,    SUCCESS        2            13            1.43        115.92            117.35            4
    147        148,    SUCCESS        2            1            1.3        116.58            117.88            4
    119        120,    SUCCESS        2            5            2.69        115.81            118.5            3
    121        122,    SUCCESS        2            5            1.06        118.5            119.56            3
    123        124,    SUCCESS        2            1            1.79        117.88            119.67            3
    52        53,    SUCCESS        2            11            5.4        114.41            119.81            2
    193        194,    SUCCESS        2            1            2.72        119.67            122.39            4
    122        123,    SUCCESS        2            15            2.7        119.81            122.51            3
    6        7,    SUCCESS        2            14            68.46        54.29            122.75            1
    57        58,    SUCCESS        2            14            4.12        122.75            126.87            2
    56        57,    SUCCESS        2            11            7.17        119.81            126.98            2
    2        3,    SUCCESS        2            19            24.97        102.93            127.9            1
    118        119,    SUCCESS        2            11            1.39        126.98            128.37            3
    68        69,    SUCCESS        2            12            6.84        122.75            129.59            2
    75        76,    SUCCESS        2            1            6.92        122.75            129.67            2
    41        42,    SUCCESS        2            14            3.84        126.87            130.71            2
    28        29,    SUCCESS        2            5            3.56        127.9            131.46            2
    34        35,    SUCCESS        2            7            3.95        127.9            131.85            2
    188        189,    SUCCESS        2            13            3.62        128.37            131.99            4
    32        33,    SUCCESS        2            12            2.75        129.59            132.34            2
    98        99,    SUCCESS        2            16            1.16        131.46            132.62            3
    199        200,    SUCCESS        2            14            2.02        130.71            132.73            4
    138        139,    SUCCESS        2            5            1.73        131.46            133.19            3
    45        46,    SUCCESS        2            19            5.47        127.9            133.37            2
    102        103,    SUCCESS        2            15            1.09        132.34            133.43            3
    82        83,    SUCCESS        2            19            1.11        133.37            134.48            3
    154        155,    SUCCESS        2            14            1.87        132.73            134.6            4
    115        116,    SUCCESS        2            12            2.1        133.37            135.47            3
    76        77,    SUCCESS        2            1            5.91        129.67            135.58            2
    27        28,    SUCCESS        2            1            2.41        135.58            137.99            2
    22        23,    SUCCESS        2            14            4.19        134.6            138.79            2
    70        71,    SUCCESS        2            14            3.53        138.79            142.32            2
    35        36,    SUCCESS        2            14            1.64        142.32            143.96            2
    140        141,    SUCCESS        2            16            2.8        142.32            145.12            3
    271        272,    SUCCESS        2            4            4524.63        74.44            4599.07            5
    186        187,    SUCCESS        2            4            2.41        4599.07            4601.48            4
    269        270,    SUCCESS        2            11            4627.93        132.73            4760.66            5
    276        277,    SUCCESS        2            3            5304.1        77.34            5381.44            5
    184        185,    SUCCESS        2            3            1.36        5381.44            5382.8            4
    110        111,    SUCCESS        2            3            0.83        5382.8            5383.63            3
    180        181,    SUCCESS        2            11            3.09        5383.63            5386.72            4
    226        227,    SUCCESS        2            6            5411.29        75.46            5486.76            5
    203        204,    SUCCESS        2            6            1.26        5486.76            5488.02            4
    67        68,    SUCCESS        2            6            3.28        5488.02            5491.3            2
    137        138,    SUCCESS        2            16            2.42        5491.3            5493.72            3
    71        72,    SUCCESS        2            6            3.87        5491.3            5495.17            2
    207        208,    SUCCESS        2            7            2.93        5493.72            5496.65            4
    30        31,    SUCCESS        2            6            3.57        5495.17            5498.74            2
    105        106,    SUCCESS        2            6            0.54        5498.74            5499.28            3
    272        273,    SUCCESS        2            10            5961.47        74.44            6035.91            5
    153        154,    SUCCESS        2            10            2.94        6035.91            6038.85            4
    96        97,    SUCCESS        2            10            0.76        6038.85            6039.61            3
    33        34,    SUCCESS        2            10            3.71        6039.61            6043.32            2
    185        186,    SUCCESS        2            10            2.43        6043.32            6045.75            4
    175        176,    SUCCESS        2            10            0.82        6045.75            6046.57            4
    274        275,    SUCCESS        2            19            6750.95        134.48            6885.43            5
    112        113,    SUCCESS        2            19            0.83        6885.43            6886.26            3
    182        183,    SUCCESS        2            12            2.01        6886.26            6888.27            4
    220        221,    SUCCESS        2            0            6873.47        111.53            6985            5
    54        55,    SUCCESS        2            0            4.18        6985            6989.18            2
    217        218,    SUCCESS        2            18            7087.57        117.88            7205.46            5
    189        190,    SUCCESS        2            18            3.5        7205.46            7208.96            4
    72        73,    SUCCESS        2            18            5.91        7208.96            7214.87            2
    142        143,    SUCCESS        2            11            3.27        7214.87            7218.14            3
    270        271,    SUCCESS        2            9            7978.03        67.67            8045.7            5
    148        149,    SUCCESS        2            9            1.52        8045.7            8047.22            4
    79        80,    SUCCESS        2            9            2.06        8047.22            8049.28            3
    55        56,    SUCCESS        2            9            5.04        8049.28            8054.32            2
    165        166,    SUCCESS        2            9            2.49        8054.32            8056.81            4
    69        70,    SUCCESS        2            9            5.26        8056.81            8062.07            2
    152        153,    SUCCESS        2            9            1.85        8062.07            8063.92            4
    263        264,    SUCCESS        2            17            8368.33        122.39            8490.72            5
    29        30,    SUCCESS        2            17            2.16        8490.72            8492.88            2
    99        100,    SUCCESS        2            11            1.43        8492.88            8494.31            3
    31        32,    SUCCESS        2            17            3.41        8492.88            8496.29            2
    248        249,    SUCCESS        2            8            9344.63        71.57            9416.2            5
    155        156,    SUCCESS        2            8            1.35        9416.2            9417.55            4
    268        269,    SUCCESS        2            4            6554.58        4601.48            11156.06            5
    230        231,    SUCCESS        2            2            11329.47        110.16            11439.63            5
    120        121,    SUCCESS        2            2            1.17        11439.63            11440.8            3
    210        211,    SUCCESS        2            2            2.04        11440.8            11442.84            4
    231        232,    SUCCESS        2            0            4668.22        6989.18            11657.4            5
    74        75,    SUCCESS        2            0            4.19        11657.4            11661.59            2
    36        37,    SUCCESS        2            0            1.76        11661.59            11663.35            2
    144        145,    SUCCESS        2            15            2.55        11661.59            11664.14            3
    106        107,    SUCCESS        2            5            1.78        11663.35            11665.14            3
    208        209,    SUCCESS        2            0            3.98        11663.35            11667.33            4
    214        215,    SUCCESS        2            5            2.33        11665.14            11667.47            4
    146        147,    SUCCESS        2            0            1.49        11667.33            11668.82            3
    275        276,    SUCCESS        2            3            6542.76        5383.63            11926.39            5
    89        90,    SUCCESS        2            3            0.82        11926.39            11927.21            3
    94        95,    SUCCESS        2            3            0.74        11927.21            11927.95            3
    111        112,    SUCCESS        2            3            1.03        11927.95            11928.98            3
    252        253,    SUCCESS        2            13            5345.2        6888.27            12233.47            5
    273        274,    SUCCESS        2            6            7321.4        5499.28            12820.68            5
    247        248,    SUCCESS        2            19            6074.68        6886.26            12960.94            5
    17        18,    SUCCESS        2            19            4.63        12960.94            12965.57            2
    127        128,    SUCCESS        2            19            0.84        12965.57            12966.41            3
    126        127,    SUCCESS        2            19            1.41        12966.41            12967.82            3
    145        146,    SUCCESS        2            19            1.55        12967.82            12969.37            3
    218        219,    SUCCESS        2            9            6872        8063.92            14935.92            5
    196        197,    SUCCESS        2            9            2.84        14935.92            14938.76            4
    221        222,    SUCCESS        2            8            5730.24        9417.55            15147.79            5
    245        246,    SUCCESS        2            2            4611.58        11442.84            16054.42            5
    124        125,    SUCCESS        2            2            1.73        16054.42            16056.15            3
    222        223,    SUCCESS        2            13            4171.59        12233.47            16405.06            5
    259        260,    SUCCESS        2            14            9387.49        7208.96            16596.45            5
    212        213,    SUCCESS        2            14            2.34        16596.45            16598.79            4
    223        224,    SUCCESS        2            7            10897.22        6038.85            16936.07            5
    176        177,    SUCCESS        2            7            1.48        16936.07            16937.55            4
    194        195,    SUCCESS        2            7            2.7        16937.55            16940.25            4
    277        278,    SUCCESS        2            0            5725.29        11668.82            17394.11            5
    216        217,    SUCCESS        2            0            1.81        17394.11            17395.92            4
    280        281,    SUCCESS        2            6            5687.12        12820.68            18507.8            5
    87        88,    SUCCESS        2            6            0.76        18507.8            18508.56            3
    254        255,    SUCCESS        2            3            6678.68        11928.98            18607.66            5
    101        102,    SUCCESS        2            3            0.97        18607.66            18608.63            3
    164        165,    SUCCESS        2            3            1.4        18608.63            18610.03            4
    171        172,    SUCCESS        2            15            1.9        18608.63            18610.53            4
    181        182,    SUCCESS        2            3            1.72        18610.03            18611.75            4
    256        257,    SUCCESS        2            19            6145.73        12969.37            19115.1            5
    166        167,    SUCCESS        2            19            1.9        19115.1            19117            4
    149        150,    SUCCESS        2            19            1.87        19117            19118.87            4
    125        126,    SUCCESS        2            19            2.15        19118.87            19121.02            3
    139        140,    SUCCESS        2            19            1.03        19121.02            19122.05            3
    197        198,    SUCCESS        2            19            1.86        19122.05            19123.91            4
    195        196,    SUCCESS        2            5            4.45        19121.02            19125.47            4
    249        250,    SUCCESS        2            4            8195.85        11156.06            19351.91            5
    47        48,    SUCCESS        2            4            9.11        19351.91            19361.02            2
    104        105,    SUCCESS        2            4            0.62        19361.02            19361.64            3
    168        169,    SUCCESS        2            4            0.89        19361.64            19362.53            4
    174        175,    SUCCESS        2            15            1.3        19361.64            19362.94            4
    172        173,    SUCCESS        2            4            1.47        19362.53            19364            4
    235        236,    SUCCESS        2            18            11421.09        8056.81            19477.9            5
    169        170,    SUCCESS        2            18            1.56        19477.9            19479.46            4
    215        216,    SUCCESS        2            18            1.27        19479.46            19480.73            4
    258        259,    SUCCESS        2            17            12036        8496.29            20532.29            5
    278        279,    SUCCESS        2            13            5443.62        16405.06            21848.68            5
    253        254,    SUCCESS        2            8            8124.3        15147.79            23272.1            5
    88        89,    SUCCESS        2            8            0.79        23272.1            23272.89            3
    282        283,    SUCCESS        2            6            4807.28        18508.56            23315.84            5
    267        268,    SUCCESS        2            14            4210.49        19123.91            23334.4            5
    292        293,    SUCCESS        2            13            18.85        23334.4            23353.24            6
    286        287,    SUCCESS        2            18            4448.21        19480.73            23928.94            5
    234        235,    SUCCESS        2            0            5410.01        18610.03            24020.04            5
    117        118,    SUCCESS        2            0            1.47        24020.04            24021.51            3
    266        267,    SUCCESS        2            16            9144.6        14938.76            24083.36            5
    250        251,    SUCCESS        2            4            4822.16        19364            24186.16            5
    224        225,    SUCCESS        2            17            4262.63        20532.29            24794.92            5
    141        142,    SUCCESS        2            17            1.31        24794.92            24796.23            3
    103        104,    SUCCESS        2            17            0.47        24796.23            24796.7            3
    244        245,    SUCCESS        2            3            5808.11        19362.94            25171.05            5
    285        286,    SUCCESS        2            10            5858.88        19480.73            25339.61            5
    236        237,    SUCCESS        2            19            6535.71        19123.91            25659.62            5
    265        266,    SUCCESS        2            1            7231.01        19125.47            26356.48            5
    238        239,    SUCCESS        2            12            8042.4        19362.53            27404.92            5
    242        243,    SUCCESS        2            11            8145.56        19364            27509.56            5
    211        212,    SUCCESS        2            11            1.58        27509.56            27511.14            4
    239        240,    SUCCESS        2            14            4336.14        23334.4            27670.54            5
    241        242,    SUCCESS        2            2            9872.66        18610.53            28483.19            5
    209        210,    SUCCESS        2            2            2        28483.19            28485.19            4
    173        174,    SUCCESS        2            2            0.95        28485.19            28486.14            4
    255        256,    SUCCESS        2            4            4941.22        24186.16            29127.38            5
    233        234,    SUCCESS        2            8            7772.25        23272.89            31045.13            5
    191        192,    SUCCESS        2            8            2.53        31045.13            31047.66            4
    192        193,    SUCCESS        2            8            3.08        31047.66            31050.74            4
    73        74,    SUCCESS        2            8            5.89        31050.74            31056.63            2
    97        98,    SUCCESS        2            8            0.9        31056.63            31057.53            3
    92        93,    SUCCESS        2            8            1.28        31057.53            31058.81            3
    143        144,    SUCCESS        2            1            2.39        31056.63            31059.02            3
    100        101,    SUCCESS        2            8            0.49        31058.81            31059.3            3
    190        191,    SUCCESS        2            8            1.52        31059.3            31060.82            4
    162        163,    SUCCESS        2            2            2.53        31058.81            31061.35            4
    170        171,    SUCCESS        2            13            3.01        31059.3            31062.31            4
    157        158,    SUCCESS        2            8            1.6        31060.82            31062.42            4
    225        226,    SUCCESS        2            17            6657.38        24796.7            31454.08            5
    159        160,    SUCCESS        2            17            1.3        31454.08            31455.38            4
    281        282,    SUCCESS        2            16            4861.53        27511.14            32372.67            5
    284        285,    SUCCESS        2            4            5647.94        29127.38            34775.32            5
    246        247,    SUCCESS        2            17            4145.59        31455.38            35600.97            5
    262        263,    SUCCESS        2            12            4599.36        31050.74            35650.11            5
    279        280,    SUCCESS        2            5            7182.51        28485.19            35667.71            5
    167        168,    SUCCESS        2            5            0.91        35667.71            35668.62            4
    240        241,    SUCCESS        2            13            5518.14        31062.31            36580.45            5
    232        233,    SUCCESS        2            19            7116.39        31061.35            38177.74            5
    264        265,    SUCCESS        2            4            5160.14        34775.32            39935.46            5
    213        214,    SUCCESS        2            4            1.51        39935.46            39936.97            4
    261        262,    SUCCESS        2            6            9398.51        31047.66            40446.17            5
    219        220,    SUCCESS        2            17            4990.2        35600.97            40591.17            5
    229        230,    SUCCESS        2            13            4586.79        36580.45            41167.24            5
    251        252,    SUCCESS        2            8            10567.73        31062.42            41630.15            5
    158        159,    SUCCESS        2            8            1.39        41630.15            41631.54            4
    187        188,    SUCCESS        2            8            2.76        41631.54            41634.3            4
    290        291,    SUCCESS        2            2            14.33        41630.15            41644.49            6
    237        238,    SUCCESS        2            15            6006.68        35668.62            41675.3            5
    227        228,    SUCCESS        2            12            7215.1        35650.11            42865.21            5
    283        284,    SUCCESS        2            4            6641.45        39936.97            46578.41            5
    293        294,    SUCCESS        2            9            22.6        46578.41            46601.01            6
    228        229,    SUCCESS        2            0            7183.81        41631.54            48815.35            5
    288        289,    SUCCESS        2            10            12.81        48815.35            48828.16            6
    257        258,    SUCCESS        2            14            7886.22        41634.3            49520.52            5
    243        244,    SUCCESS        2            17            10285.98        40591.17            50877.15            5
    289        290,    SUCCESS        2            11            9.62        50877.15            50886.77            6
    260        261,    SUCCESS        2            17            6450.93        50877.15            57328.08            5
    287        288,    SUCCESS        2            17            14.44        57328.08            57342.52            6
    291        292,    SUCCESS        2            8            22.64        57328.08            57350.71            6
    294        295,    SUCCESS        2            16            86.82        57350.71            57437.54            7
    295        296,    SUCCESS        2            15            13.75        57437.54            57451.29            8
    296        297,    SUCCESS        2            8            2411.61        57451.29            59862.9            9
