========== OUTPUT ==========
Job ID    Task ID    STATUS    Data center ID    VM ID        Time    Start Time    Finish Time    Depth
    200        Stage-in    SUCCESS        2            19            0.11        0.1            0.21            0
    2        3,    SUCCESS        2            9            13.3        0.21            13.51            1
    10        11,    SUCCESS        2            1            13.54        0.21            13.75            1
    0        1,    SUCCESS        2            6            13.61        0.21            13.82            1
    17        18,    SUCCESS        2            3            13.63        0.21            13.84            1
    31        32,    SUCCESS        2            5            13.74        0.21            13.95            1
    9        10,    SUCCESS        2            12            13.76        0.21            13.97            1
    3        4,    SUCCESS        2            15            13.79        0.21            14            1
    7        8,    SUCCESS        2            14            13.85        0.21            14.06            1
    23        24,    SUCCESS        2            17            13.88        0.21            14.09            1
    24        25,    SUCCESS        2            4            13.94        0.21            14.15            1
    12        13,    SUCCESS        2            2            13.95        0.21            14.16            1
    8        9,    SUCCESS        2            11            13.95        0.21            14.16            1
    1        2,    SUCCESS        2            19            13.98        0.21            14.19            1
    30        31,    SUCCESS        2            16            14.01        0.21            14.22            1
    19        20,    SUCCESS        2            7            14.16        0.21            14.37            1
    18        19,    SUCCESS        2            8            14.16        0.21            14.37            1
    26        27,    SUCCESS        2            13            14.19        0.21            14.4            1
    6        7,    SUCCESS        2            10            14.21        0.21            14.42            1
    14        15,    SUCCESS        2            0            14.22        0.21            14.43            1
    33        34,    SUCCESS        2            16            10.47        14.22            24.69            2
    75        76,    SUCCESS        2            4            10.65        14.15            24.8            2
    102        103,    SUCCESS        2            11            10.64        14.16            24.8            2
    32        33,    SUCCESS        2            2            10.75        14.16            24.91            2
    67        68,    SUCCESS        2            10            10.49        14.42            24.91            2
    61        62,    SUCCESS        2            12            11.33        14.06            25.39            2
    42        43,    SUCCESS        2            17            11.71        14.09            25.8            2
    129        130,    SUCCESS        2            18            11.69        14.15            25.84            2
    111        112,    SUCCESS        2            5            11.55        14.4            25.95            2
    38        39,    SUCCESS        2            8            11.69        14.37            26.06            2
    25        26,    SUCCESS        2            6            13.39        13.82            27.21            1
    4        5,    SUCCESS        2            19            13.41        14.19            27.6            1
    16        17,    SUCCESS        2            14            13.67        14.06            27.73            1
    5        6,    SUCCESS        2            15            13.84        14            27.84            1
    28        29,    SUCCESS        2            3            14.11        13.84            27.95            1
    20        21,    SUCCESS        2            7            13.69        14.37            28.06            1
    27        28,    SUCCESS        2            13            13.66        14.4            28.06            1
    15        16,    SUCCESS        2            0            14.11        14.43            28.54            1
    107        108,    SUCCESS        2            16            10.61        24.69            35.3            2
    89        90,    SUCCESS        2            4            10.61        24.8            35.41            2
    70        71,    SUCCESS        2            2            10.61        24.91            35.52            2
    132        133,    SUCCESS        2            10            10.61        24.91            35.52            2
    124        125,    SUCCESS        2            11            10.72        24.8            35.52            2
    82        83,    SUCCESS        2            12            10.5        25.39            35.89            2
    66        67,    SUCCESS        2            17            10.42        25.8            36.22            2
    125        126,    SUCCESS        2            18            10.5        25.84            36.34            2
    63        64,    SUCCESS        2            8            10.64        26.06            36.7            2
    134        135,    SUCCESS        2            14            10.59        27.73            38.32            2
    83        84,    SUCCESS        2            15            10.59        27.84            38.43            2
    160        161,    SUCCESS        2            7            10.51        28.06            38.57            2
    101        102,    SUCCESS        2            13            10.62        28.06            38.68            2
    59        60,    SUCCESS        2            1            11.65        27.21            38.86            2
    98        99,    SUCCESS        2            6            11.58        27.73            39.31            2
    41        42,    SUCCESS        2            5            11.59        27.73            39.32            2
    45        46,    SUCCESS        2            9            11.74        27.6            39.34            2
    11        12,    SUCCESS        2            19            13.66        27.6            41.26            1
    29        30,    SUCCESS        2            3            13.54        27.95            41.49            1
    21        22,    SUCCESS        2            0            13.2        28.54            41.74            1
    133        134,    SUCCESS        2            16            10.57        35.3            45.87            2
    90        91,    SUCCESS        2            4            10.69        35.41            46.1            2
    39        40,    SUCCESS        2            2            10.69        35.52            46.21            2
    154        155,    SUCCESS        2            10            10.69        35.52            46.21            2
    72        73,    SUCCESS        2            11            10.69        35.52            46.21            2
    135        136,    SUCCESS        2            12            10.48        35.89            46.37            2
    106        107,    SUCCESS        2            18            10.46        36.34            46.8            2
    54        55,    SUCCESS        2            17            10.69        36.22            46.91            2
    108        109,    SUCCESS        2            8            10.56        36.7            47.26            2
    84        85,    SUCCESS        2            14            10.54        38.32            48.86            2
    155        156,    SUCCESS        2            15            10.54        38.43            48.97            2
    47        48,    SUCCESS        2            1            10.39        38.86            49.25            2
    71        72,    SUCCESS        2            7            10.79        38.57            49.36            2
    62        63,    SUCCESS        2            13            10.68        38.68            49.36            2
    95        96,    SUCCESS        2            5            10.57        39.32            49.89            2
    40        41,    SUCCESS        2            9            10.66        39.34            50            2
    69        70,    SUCCESS        2            6            10.8        39.31            50.11            2
    55        56,    SUCCESS        2            3            10.64        41.49            52.13            2
    13        14,    SUCCESS        2            19            13.58        41.26            54.84            1
    22        23,    SUCCESS        2            0            13.41        41.74            55.15            1
    53        54,    SUCCESS        2            16            10.48        45.87            56.35            2
    34        35,    SUCCESS        2            11            10.41        46.21            56.62            2
    56        57,    SUCCESS        2            2            10.52        46.21            56.73            2
    156        157,    SUCCESS        2            4            10.63        46.1            56.73            2
    158        159,    SUCCESS        2            10            10.65        46.21            56.86            2
    137        138,    SUCCESS        2            12            10.63        46.37            57            2
    94        95,    SUCCESS        2            18            10.6        46.8            57.4            2
    77        78,    SUCCESS        2            17            10.6        46.91            57.51            2
    110        111,    SUCCESS        2            8            10.57        47.26            57.83            2
    46        47,    SUCCESS        2            15            10.8        48.97            59.77            2
    120        121,    SUCCESS        2            1            10.63        49.25            59.88            2
    91        92,    SUCCESS        2            13            10.52        49.36            59.88            2
    81        82,    SUCCESS        2            7            10.63        49.36            59.99            2
    143        144,    SUCCESS        2            9            10.52        50            60.52            2
    44        45,    SUCCESS        2            6            10.69        50.11            60.8            2
    43        44,    SUCCESS        2            3            10.74        52.13            62.87            2
    131        132,    SUCCESS        2            19            10.59        54.84            65.43            2
    99        100,    SUCCESS        2            0            10.53        55.15            65.68            2
    85        86,    SUCCESS        2            14            11.66        54.84            66.5            2
    60        61,    SUCCESS        2            16            10.58        56.35            66.93            2
    58        59,    SUCCESS        2            2            10.54        56.73            67.27            2
    109        110,    SUCCESS        2            4            10.65        56.73            67.38            2
    80        81,    SUCCESS        2            11            10.76        56.62            67.38            2
    49        50,    SUCCESS        2            10            10.63        56.86            67.49            2
    159        160,    SUCCESS        2            12            10.49        57            67.49            2
    145        146,    SUCCESS        2            17            10.34        57.51            67.85            2
    117        118,    SUCCESS        2            8            10.45        57.83            68.28            2
    105        106,    SUCCESS        2            15            10.63        59.77            70.4            2
    127        128,    SUCCESS        2            1            10.63        59.88            70.51            2
    136        137,    SUCCESS        2            7            10.63        59.99            70.62            2
    48        49,    SUCCESS        2            9            10.66        60.52            71.18            2
    118        119,    SUCCESS        2            6            10.61        60.8            71.41            2
    138        139,    SUCCESS        2            3            10.48        62.87            73.35            2
    130        131,    SUCCESS        2            19            10.48        65.43            75.91            2
    121        122,    SUCCESS        2            0            10.71        65.68            76.39            2
    100        101,    SUCCESS        2            16            10.72        66.93            77.65            2
    50        51,    SUCCESS        2            4            10.44        67.38            77.82            2
    112        113,    SUCCESS        2            2            10.66        67.27            77.93            2
    116        117,    SUCCESS        2            11            10.55        67.38            77.93            2
    51        52,    SUCCESS        2            10            10.55        67.49            78.04            2
    151        152,    SUCCESS        2            17            10.78        67.85            78.63            2
    141        142,    SUCCESS        2            8            10.56        68.28            78.84            2
    73        74,    SUCCESS        2            15            10.59        70.4            80.99            2
    104        105,    SUCCESS        2            7            10.67        70.62            81.29            2
    115        116,    SUCCESS        2            9            10.6        71.18            81.78            2
    92        93,    SUCCESS        2            3            10.77        73.35            84.12            2
    37        38,    SUCCESS        2            19            10.54        75.91            86.45            2
    142        143,    SUCCESS        2            16            10.49        77.65            88.14            2
    146        147,    SUCCESS        2            10            10.46        78.04            88.5            2
    157        158,    SUCCESS        2            2            10.68        77.93            88.61            2
    103        104,    SUCCESS        2            4            10.79        77.82            88.61            2
    36        37,    SUCCESS        2            11            10.68        77.93            88.61            2
    122        123,    SUCCESS        2            17            10.72        78.63            89.35            2
    79        80,    SUCCESS        2            8            10.62        78.84            89.46            2
    93        94,    SUCCESS        2            15            10.46        80.99            91.45            2
    97        98,    SUCCESS        2            7            10.64        81.29            91.93            2
    35        36,    SUCCESS        2            9            10.53        81.78            92.31            2
    161        162,    SUCCESS        2            3            10.59        84.12            94.71            2
    52        53,    SUCCESS        2            19            10.76        86.45            97.21            2
    96        97,    SUCCESS        2            16            10.6        88.14            98.74            2
    153        154,    SUCCESS        2            10            10.6        88.5            99.1            2
    113        114,    SUCCESS        2            4            10.6        88.61            99.21            2
    150        151,    SUCCESS        2            11            10.6        88.61            99.21            2
    76        77,    SUCCESS        2            2            10.71        88.61            99.32            2
    123        124,    SUCCESS        2            17            10.52        89.35            99.87            2
    74        75,    SUCCESS        2            8            10.61        89.46            100.07            2
    86        87,    SUCCESS        2            15            10.59        91.45            102.04            2
    68        69,    SUCCESS        2            7            10.46        91.93            102.39            2
    147        148,    SUCCESS        2            9            10.58        92.31            102.89            2
    149        150,    SUCCESS        2            3            10.67        94.71            105.38            2
    65        66,    SUCCESS        2            19            10.53        97.21            107.74            2
    152        153,    SUCCESS        2            16            10.6        98.74            109.34            2
    88        89,    SUCCESS        2            10            10.52        99.1            109.62            2
    78        79,    SUCCESS        2            2            10.62        99.32            109.94            2
    114        115,    SUCCESS        2            4            10.84        99.21            110.05            2
    119        120,    SUCCESS        2            11            10.84        99.21            110.05            2
    128        129,    SUCCESS        2            7            10.59        102.39            112.98            2
    57        58,    SUCCESS        2            19            10.62        107.74            118.36            2
    148        149,    SUCCESS        2            2            10.66        109.94            120.6            2
    126        127,    SUCCESS        2            4            10.66        110.05            120.71            2
    64        65,    SUCCESS        2            19            10.59        118.36            128.95            2
    140        141,    SUCCESS        2            4            10.55        120.71            131.26            2
    139        140,    SUCCESS        2            19            10.4        128.95            139.35            2
    87        88,    SUCCESS        2            4            10.4        131.26            141.66            2
    144        145,    SUCCESS        2            19            10.6        139.35            149.95            2
    162        163,    SUCCESS        2            12            10.41        149.95            160.36            3
    163        164,    SUCCESS        2            8            10.54        160.36            170.91            4
    187        188,    SUCCESS        2            5            10.85        170.91            181.76            5
    188        189,    SUCCESS        2            13            11.06        170.91            181.97            5
    172        173,    SUCCESS        2            1            11.11        170.91            182.01            5
    178        179,    SUCCESS        2            4            11.13        170.91            182.04            5
    168        169,    SUCCESS        2            11            11.13        170.91            182.04            5
    173        174,    SUCCESS        2            9            11.15        170.91            182.06            5
    190        191,    SUCCESS        2            10            11.22        170.91            182.12            5
    166        167,    SUCCESS        2            12            11.24        170.91            182.15            5
    175        176,    SUCCESS        2            16            11.24        170.91            182.15            5
    177        178,    SUCCESS        2            2            11.3        170.91            182.21            5
    164        165,    SUCCESS        2            14            11.32        170.91            182.23            5
    192        193,    SUCCESS        2            17            11.37        170.91            182.28            5
    185        186,    SUCCESS        2            19            11.37        170.91            182.28            5
    167        168,    SUCCESS        2            6            11.43        170.91            182.34            5
    165        166,    SUCCESS        2            8            11.54        170.91            182.45            5
    193        194,    SUCCESS        2            0            11.61        170.91            182.52            5
    171        172,    SUCCESS        2            11            10.39        182.04            192.43            5
    181        182,    SUCCESS        2            4            10.5        182.04            192.54            5
    184        185,    SUCCESS        2            9            10.69        182.06            192.75            5
    180        181,    SUCCESS        2            14            10.63        182.23            192.86            5
    182        183,    SUCCESS        2            16            10.71        182.15            192.86            5
    179        180,    SUCCESS        2            1            11.02        182.01            193.03            5
    169        170,    SUCCESS        2            6            10.8        182.34            193.14            5
    174        175,    SUCCESS        2            12            10.99        182.15            193.14            5
    183        184,    SUCCESS        2            2            11.04        182.21            193.25            5
    176        177,    SUCCESS        2            8            10.8        182.45            193.25            5
    189        190,    SUCCESS        2            16            10.84        192.86            203.7            5
    170        171,    SUCCESS        2            6            10.76        193.14            203.9            5
    191        192,    SUCCESS        2            2            10.76        193.25            204.01            5
    195        196,    SUCCESS        2            16            10.62        203.7            214.32            5
    186        187,    SUCCESS        2            6            10.84        203.9            214.74            5
    194        195,    SUCCESS        2            6            10.64        214.74            225.38            5
    196        197,    SUCCESS        2            1            28.08        225.38            253.46            6
    197        198,    SUCCESS        2            7            19.2        253.46            272.66            7
    198        199,    SUCCESS        2            12            28.52        272.66            301.17            8
    199        200,    SUCCESS        2            18            1.08        301.17            302.26            9