========== OUTPUT ==========
Job ID    Task ID    STATUS    Data center ID    VM ID        Time    Start Time    Finish Time    Depth
    700        Stage-in    SUCCESS        2            8            0.11        0.1            0.21            0
    23        24,    SUCCESS        2            2            13.4        0.21            13.61            1
    4        5,    SUCCESS        2            6            13.46        0.21            13.67            1
    29        30,    SUCCESS        2            5            13.51        0.21            13.72            1
    42        43,    SUCCESS        2            1            13.55        0.21            13.76            1
    3        4,    SUCCESS        2            7            13.66        0.21            13.87            1
    30        31,    SUCCESS        2            16            13.71        0.21            13.92            1
    11        12,    SUCCESS        2            14            13.79        0.21            14            1
    36        37,    SUCCESS        2            12            13.82        0.21            14.03            1
    75        76,    SUCCESS        2            8            13.84        0.21            14.05            1
    5        6,    SUCCESS        2            3            13.87        0.21            14.08            1
    8        9,    SUCCESS        2            18            13.9        0.21            14.11            1
    1        2,    SUCCESS        2            15            13.93        0.21            14.14            1
    6        7,    SUCCESS        2            17            13.96        0.21            14.17            1
    2        3,    SUCCESS        2            11            13.98        0.21            14.19            1
    0        1,    SUCCESS        2            13            14.07        0.21            14.28            1
    9        10,    SUCCESS        2            4            14.14        0.21            14.35            1
    18        19,    SUCCESS        2            9            14.17        0.21            14.38            1
    10        11,    SUCCESS        2            10            14.27        0.21            14.48            1
    7        8,    SUCCESS        2            19            14.31        0.21            14.52            1
    31        32,    SUCCESS        2            0            14.43        0.21            14.64            1
    45        46,    SUCCESS        2            16            13.37        13.92            27.29            1
    50        51,    SUCCESS        2            2            13.79        13.61            27.4            1
    26        27,    SUCCESS        2            14            13.4        14            27.4            1
    44        45,    SUCCESS        2            17            13.23        14.17            27.4            1
    51        52,    SUCCESS        2            1            13.75        13.76            27.51            1
    38        39,    SUCCESS        2            5            13.79        13.72            27.51            1
    16        17,    SUCCESS        2            6            13.84        13.67            27.51            1
    53        54,    SUCCESS        2            12            13.48        14.03            27.51            1
    12        13,    SUCCESS        2            15            13.37        14.14            27.51            1
    22        23,    SUCCESS        2            19            12.99        14.52            27.51            1
    80        81,    SUCCESS        2            8            13.57        14.05            27.62            1
    20        21,    SUCCESS        2            7            13.86        13.87            27.73            1
    43        44,    SUCCESS        2            13            13.45        14.28            27.73            1
    15        16,    SUCCESS        2            3            13.76        14.08            27.84            1
    19        20,    SUCCESS        2            4            13.49        14.35            27.84            1
    27        28,    SUCCESS        2            11            13.65        14.19            27.84            1
    37        38,    SUCCESS        2            9            13.6        14.38            27.98            1
    17        18,    SUCCESS        2            10            13.61        14.48            28.09            1
    13        14,    SUCCESS        2            18            13.98        14.11            28.09            1
    39        40,    SUCCESS        2            0            13.97        14.64            28.61            1
    307        308,    SUCCESS        2            1            10.59        27.51            38.1            2
    123        124,    SUCCESS        2            4            10.7        27.84            38.54            2
    54        55,    SUCCESS        2            16            13.14        27.29            40.43            1
    59        60,    SUCCESS        2            17            13.37        27.4            40.77            1
    71        72,    SUCCESS        2            14            13.48        27.4            40.88            1
    61        62,    SUCCESS        2            2            13.59        27.4            40.99            1
    62        63,    SUCCESS        2            19            13.48        27.51            40.99            1
    109        110,    SUCCESS        2            8            13.48        27.62            41.1            1
    46        47,    SUCCESS        2            5            13.7        27.51            41.21            1
    35        36,    SUCCESS        2            3            13.48        27.84            41.32            1
    21        22,    SUCCESS        2            7            13.59        27.73            41.32            1
    14        15,    SUCCESS        2            15            13.81        27.51            41.32            1
    76        77,    SUCCESS        2            12            13.92        27.51            41.43            1
    24        25,    SUCCESS        2            6            14.03        27.51            41.54            1
    40        41,    SUCCESS        2            11            13.7        27.84            41.54            1
    47        48,    SUCCESS        2            9            13.67        27.98            41.65            1
    63        64,    SUCCESS        2            13            13.92        27.73            41.65            1
    25        26,    SUCCESS        2            10            13.67        28.09            41.76            1
    28        29,    SUCCESS        2            18            13.82        28.09            41.91            1
    73        74,    SUCCESS        2            0            13.62        28.61            42.23            1
    191        192,    SUCCESS        2            1            10.55        38.1            48.65            2
    147        148,    SUCCESS        2            4            10.44        38.54            48.98            2
    82        83,    SUCCESS        2            14            13.25        40.88            54.13            1
    72        73,    SUCCESS        2            16            13.7        40.43            54.13            1
    115        116,    SUCCESS        2            8            13.21        41.1            54.31            1
    68        69,    SUCCESS        2            17            13.65        40.77            54.42            1
    67        68,    SUCCESS        2            19            13.43        40.99            54.42            1
    114        115,    SUCCESS        2            5            13.37        41.21            54.58            1
    41        42,    SUCCESS        2            6            13.15        41.54            54.69            1
    86        87,    SUCCESS        2            2            13.81        40.99            54.8            1
    66        67,    SUCCESS        2            3            13.48        41.32            54.8            1
    32        33,    SUCCESS        2            7            13.59        41.32            54.91            1
    77        78,    SUCCESS        2            9            13.37        41.65            55.02            1
    55        56,    SUCCESS        2            11            13.59        41.54            55.13            1
    64        65,    SUCCESS        2            13            13.48        41.65            55.13            1
    48        49,    SUCCESS        2            10            13.48        41.76            55.24            1
    85        86,    SUCCESS        2            12            13.81        41.43            55.24            1
    56        57,    SUCCESS        2            15            14.03        41.32            55.35            1
    33        34,    SUCCESS        2            18            13.55        41.91            55.46            1
    84        85,    SUCCESS        2            0            13.53        42.23            55.76            1
    192        193,    SUCCESS        2            1            10.57        48.65            59.22            2
    305        306,    SUCCESS        2            4            10.51        48.98            59.49            2
    129        130,    SUCCESS        2            8            10.55        54.31            64.86            2
    333        334,    SUCCESS        2            5            10.57        54.58            65.15            2
    164        165,    SUCCESS        2            3            10.49        54.8            65.29            2
    214        215,    SUCCESS        2            13            10.58        55.13            65.71            2
    206        207,    SUCCESS        2            15            10.47        55.35            65.82            2
    99        100,    SUCCESS        2            14            13.15        54.13            67.28            1
    90        91,    SUCCESS        2            19            13.38        54.42            67.8            1
    78        79,    SUCCESS        2            16            13.78        54.13            67.91            1
    34        35,    SUCCESS        2            7            13.29        54.91            68.2            1
    83        84,    SUCCESS        2            17            13.89        54.42            68.31            1
    97        98,    SUCCESS        2            9            13.4        55.02            68.42            1
    92        93,    SUCCESS        2            2            13.74        54.8            68.54            1
    58        59,    SUCCESS        2            6            13.96        54.69            68.65            1
    49        50,    SUCCESS        2            10            13.52        55.24            68.76            1
    57        58,    SUCCESS        2            11            13.63        55.13            68.76            1
    96        97,    SUCCESS        2            12            13.52        55.24            68.76            1
    81        82,    SUCCESS        2            18            13.97        55.46            69.43            1
    88        89,    SUCCESS        2            0            13.78        55.76            69.54            1
    269        270,    SUCCESS        2            1            10.44        59.22            69.66            2
    366        367,    SUCCESS        2            4            10.66        59.49            70.15            2
    170        171,    SUCCESS        2            5            10.29        65.15            75.44            2
    334        335,    SUCCESS        2            8            10.69        64.86            75.55            2
    201        202,    SUCCESS        2            3            10.58        65.29            75.87            2
    428        429,    SUCCESS        2            13            10.64        65.71            76.35            2
    362        363,    SUCCESS        2            15            10.53        65.82            76.35            2
    120        121,    SUCCESS        2            9            10.68        68.42            79.1            2
    172        173,    SUCCESS        2            1            10.52        69.66            80.18            2
    151        152,    SUCCESS        2            4            10.66        70.15            80.81            2
    106        107,    SUCCESS        2            14            13.53        67.28            80.81            1
    104        105,    SUCCESS        2            19            13.36        67.8            81.16            1
    94        95,    SUCCESS        2            16            13.75        67.91            81.66            1
    52        53,    SUCCESS        2            7            13.57        68.2            81.77            1
    91        92,    SUCCESS        2            17            13.46        68.31            81.77            1
    60        61,    SUCCESS        2            10            13.32        68.76            82.08            1
    69        70,    SUCCESS        2            6            13.54        68.65            82.19            1
    102        103,    SUCCESS        2            2            13.76        68.54            82.3            1
    79        80,    SUCCESS        2            11            13.54        68.76            82.3            1
    98        99,    SUCCESS        2            12            13.78        68.76            82.54            1
    107        108,    SUCCESS        2            18            13.48        69.43            82.91            1
    100        101,    SUCCESS        2            0            13.74        69.54            83.28            1
    341        342,    SUCCESS        2            5            10.6        75.44            86.04            2
    439        440,    SUCCESS        2            8            10.68        75.55            86.23            2
    171        172,    SUCCESS        2            3            10.79        75.87            86.66            2
    154        155,    SUCCESS        2            15            10.61        76.35            86.96            2
    300        301,    SUCCESS        2            13            10.72        76.35            87.07            2
    163        164,    SUCCESS        2            9            10.58        79.1            89.68            2
    440        441,    SUCCESS        2            1            10.51        80.18            90.69            2
    355        356,    SUCCESS        2            14            10.72        80.81            91.53            2
    357        358,    SUCCESS        2            4            10.83        80.81            91.64            2
    132        133,    SUCCESS        2            19            10.59        81.16            91.75            2
    140        141,    SUCCESS        2            17            10.68        81.77            92.45            2
    268        269,    SUCCESS        2            2            10.65        82.3            92.95            2
    325        326,    SUCCESS        2            12            10.6        82.54            93.14            2
    227        228,    SUCCESS        2            18            10.63        82.91            93.54            2
    116        117,    SUCCESS        2            0            10.67        83.28            93.95            2
    95        96,    SUCCESS        2            11            13.08        82.3            95.38            1
    105        106,    SUCCESS        2            16            13.83        81.66            95.49            1
    70        71,    SUCCESS        2            7            13.83        81.77            95.6            1
    87        88,    SUCCESS        2            6            14.03        82.19            96.22            1
    65        66,    SUCCESS        2            10            14.26        82.08            96.34            1
    394        395,    SUCCESS        2            5            10.6        86.04            96.64            2
    215        216,    SUCCESS        2            8            10.62        86.23            96.85            2
    176        177,    SUCCESS        2            3            10.66        86.66            97.32            2
    429        430,    SUCCESS        2            15            10.55        86.96            97.51            2
    388        389,    SUCCESS        2            13            10.55        87.07            97.62            2
    161        162,    SUCCESS        2            9            10.51        89.68            100.19            2
    340        341,    SUCCESS        2            1            10.56        90.69            101.25            2
    335        336,    SUCCESS        2            4            10.46        91.64            102.1            2
    356        357,    SUCCESS        2            14            10.68        91.53            102.21            2
    162        163,    SUCCESS        2            19            10.6        91.75            102.35            2
    207        208,    SUCCESS        2            17            10.72        92.45            103.17            2
    119        120,    SUCCESS        2            2            10.59        92.95            103.54            2
    188        189,    SUCCESS        2            12            10.77        93.14            103.91            2
    146        147,    SUCCESS        2            18            10.57        93.54            104.11            2
    131        132,    SUCCESS        2            0            10.59        93.95            104.54            2
    424        425,    SUCCESS        2            5            10.52        96.64            107.16            2
    156        157,    SUCCESS        2            8            10.48        96.85            107.33            2
    194        195,    SUCCESS        2            3            10.6        97.32            107.92            2
    371        372,    SUCCESS        2            15            10.52        97.51            108.03            2
    336        337,    SUCCESS        2            13            10.66        97.62            108.28            2
    112        113,    SUCCESS        2            11            13.28        95.38            108.66            1
    110        111,    SUCCESS        2            16            13.43        95.49            108.92            1
    101        102,    SUCCESS        2            7            13.69        95.6            109.29            1
    89        90,    SUCCESS        2            6            13.53        96.22            109.75            1
    74        75,    SUCCESS        2            10            13.62        96.34            109.96            1
    239        240,    SUCCESS        2            9            10.55        100.19            110.74            2
    418        419,    SUCCESS        2            1            10.44        101.25            111.69            2
    316        317,    SUCCESS        2            4            10.42        102.1            112.52            2
    337        338,    SUCCESS        2            14            10.56        102.21            112.77            2
    247        248,    SUCCESS        2            19            10.55        102.35            112.9            2
    272        273,    SUCCESS        2            17            10.56        103.17            113.73            2
    328        329,    SUCCESS        2            2            10.46        103.54            114            2
    361        362,    SUCCESS        2            18            10.35        104.11            114.46            2
    313        314,    SUCCESS        2            12            10.69        103.91            114.6            2
    297        298,    SUCCESS        2            0            10.56        104.54            115.1            2
    319        320,    SUCCESS        2            5            10.47        107.16            117.63            2
    204        205,    SUCCESS        2            8            10.5        107.33            117.83            2
    180        181,    SUCCESS        2            3            10.6        107.92            118.52            2
    384        385,    SUCCESS        2            15            10.6        108.03            118.63            2
    152        153,    SUCCESS        2            13            10.53        108.28            118.81            2
    212        213,    SUCCESS        2            11            10.66        108.66            119.32            2
    121        122,    SUCCESS        2            9            10.63        110.74            121.37            2
    410        411,    SUCCESS        2            1            10.6        111.69            122.29            2
    113        114,    SUCCESS        2            16            13.48        108.92            122.4            1
    108        109,    SUCCESS        2            7            13.69        109.29            122.98            1
    295        296,    SUCCESS        2            4            10.63        112.52            123.15            2
    111        112,    SUCCESS        2            6            13.6        109.75            123.35            1
    402        403,    SUCCESS        2            14            10.69        112.77            123.46            2
    249        250,    SUCCESS        2            19            10.56        112.9            123.46            2
    93        94,    SUCCESS        2            10            13.61        109.96            123.57            1
    420        421,    SUCCESS        2            17            10.61        113.73            124.34            2
    187        188,    SUCCESS        2            2            10.56        114            124.56            2
    426        427,    SUCCESS        2            18            10.72        114.46            125.18            2
    314        315,    SUCCESS        2            12            10.74        114.6            125.34            2
    299        300,    SUCCESS        2            0            10.73        115.1            125.83            2
    190        191,    SUCCESS        2            5            10.68        117.63            128.31            2
    301        302,    SUCCESS        2            8            10.59        117.83            128.42            2
    248        249,    SUCCESS        2            15            10.52        118.63            129.15            2
    200        201,    SUCCESS        2            3            10.74        118.52            129.26            2
    348        349,    SUCCESS        2            13            10.75        118.81            129.56            2
    265        266,    SUCCESS        2            11            10.56        119.32            129.88            2
    306        307,    SUCCESS        2            9            10.63        121.37            132            2
    339        340,    SUCCESS        2            16            10.44        122.4            132.84            2
    135        136,    SUCCESS        2            1            10.66        122.29            132.95            2
    160        161,    SUCCESS        2            7            10.63        122.98            133.61            2
    138        139,    SUCCESS        2            6            10.48        123.35            133.83            2
    255        256,    SUCCESS        2            4            10.79        123.15            133.94            2
    385        386,    SUCCESS        2            14            10.6        123.46            134.06            2
    196        197,    SUCCESS        2            19            10.71        123.46            134.17            2
    167        168,    SUCCESS        2            17            10.62        124.34            134.96            2
    407        408,    SUCCESS        2            2            10.58        124.56            135.14            2
    242        243,    SUCCESS        2            12            10.46        125.34            135.8            2
    573        574,    SUCCESS        2            18            10.73        125.18            135.91            2
    332        333,    SUCCESS        2            0            10.54        125.83            136.37            2
    103        104,    SUCCESS        2            10            14.15        123.57            137.72            1
    223        224,    SUCCESS        2            5            10.51        128.31            138.82            2
    455        456,    SUCCESS        2            8            10.68        128.42            139.1            2
    504        505,    SUCCESS        2            15            10.57        129.15            139.72            2
    396        397,    SUCCESS        2            3            10.57        129.26            139.83            2
    367        368,    SUCCESS        2            13            10.38        129.56            139.94            2
    266        267,    SUCCESS        2            11            10.61        129.88            140.49            2
    139        140,    SUCCESS        2            9            10.55        132            142.55            2
    148        149,    SUCCESS        2            16            10.56        132.84            143.4            2
    166        167,    SUCCESS        2            1            10.56        132.95            143.51            2
    118        119,    SUCCESS        2            7            10.51        133.61            144.12            2
    209        210,    SUCCESS        2            6            10.53        133.83            144.36            2
    489        490,    SUCCESS        2            4            10.53        133.94            144.47            2
    210        211,    SUCCESS        2            14            10.56        134.06            144.62            2
    294        295,    SUCCESS        2            19            10.56        134.17            144.73            2
    417        418,    SUCCESS        2            17            10.63        134.96            145.59            2
    122        123,    SUCCESS        2            2            10.64        135.14            145.78            2
    134        135,    SUCCESS        2            12            10.63        135.8            146.43            2
    344        345,    SUCCESS        2            18            10.71        135.91            146.62            2
    276        277,    SUCCESS        2            0            10.49        136.37            146.86            2
    442        443,    SUCCESS        2            10            10.69        137.72            148.41            2
    287        288,    SUCCESS        2            5            10.58        138.82            149.4            2
    257        258,    SUCCESS        2            8            10.56        139.1            149.66            2
    373        374,    SUCCESS        2            15            10.47        139.72            150.19            2
    205        206,    SUCCESS        2            3            10.56        139.83            150.39            2
    528        529,    SUCCESS        2            13            10.58        139.94            150.52            2
    364        365,    SUCCESS        2            11            10.55        140.49            151.04            2
    198        199,    SUCCESS        2            9            10.67        142.55            153.22            2
    229        230,    SUCCESS        2            1            10.41        143.51            153.92            2
    235        236,    SUCCESS        2            16            10.63        143.4            154.03            2
    183        184,    SUCCESS        2            7            10.76        144.12            154.88            2
    213        214,    SUCCESS        2            6            10.64        144.36            155            2
    240        241,    SUCCESS        2            4            10.66        144.47            155.13            2
    253        254,    SUCCESS        2            14            10.62        144.62            155.24            2
    233        234,    SUCCESS        2            19            10.62        144.73            155.35            2
    317        318,    SUCCESS        2            17            10.5        145.59            156.09            2
    456        457,    SUCCESS        2            2            10.66        145.78            156.44            2
    576        577,    SUCCESS        2            12            10.43        146.43            156.86            2
    464        465,    SUCCESS        2            18            10.69        146.62            157.31            2
    309        310,    SUCCESS        2            0            10.69        146.86            157.55            2
    195        196,    SUCCESS        2            10            10.65        148.41            159.06            2
    270        271,    SUCCESS        2            5            10.59        149.4            159.99            2
    258        259,    SUCCESS        2            8            10.74        149.66            160.4            2
    330        331,    SUCCESS        2            15            10.62        150.19            160.81            2
    241        242,    SUCCESS        2            13            10.4        150.52            160.92            2
    326        327,    SUCCESS        2            3            10.64        150.39            161.03            2
    168        169,    SUCCESS        2            11            10.72        151.04            161.76            2
    199        200,    SUCCESS        2            9            10.41        153.22            163.63            2
    310        311,    SUCCESS        2            1            10.54        153.92            164.46            2
    182        183,    SUCCESS        2            16            10.6        154.03            164.63            2
    441        442,    SUCCESS        2            6            10.39        155            165.39            2
    145        146,    SUCCESS        2            7            10.73        154.88            165.61            2
    254        255,    SUCCESS        2            14            10.52        155.24            165.76            2
    125        126,    SUCCESS        2            4            10.74        155.13            165.87            2
    425        426,    SUCCESS        2            19            10.74        155.35            166.09            2
    275        276,    SUCCESS        2            17            10.59        156.09            166.68            2
    130        131,    SUCCESS        2            2            10.55        156.44            166.99            2
    381        382,    SUCCESS        2            12            10.55        156.86            167.41            2
    433        434,    SUCCESS        2            0            10.33        157.55            167.88            2
    465        466,    SUCCESS        2            18            10.68        157.31            167.99            2
    453        454,    SUCCESS        2            10            10.59        159.06            169.65            2
    346        347,    SUCCESS        2            5            10.57        159.99            170.56            2
    510        511,    SUCCESS        2            8            10.69        160.4            171.09            2
    485        486,    SUCCESS        2            15            10.53        160.81            171.34            2
    466        467,    SUCCESS        2            13            10.53        160.92            171.45            2
    406        407,    SUCCESS        2            3            10.53        161.03            171.56            2
    238        239,    SUCCESS        2            11            10.58        161.76            172.34            2
    181        182,    SUCCESS        2            9            10.69        163.63            174.32            2
    184        185,    SUCCESS        2            1            10.56        164.46            175.02            2
    155        156,    SUCCESS        2            16            10.54        164.63            175.17            2
    197        198,    SUCCESS        2            7            10.61        165.61            176.22            2
    234        235,    SUCCESS        2            6            10.94        165.39            176.33            2
    273        274,    SUCCESS        2            14            10.57        165.76            176.33            2
    537        538,    SUCCESS        2            4            10.64        165.87            176.51            2
    202        203,    SUCCESS        2            19            10.67        166.09            176.76            2
    383        384,    SUCCESS        2            17            10.6        166.68            177.28            2
    490        491,    SUCCESS        2            2            10.59        166.99            177.58            2
    252        253,    SUCCESS        2            12            10.63        167.41            178.04            2
    329        330,    SUCCESS        2            0            10.45        167.88            178.33            2
    437        438,    SUCCESS        2            18            10.71        167.99            178.7            2
    149        150,    SUCCESS        2            10            10.54        169.65            180.19            2
    347        348,    SUCCESS        2            5            10.57        170.56            181.13            2
    232        233,    SUCCESS        2            8            10.57        171.09            181.66            2
    263        264,    SUCCESS        2            15            10.55        171.34            181.89            2
    217        218,    SUCCESS        2            13            10.64        171.45            182.09            2
    408        409,    SUCCESS        2            3            10.64        171.56            182.2            2
    405        406,    SUCCESS        2            11            10.61        172.34            182.95            2
    342        343,    SUCCESS        2            9            10.6        174.32            184.92            2
    189        190,    SUCCESS        2            1            10.67        175.02            185.69            2
    218        219,    SUCCESS        2            16            10.63        175.17            185.8            2
    399        400,    SUCCESS        2            7            10.64        176.22            186.86            2
    422        423,    SUCCESS        2            6            10.64        176.33            186.97            2
    308        309,    SUCCESS        2            14            10.64        176.33            186.97            2
    404        405,    SUCCESS        2            4            10.57        176.51            187.08            2
    222        223,    SUCCESS        2            19            10.58        176.76            187.34            2
    246        247,    SUCCESS        2            17            10.51        177.28            187.79            2
    219        220,    SUCCESS        2            2            10.61        177.58            188.19            2
    236        237,    SUCCESS        2            12            10.67        178.04            188.71            2
    352        353,    SUCCESS        2            0            10.49        178.33            188.82            2
    277        278,    SUCCESS        2            18            10.57        178.7            189.27            2
    318        319,    SUCCESS        2            10            10.63        180.19            190.82            2
    480        481,    SUCCESS        2            5            10.36        181.13            191.49            2
    228        229,    SUCCESS        2            8            10.51        181.66            192.17            2
    321        322,    SUCCESS        2            15            10.48        181.89            192.37            2
    500        501,    SUCCESS        2            13            10.6        182.09            192.69            2
    409        410,    SUCCESS        2            3            10.62        182.2            192.82            2
    289        290,    SUCCESS        2            11            10.82        182.95            193.77            2
    427        428,    SUCCESS        2            9            10.59        184.92            195.51            2
    137        138,    SUCCESS        2            1            10.56        185.69            196.25            2
    220        221,    SUCCESS        2            16            10.63        185.8            196.43            2
    288        289,    SUCCESS        2            7            10.57        186.86            197.43            2
    484        485,    SUCCESS        2            4            10.46        187.08            197.54            2
    400        401,    SUCCESS        2            6            10.68        186.97            197.65            2
    395        396,    SUCCESS        2            14            10.68        186.97            197.65            2
    169        170,    SUCCESS        2            19            10.65        187.34            197.99            2
    462        463,    SUCCESS        2            17            10.51        187.79            198.3            2
    444        445,    SUCCESS        2            2            10.55        188.19            198.74            2
    577        578,    SUCCESS        2            12            10.63        188.71            199.34            2
    278        279,    SUCCESS        2            0            10.7        188.82            199.52            2
    459        460,    SUCCESS        2            18            10.67        189.27            199.94            2
    374        375,    SUCCESS        2            10            10.51        190.82            201.33            2
    291        292,    SUCCESS        2            5            10.5        191.49            201.99            2
    302        303,    SUCCESS        2            8            10.61        192.17            202.78            2
    389        390,    SUCCESS        2            15            10.52        192.37            202.89            2
    469        470,    SUCCESS        2            3            10.41        192.82            203.23            2
    535        536,    SUCCESS        2            13            10.74        192.69            203.43            2
    338        339,    SUCCESS        2            11            10.58        193.77            204.35            2
    173        174,    SUCCESS        2            9            10.71        195.51            206.22            2
    323        324,    SUCCESS        2            1            10.56        196.25            206.81            2
    279        280,    SUCCESS        2            16            10.67        196.43            207.1            2
    566        567,    SUCCESS        2            4            10.6        197.54            208.14            2
    221        222,    SUCCESS        2            6            10.6        197.65            208.25            2
    290        291,    SUCCESS        2            7            10.82        197.43            208.25            2
    225        226,    SUCCESS        2            14            10.6        197.65            208.25            2
    298        299,    SUCCESS        2            19            10.45        197.99            208.44            2
    479        480,    SUCCESS        2            17            10.51        198.3            208.81            2
    282        283,    SUCCESS        2            2            10.59        198.74            209.33            2
    280        281,    SUCCESS        2            12            10.58        199.34            209.92            2
    506        507,    SUCCESS        2            0            10.57        199.52            210.09            2
    503        504,    SUCCESS        2            18            10.57        199.94            210.51            2
    421        422,    SUCCESS        2            10            10.8        201.33            212.13            2
    271        272,    SUCCESS        2            5            10.5        201.99            212.49            2
    124        125,    SUCCESS        2            15            10.49        202.89            213.38            2
    434        435,    SUCCESS        2            8            10.75        202.78            213.53            2
    203        204,    SUCCESS        2            3            10.41        203.23            213.64            2
    324        325,    SUCCESS        2            13            10.55        203.43            213.98            2
    432        433,    SUCCESS        2            11            10.46        204.35            214.81            2
    387        388,    SUCCESS        2            9            10.76        206.22            216.98            2
    495        496,    SUCCESS        2            1            10.64        206.81            217.45            2
    174        175,    SUCCESS        2            16            10.62        207.1            217.72            2
    431        432,    SUCCESS        2            14            10.56        208.25            218.81            2
    571        572,    SUCCESS        2            6            10.67        208.25            218.92            2
    380        381,    SUCCESS        2            7            10.67        208.25            218.92            2
    419        420,    SUCCESS        2            19            10.6        208.44            219.04            2
    481        482,    SUCCESS        2            17            10.6        208.81            219.41            2
    471        472,    SUCCESS        2            2            10.77        209.33            220.1            2
    165        166,    SUCCESS        2            12            10.67        209.92            220.59            2
    502        503,    SUCCESS        2            0            10.61        210.09            220.7            2
    349        350,    SUCCESS        2            18            10.47        210.51            220.98            2
    401        402,    SUCCESS        2            10            10.75        212.13            222.88            2
    186        187,    SUCCESS        2            5            10.71        212.49            223.2            2
    551        552,    SUCCESS        2            15            10.62        213.38            224            2
    251        252,    SUCCESS        2            3            10.47        213.64            224.11            2
    483        484,    SUCCESS        2            8            10.58        213.53            224.11            2
    561        562,    SUCCESS        2            13            10.71        213.98            224.69            2
    435        436,    SUCCESS        2            11            10.42        214.81            225.23            2
    572        573,    SUCCESS        2            9            10.62        216.98            227.6            2
    497        498,    SUCCESS        2            1            10.6        217.45            228.05            2
    211        212,    SUCCESS        2            16            10.63        217.72            228.35            2
    536        537,    SUCCESS        2            14            10.56        218.81            229.37            2
    261        262,    SUCCESS        2            7            10.59        218.92            229.51            2
    208        209,    SUCCESS        2            6            10.7        218.92            229.62            2
    256        257,    SUCCESS        2            19            10.72        219.04            229.76            2
    351        352,    SUCCESS        2            17            10.59        219.41            230            2
    237        238,    SUCCESS        2            2            10.64        220.1            230.74            2
    260        261,    SUCCESS        2            12            10.59        220.59            231.18            2
    511        512,    SUCCESS        2            0            10.59        220.7            231.29            2
    445        446,    SUCCESS        2            18            10.58        220.98            231.56            2
    468        469,    SUCCESS        2            10            10.49        222.88            233.37            2
    159        160,    SUCCESS        2            5            10.59        223.2            233.79            2
    158        159,    SUCCESS        2            15            10.44        224            234.44            2
    499        500,    SUCCESS        2            8            10.52        224.11            234.63            2
    345        346,    SUCCESS        2            3            10.63        224.11            234.74            2
    285        286,    SUCCESS        2            13            10.61        224.69            235.3            2
    458        459,    SUCCESS        2            11            10.62        225.23            235.85            2
    382        383,    SUCCESS        2            9            10.52        227.6            238.12            2
    491        492,    SUCCESS        2            1            10.55        228.05            238.6            2
    274        275,    SUCCESS        2            16            10.68        228.35            239.03            2
    454        455,    SUCCESS        2            7            10.35        229.51            239.86            2
    430        431,    SUCCESS        2            14            10.6        229.37            239.97            2
    322        323,    SUCCESS        2            6            10.55        229.62            240.17            2
    177        178,    SUCCESS        2            19            10.58        229.76            240.34            2
    126        127,    SUCCESS        2            17            10.54        230            240.54            2
    521        522,    SUCCESS        2            2            10.44        230.74            241.18            2
    262        263,    SUCCESS        2            12            10.75        231.18            241.93            2
    553        554,    SUCCESS        2            0            10.75        231.29            242.04            2
    447        448,    SUCCESS        2            18            10.48        231.56            242.04            2
    461        462,    SUCCESS        2            10            10.49        233.37            243.86            2
    517        518,    SUCCESS        2            5            10.57        233.79            244.36            2
    508        509,    SUCCESS        2            8            10.68        234.63            245.31            2
    443        444,    SUCCESS        2            3            10.78        234.74            245.52            2
    150        151,    SUCCESS        2            11            10.67        235.85            246.52            2
    463        464,    SUCCESS        2            9            10.7        238.12            248.82            2
    144        145,    SUCCESS        2            1            10.73        238.6            249.33            2
    398        399,    SUCCESS        2            16            10.61        239.03            249.64            2
    450        451,    SUCCESS        2            7            10.58        239.86            250.44            2
    267        268,    SUCCESS        2            14            10.68        239.97            250.65            2
    539        540,    SUCCESS        2            6            10.59        240.17            250.76            2
    230        231,    SUCCESS        2            19            10.42        240.34            250.76            2
    376        377,    SUCCESS        2            17            10.55        240.54            251.09            2
    476        477,    SUCCESS        2            2            10.69        241.18            251.87            2
    311        312,    SUCCESS        2            12            10.52        241.93            252.45            2
    415        416,    SUCCESS        2            0            10.52        242.04            252.56            2
    531        532,    SUCCESS        2            18            10.65        242.04            252.69            2
    446        447,    SUCCESS        2            10            10.66        243.86            254.52            2
    393        394,    SUCCESS        2            5            10.66        244.36            255.02            2
    545        546,    SUCCESS        2            8            10.52        245.31            255.83            2
    293        294,    SUCCESS        2            3            10.52        245.52            256.04            2
    448        449,    SUCCESS        2            11            10.57        246.52            257.09            2
    353        354,    SUCCESS        2            9            10.57        248.82            259.39            2
    548        549,    SUCCESS        2            1            10.49        249.33            259.82            2
    575        576,    SUCCESS        2            16            10.73        249.64            260.37            2
    460        461,    SUCCESS        2            7            10.46        250.44            260.9            2
    354        355,    SUCCESS        2            19            10.52        250.76            261.28            2
    452        453,    SUCCESS        2            14            10.74        250.65            261.39            2
    153        154,    SUCCESS        2            6            10.74        250.76            261.5            2
    523        524,    SUCCESS        2            17            10.57        251.09            261.66            2
    570        571,    SUCCESS        2            2            10.68        251.87            262.55            2
    320        321,    SUCCESS        2            0            10.53        252.56            263.09            2
    530        531,    SUCCESS        2            12            10.75        252.45            263.2            2
    363        364,    SUCCESS        2            18            10.63        252.69            263.32            2
    315        316,    SUCCESS        2            10            10.56        254.52            265.08            2
    392        393,    SUCCESS        2            5            10.57        255.02            265.59            2
    546        547,    SUCCESS        2            8            10.73        255.83            266.56            2
    327        328,    SUCCESS        2            3            10.65        256.04            266.69            2
    538        539,    SUCCESS        2            11            10.6        257.09            267.69            2
    350        351,    SUCCESS        2            9            10.42        259.39            269.81            2
    574        575,    SUCCESS        2            16            10.49        260.37            270.86            2
    496        497,    SUCCESS        2            7            10.53        260.9            271.43            2
    486        487,    SUCCESS        2            19            10.58        261.28            271.86            2
    284        285,    SUCCESS        2            6            10.47        261.5            271.97            2
    540        541,    SUCCESS        2            14            10.7        261.39            272.09            2
    524        525,    SUCCESS        2            17            10.65        261.66            272.31            2
    493        494,    SUCCESS        2            2            10.63        262.55            273.18            2
    470        471,    SUCCESS        2            12            10.57        263.2            273.77            2
    556        557,    SUCCESS        2            0            10.79        263.09            273.88            2
    391        392,    SUCCESS        2            18            10.56        263.32            273.88            2
    560        561,    SUCCESS        2            10            10.73        265.08            275.81            2
    303        304,    SUCCESS        2            5            10.63        265.59            276.22            2
    547        548,    SUCCESS        2            8            10.65        266.56            277.21            2
    478        479,    SUCCESS        2            3            10.64        266.69            277.33            2
    482        483,    SUCCESS        2            11            10.48        267.69            278.17            2
    157        158,    SUCCESS        2            9            10.62        269.81            280.43            2
    143        144,    SUCCESS        2            16            10.6        270.86            281.46            2
    244        245,    SUCCESS        2            7            10.68        271.43            282.11            2
    542        543,    SUCCESS        2            19            10.58        271.86            282.44            2
    516        517,    SUCCESS        2            6            10.69        271.97            282.66            2
    312        313,    SUCCESS        2            14            10.69        272.09            282.78            2
    331        332,    SUCCESS        2            17            10.58        272.31            282.89            2
    358        359,    SUCCESS        2            12            10.63        273.77            284.4            2
    133        134,    SUCCESS        2            18            10.63        273.88            284.51            2
    296        297,    SUCCESS        2            10            10.31        275.81            286.12            2
    457        458,    SUCCESS        2            5            10.69        276.22            286.91            2
    451        452,    SUCCESS        2            8            10.34        277.21            287.55            2
    259        260,    SUCCESS        2            3            10.56        277.33            287.89            2
    250        251,    SUCCESS        2            11            10.73        278.17            288.9            2
    281        282,    SUCCESS        2            9            10.51        280.43            290.94            2
    509        510,    SUCCESS        2            16            10.52        281.46            291.98            2
    390        391,    SUCCESS        2            7            10.69        282.11            292.8            2
    117        118,    SUCCESS        2            6            10.57        282.66            293.23            2
    360        361,    SUCCESS        2            19            10.79        282.44            293.23            2
    473        474,    SUCCESS        2            17            10.52        282.89            293.41            2
    343        344,    SUCCESS        2            14            10.74        282.78            293.52            2
    359        360,    SUCCESS        2            12            10.49        284.4            294.89            2
    514        515,    SUCCESS        2            18            10.77        284.51            295.28            2
    369        370,    SUCCESS        2            10            10.8        286.12            296.92            2
    520        521,    SUCCESS        2            5            10.85        286.91            297.76            2
    397        398,    SUCCESS        2            3            10.33        287.89            298.22            2
    231        232,    SUCCESS        2            8            10.78        287.55            298.33            2
    423        424,    SUCCESS        2            11            10.48        288.9            299.38            2
    372        373,    SUCCESS        2            9            10.52        290.94            301.46            2
    549        550,    SUCCESS        2            16            10.6        291.98            302.58            2
    438        439,    SUCCESS        2            7            10.59        292.8            303.39            2
    564        565,    SUCCESS        2            17            10.37        293.41            303.78            2
    449        450,    SUCCESS        2            6            10.71        293.23            303.94            2
    175        176,    SUCCESS        2            14            10.59        293.52            304.11            2
    185        186,    SUCCESS        2            12            10.61        294.89            305.5            2
    498        499,    SUCCESS        2            18            10.54        295.28            305.82            2
    412        413,    SUCCESS        2            5            10.68        297.76            308.44            2
    193        194,    SUCCESS        2            3            10.63        298.22            308.85            2
    507        508,    SUCCESS        2            11            10.4        299.38            309.78            2
    365        366,    SUCCESS        2            9            10.64        301.46            312.1            2
    436        437,    SUCCESS        2            16            10.63        302.58            313.21            2
    513        514,    SUCCESS        2            7            10.62        303.39            314.01            2
    525        526,    SUCCESS        2            17            10.64        303.78            314.42            2
    563        564,    SUCCESS        2            6            10.59        303.94            314.53            2
    243        244,    SUCCESS        2            14            10.53        304.11            314.64            2
    368        369,    SUCCESS        2            12            10.58        305.5            316.08            2
    534        535,    SUCCESS        2            18            10.58        305.82            316.4            2
    416        417,    SUCCESS        2            5            10.67        308.44            319.11            2
    216        217,    SUCCESS        2            3            10.86        308.85            319.71            2
    477        478,    SUCCESS        2            11            10.5        309.78            320.28            2
    522        523,    SUCCESS        2            9            10.63        312.1            322.73            2
    512        513,    SUCCESS        2            16            10.73        313.21            323.94            2
    501        502,    SUCCESS        2            7            10.72        314.01            324.73            2
    527        528,    SUCCESS        2            17            10.55        314.42            324.97            2
    567        568,    SUCCESS        2            6            10.55        314.53            325.08            2
    519        520,    SUCCESS        2            14            10.68        314.64            325.32            2
    127        128,    SUCCESS        2            12            10.49        316.08            326.57            2
    264        265,    SUCCESS        2            18            10.52        316.4            326.92            2
    555        556,    SUCCESS        2            5            10.45        319.11            329.56            2
    386        387,    SUCCESS        2            3            10.74        319.71            330.45            2
    304        305,    SUCCESS        2            9            10.61        322.73            333.34            2
    141        142,    SUCCESS        2            16            10.55        323.94            334.49            2
    142        143,    SUCCESS        2            7            10.48        324.73            335.21            2
    569        570,    SUCCESS        2            6            10.58        325.08            335.66            2
    475        476,    SUCCESS        2            14            10.45        325.32            335.77            2
    505        506,    SUCCESS        2            12            10.6        326.57            337.17            2
    370        371,    SUCCESS        2            18            10.62        326.92            337.54            2
    494        495,    SUCCESS        2            5            10.76        329.56            340.32            2
    487        488,    SUCCESS        2            3            10.72        330.45            341.17            2
    529        530,    SUCCESS        2            9            10.51        333.34            343.85            2
    178        179,    SUCCESS        2            16            10.49        334.49            344.98            2
    377        378,    SUCCESS        2            7            10.75        335.21            345.96            2
    554        555,    SUCCESS        2            6            10.63        335.66            346.29            2
    532        533,    SUCCESS        2            12            10.62        337.17            347.79            2
    226        227,    SUCCESS        2            18            10.61        337.54            348.15            2
    488        489,    SUCCESS        2            3            10.75        341.17            351.92            2
    565        566,    SUCCESS        2            9            10.73        343.85            354.58            2
    541        542,    SUCCESS        2            16            10.6        344.98            355.58            2
    375        376,    SUCCESS        2            7            10.68        345.96            356.64            2
    533        534,    SUCCESS        2            12            10.71        347.79            358.5            2
    414        415,    SUCCESS        2            18            10.69        348.15            358.84            2
    224        225,    SUCCESS        2            3            10.54        351.92            362.46            2
    568        569,    SUCCESS        2            9            10.5        354.58            365.08            2
    515        516,    SUCCESS        2            16            10.53        355.58            366.11            2
    413        414,    SUCCESS        2            7            10.65        356.64            367.29            2
    550        551,    SUCCESS        2            12            10.64        358.5            369.14            2
    543        544,    SUCCESS        2            18            10.64        358.84            369.48            2
    403        404,    SUCCESS        2            3            10.46        362.46            372.92            2
    128        129,    SUCCESS        2            9            10.59        365.08            375.67            2
    136        137,    SUCCESS        2            16            10.6        366.11            376.71            2
    552        553,    SUCCESS        2            12            10.64        369.14            379.78            2
    492        493,    SUCCESS        2            18            10.81        369.48            380.29            2
    472        473,    SUCCESS        2            3            10.84        372.92            383.76            2
    378        379,    SUCCESS        2            16            10.52        376.71            387.23            2
    283        284,    SUCCESS        2            12            10.66        379.78            390.44            2
    286        287,    SUCCESS        2            3            10.55        383.76            394.31            2
    379        380,    SUCCESS        2            16            10.42        387.23            397.65            2
    292        293,    SUCCESS        2            12            10.53        390.44            400.97            2
    562        563,    SUCCESS        2            3            10.53        394.31            404.84            2
    518        519,    SUCCESS        2            16            10.61        397.65            408.26            2
    474        475,    SUCCESS        2            12            10.58        400.97            411.55            2
    544        545,    SUCCESS        2            3            10.59        404.84            415.43            2
    411        412,    SUCCESS        2            12            10.36        411.55            421.91            2
    245        246,    SUCCESS        2            3            10.63        415.43            426.06            2
    179        180,    SUCCESS        2            12            10.55        421.91            432.46            2
    557        558,    SUCCESS        2            3            10.53        426.06            436.59            2
    467        468,    SUCCESS        2            12            10.59        432.46            443.05            2
    558        559,    SUCCESS        2            3            10.64        436.59            447.23            2
    526        527,    SUCCESS        2            12            10.42        443.05            453.47            2
    559        560,    SUCCESS        2            3            10.55        447.23            457.78            2
    578        579,    SUCCESS        2            12            36.98        457.78            494.76            3
    579        580,    SUCCESS        2            4            34.43        494.76            529.19            4
    590        591,    SUCCESS        2            14            11.1        529.19            540.29            5
    587        588,    SUCCESS        2            2            11.15        529.19            540.33            5
    584        585,    SUCCESS        2            4            11.25        529.19            540.44            5
    582        583,    SUCCESS        2            5            11.27        529.19            540.45            5
    597        598,    SUCCESS        2            19            11.27        529.19            540.45            5
    626        627,    SUCCESS        2            8            11.31        529.19            540.49            5
    601        602,    SUCCESS        2            11            11.31        529.19            540.49            5
    605        606,    SUCCESS        2            16            11.31        529.19            540.49            5
    644        645,    SUCCESS        2            9            11.32        529.19            540.51            5
    610        611,    SUCCESS        2            12            11.36        529.19            540.54            5
    589        590,    SUCCESS        2            15            11.36        529.19            540.54            5
    593        594,    SUCCESS        2            17            11.36        529.19            540.54            5
    580        581,    SUCCESS        2            6            11.39        529.19            540.58            5
    609        610,    SUCCESS        2            0            11.4        529.19            540.59            5
    625        626,    SUCCESS        2            18            11.4        529.19            540.59            5
    632        633,    SUCCESS        2            1            11.48        529.19            540.66            5
    595        596,    SUCCESS        2            13            11.53        529.19            540.71            5
    591        592,    SUCCESS        2            3            11.54        529.19            540.73            5
    585        586,    SUCCESS        2            7            11.65        529.19            540.84            5
    588        589,    SUCCESS        2            10            11.71        529.19            540.89            5
    586        587,    SUCCESS        2            4            10.44        540.44            550.88            5
    628        629,    SUCCESS        2            0            10.4        540.59            550.99            5
    673        674,    SUCCESS        2            14            10.7        540.29            550.99            5
    611        612,    SUCCESS        2            12            10.56        540.54            551.1            5
    612        613,    SUCCESS        2            16            10.61        540.49            551.1            5
    606        607,    SUCCESS        2            19            10.65        540.45            551.1            5
    661        662,    SUCCESS        2            9            10.7        540.51            551.21            5
    599        600,    SUCCESS        2            5            10.87        540.45            551.32            5
    581        582,    SUCCESS        2            6            10.74        540.58            551.32            5
    643        644,    SUCCESS        2            8            10.83        540.49            551.32            5
    637        638,    SUCCESS        2            1            10.77        540.66            551.43            5
    604        605,    SUCCESS        2            2            11.1        540.33            551.43            5
    596        597,    SUCCESS        2            3            10.7        540.73            551.43            5
    615        616,    SUCCESS        2            7            10.59        540.84            551.43            5
    618        619,    SUCCESS        2            10            10.54        540.89            551.43            5
    602        603,    SUCCESS        2            13            10.72        540.71            551.43            5
    594        595,    SUCCESS        2            17            10.89        540.54            551.43            5
    607        608,    SUCCESS        2            11            11.05        540.49            551.54            5
    623        624,    SUCCESS        2            15            11        540.54            551.54            5
    639        640,    SUCCESS        2            18            10.95        540.59            551.54            5
    592        593,    SUCCESS        2            4            10.51        550.88            561.39            5
    640        641,    SUCCESS        2            19            10.51        551.1            561.61            5
    642        643,    SUCCESS        2            0            10.79        550.99            561.78            5
    613        614,    SUCCESS        2            12            10.68        551.1            561.78            5
    583        584,    SUCCESS        2            6            10.57        551.32            561.89            5
    674        675,    SUCCESS        2            8            10.57        551.32            561.89            5
    665        666,    SUCCESS        2            9            10.68        551.21            561.89            5
    621        622,    SUCCESS        2            16            10.79        551.1            561.89            5
    614        615,    SUCCESS        2            5            10.68        551.32            562            5
    690        691,    SUCCESS        2            14            11.01        550.99            562            5
    629        630,    SUCCESS        2            15            10.46        551.54            562            5
    638        639,    SUCCESS        2            1            10.68        551.43            562.11            5
    600        601,    SUCCESS        2            3            10.79        551.43            562.22            5
    668        669,    SUCCESS        2            7            10.79        551.43            562.22            5
    619        620,    SUCCESS        2            2            10.9        551.43            562.33            5
    634        635,    SUCCESS        2            10            10.9        551.43            562.33            5
    616        617,    SUCCESS        2            11            10.79        551.54            562.33            5
    657        658,    SUCCESS        2            17            10.9        551.43            562.33            5
    684        685,    SUCCESS        2            18            10.9        551.54            562.44            5
    645        646,    SUCCESS        2            13            11.12        551.43            562.55            5
    627        628,    SUCCESS        2            4            10.66        561.39            572.05            5
    653        654,    SUCCESS        2            19            10.55        561.61            572.16            5
    652        653,    SUCCESS        2            0            10.62        561.78            572.4            5
    641        642,    SUCCESS        2            12            10.73        561.78            572.51            5
    598        599,    SUCCESS        2            6            10.73        561.89            572.62            5
    656        657,    SUCCESS        2            15            10.73        562            572.73            5
    649        650,    SUCCESS        2            16            10.84        561.89            572.73            5
    650        651,    SUCCESS        2            1            10.73        562.11            572.84            5
    693        694,    SUCCESS        2            8            10.95        561.89            572.84            5
    680        681,    SUCCESS        2            10            10.51        562.33            572.84            5
    620        621,    SUCCESS        2            5            10.95        562            572.95            5
    679        680,    SUCCESS        2            7            10.73        562.22            572.95            5
    603        604,    SUCCESS        2            3            10.84        562.22            573.06            5
    624        625,    SUCCESS        2            2            10.84        562.33            573.17            5
    635        636,    SUCCESS        2            11            10.95        562.33            573.28            5
    646        647,    SUCCESS        2            13            10.95        562.55            573.5            5
    660        661,    SUCCESS        2            19            10.84        572.16            583            5
    630        631,    SUCCESS        2            4            11.06        572.05            583.11            5
    659        660,    SUCCESS        2            15            10.51        572.73            583.24            5
    658        659,    SUCCESS        2            0            10.95        572.4            583.35            5
    617        618,    SUCCESS        2            6            10.73        572.62            583.35            5
    669        670,    SUCCESS        2            12            10.95        572.51            583.46            5
    670        671,    SUCCESS        2            16            10.73        572.73            583.46            5
    685        686,    SUCCESS        2            1            10.73        572.84            583.57            5
    622        623,    SUCCESS        2            5            10.74        572.95            583.69            5
    647        648,    SUCCESS        2            2            10.63        573.17            583.8            5
    608        609,    SUCCESS        2            3            10.85        573.06            583.91            5
    655        656,    SUCCESS        2            11            10.74        573.28            584.02            5
    687        688,    SUCCESS        2            7            11.18        572.95            584.13            5
    654        655,    SUCCESS        2            13            10.78        573.5            584.28            5
    662        663,    SUCCESS        2            19            10.62        583            593.62            5
    631        632,    SUCCESS        2            4            10.62        583.11            593.73            5
    636        637,    SUCCESS        2            6            10.58        583.35            593.93            5
    682        683,    SUCCESS        2            0            10.89        583.35            594.24            5
    688        689,    SUCCESS        2            1            10.78        583.57            594.35            5
    689        690,    SUCCESS        2            12            10.89        583.46            594.35            5
    671        672,    SUCCESS        2            15            11.11        583.24            594.35            5
    663        664,    SUCCESS        2            2            10.89        583.8            594.69            5
    648        649,    SUCCESS        2            3            10.89        583.91            594.8            5
    683        684,    SUCCESS        2            5            11.11        583.69            594.8            5
    691        692,    SUCCESS        2            13            10.68        584.28            594.96            5
    666        667,    SUCCESS        2            19            10.67        593.62            604.29            5
    633        634,    SUCCESS        2            4            10.67        593.73            604.4            5
    681        682,    SUCCESS        2            6            10.79        593.93            604.72            5
    692        693,    SUCCESS        2            1            10.63        594.35            604.98            5
    694        695,    SUCCESS        2            12            10.74        594.35            605.09            5
    675        676,    SUCCESS        2            3            10.61        594.8            605.41            5
    664        665,    SUCCESS        2            2            10.83        594.69            605.52            5
    672        673,    SUCCESS        2            19            10.77        604.29            615.06            5
    651        652,    SUCCESS        2            4            10.77        604.4            615.17            5
    686        687,    SUCCESS        2            3            10.68        605.41            616.09            5
    667        668,    SUCCESS        2            2            10.68        605.52            616.2            5
    676        677,    SUCCESS        2            19            10.59        615.06            625.65            5
    677        678,    SUCCESS        2            4            10.9        615.17            626.07            5
    678        679,    SUCCESS        2            19            10.92        625.65            636.57            5
    695        696,    SUCCESS        2            19            10.52        636.57            647.09            5
    696        697,    SUCCESS        2            13            111.34        647.09            758.44            6
    697        698,    SUCCESS        2            14            70.82        758.44            829.26            7
    698        699,    SUCCESS        2            3            52.46        829.26            881.72            8
    699        700,    SUCCESS        2            6            1.71        881.72            883.42            9