

========== OUTPUT ==========
Job ID    Task ID    STATUS    Data center ID    VM ID        Time    Start Time    Finish Time    Depth
    300        Stage-in    SUCCESS        2            18            0.11        0.1            0.21            0
    16        17,    SUCCESS        2            3            13.29        0.21            13.5            1
    37        38,    SUCCESS        2            14            13.34        0.21            13.55            1
    17        18,    SUCCESS        2            0            13.52        0.21            13.73            1
    1        2,    SUCCESS        2            1            13.64        0.21            13.85            1
    15        16,    SUCCESS        2            16            13.66        0.21            13.87            1
    0        1,    SUCCESS        2            11            13.75        0.21            13.96            1
    11        12,    SUCCESS        2            13            13.75        0.21            13.96            1
    2        3,    SUCCESS        2            15            13.77        0.21            13.98            1
    22        23,    SUCCESS        2            7            13.78        0.21            13.99            1
    7        8,    SUCCESS        2            8            13.83        0.21            14.04            1
    9        10,    SUCCESS        2            17            13.83        0.21            14.04            1
    12        13,    SUCCESS        2            6            13.86        0.21            14.07            1
    39        40,    SUCCESS        2            18            13.86        0.21            14.07            1
    4        5,    SUCCESS        2            10            13.91        0.21            14.12            1
    3        4,    SUCCESS        2            19            13.94        0.21            14.15            1
    6        7,    SUCCESS        2            12            14        0.21            14.21            1
    10        11,    SUCCESS        2            5            14.12        0.21            14.33            1
    44        45,    SUCCESS        2            2            14.23        0.21            14.44            1
    123        124,    SUCCESS        2            7            10.51        13.99            24.5            2
    141        142,    SUCCESS        2            6            10.75        14.07            24.82            2
    124        125,    SUCCESS        2            2            10.67        14.44            25.11            2
    50        51,    SUCCESS        2            4            11.62        13.96            25.58            2
    105        106,    SUCCESS        2            14            11.73        14.07            25.8            2
    64        65,    SUCCESS        2            8            11.84        14.15            25.99            2
    70        71,    SUCCESS        2            9            11.93        14.33            26.27            2
    28        29,    SUCCESS        2            3            13.29        13.5            26.79            1
    5        6,    SUCCESS        2            15            13.25        13.98            27.23            1
    8        9,    SUCCESS        2            10            13.25        14.12            27.37            1
    18        19,    SUCCESS        2            16            13.61        13.87            27.48            1
    21        22,    SUCCESS        2            0            13.86        13.73            27.59            1
    23        24,    SUCCESS        2            13            13.63        13.96            27.59            1
    20        21,    SUCCESS        2            19            13.55        14.15            27.7            1
    14        15,    SUCCESS        2            11            13.85        13.96            27.81            1
    30        31,    SUCCESS        2            17            13.77        14.04            27.81            1
    13        14,    SUCCESS        2            5            13.65        14.33            27.98            1
    26        27,    SUCCESS        2            12            13.88        14.21            28.09            1
    41        42,    SUCCESS        2            18            14.02        14.07            28.09            1
    68        69,    SUCCESS        2            2            10.68        25.11            35.79            2
    51        52,    SUCCESS        2            4            10.5        25.58            36.08            2
    76        77,    SUCCESS        2            16            10.71        27.48            38.19            2
    97        98,    SUCCESS        2            13            10.71        27.59            38.3            2
    144        145,    SUCCESS        2            19            10.6        27.7            38.3            2
    65        66,    SUCCESS        2            11            10.67        27.81            38.48            2
    86        87,    SUCCESS        2            6            11.55        27.37            38.92            2
    74        75,    SUCCESS        2            7            11.79        27.23            39.02            2
    127        128,    SUCCESS        2            1            11.62        27.48            39.1            2
    78        79,    SUCCESS        2            3            11.76        27.37            39.13            2
    52        53,    SUCCESS        2            8            11.77        27.59            39.36            2
    113        114,    SUCCESS        2            14            11.59        27.98            39.57            2
    24        25,    SUCCESS        2            15            13.55        27.23            40.78            1
    19        20,    SUCCESS        2            10            13.59        27.37            40.96            1
    34        35,    SUCCESS        2            17            13.54        27.81            41.35            1
    29        30,    SUCCESS        2            12            13.37        28.09            41.46            1
    42        43,    SUCCESS        2            18            13.6        28.09            41.69            1
    27        28,    SUCCESS        2            0            14.21        27.59            41.8            1
    35        36,    SUCCESS        2            5            13.82        27.98            41.8            1
    225        226,    SUCCESS        2            2            10.7        35.79            46.49            2
    117        118,    SUCCESS        2            4            10.52        36.08            46.6            2
    90        91,    SUCCESS        2            19            10.48        38.3            48.78            2
    214        215,    SUCCESS        2            16            10.7        38.19            48.89            2
    88        89,    SUCCESS        2            13            10.76        38.3            49.06            2
    129        130,    SUCCESS        2            11            10.69        38.48            49.17            2
    153        154,    SUCCESS        2            6            10.6        38.92            49.52            2
    198        199,    SUCCESS        2            7            10.61        39.02            49.63            2
    79        80,    SUCCESS        2            1            10.64        39.1            49.74            2
    213        214,    SUCCESS        2            3            10.81        39.13            49.94            2
    224        225,    SUCCESS        2            8            10.69        39.36            50.05            2
    152        153,    SUCCESS        2            14            10.66        39.57            50.23            2
    66        67,    SUCCESS        2            17            10.71        41.35            52.06            2
    169        170,    SUCCESS        2            9            11.03        41.46            52.5            2
    25        26,    SUCCESS        2            15            13.1        40.78            53.88            1
    31        32,    SUCCESS        2            10            13.36        40.96            54.32            1
    33        34,    SUCCESS        2            0            12.99        41.8            54.79            1
    36        37,    SUCCESS        2            12            13.58        41.46            55.04            1
    47        48,    SUCCESS        2            18            13.46        41.69            55.15            1
    38        39,    SUCCESS        2            5            14.02        41.8            55.82            1
    208        209,    SUCCESS        2            4            10.42        46.6            57.02            2
    80        81,    SUCCESS        2            2            10.64        46.49            57.13            2
    73        74,    SUCCESS        2            19            10.73        48.78            59.51            2
    171        172,    SUCCESS        2            16            10.73        48.89            59.62            2
    159        160,    SUCCESS        2            13            10.67        49.06            59.73            2
    85        86,    SUCCESS        2            11            10.77        49.17            59.94            2
    139        140,    SUCCESS        2            6            10.54        49.52            60.06            2
    126        127,    SUCCESS        2            7            10.57        49.63            60.2            2
    161        162,    SUCCESS        2            3            10.47        49.94            60.41            2
    112        113,    SUCCESS        2            1            10.78        49.74            60.52            2
    226        227,    SUCCESS        2            14            10.45        50.23            60.68            2
    130        131,    SUCCESS        2            8            10.74        50.05            60.79            2
    99        100,    SUCCESS        2            17            10.56        52.06            62.62            2
    101        102,    SUCCESS        2            10            10.59        54.32            64.91            2
    75        76,    SUCCESS        2            18            10.32        55.15            65.47            2
    77        78,    SUCCESS        2            12            10.54        55.04            65.58            2
    237        238,    SUCCESS        2            9            11.7        55.15            66.85            2
    57        58,    SUCCESS        2            4            10.52        57.02            67.54            2
    32        33,    SUCCESS        2            15            13.66        53.88            67.54            1
    111        112,    SUCCESS        2            2            10.63        57.13            67.76            2
    40        41,    SUCCESS        2            0            13.57        54.79            68.36            1
    43        44,    SUCCESS        2            5            13.34        55.82            69.16            1
    157        158,    SUCCESS        2            16            10.43        59.62            70.05            2
    110        111,    SUCCESS        2            19            10.54        59.51            70.05            2
    238        239,    SUCCESS        2            13            10.56        59.73            70.29            2
    147        148,    SUCCESS        2            11            10.69        59.94            70.63            2
    190        191,    SUCCESS        2            6            10.68        60.06            70.74            2
    128        129,    SUCCESS        2            7            10.54        60.2            70.74            2
    163        164,    SUCCESS        2            3            10.49        60.41            70.9            2
    217        218,    SUCCESS        2            1            10.61        60.52            71.13            2
    115        116,    SUCCESS        2            14            10.56        60.68            71.24            2
    67        68,    SUCCESS        2            8            10.65        60.79            71.44            2
    92        93,    SUCCESS        2            17            10.65        62.62            73.27            2
    69        70,    SUCCESS        2            10            10.66        64.91            75.57            2
    206        207,    SUCCESS        2            18            10.47        65.47            75.94            2
    87        88,    SUCCESS        2            12            10.67        65.58            76.25            2
    209        210,    SUCCESS        2            4            10.58        67.54            78.12            2
    93        94,    SUCCESS        2            2            10.69        67.76            78.45            2
    108        109,    SUCCESS        2            5            10.8        69.16            79.96            2
    187        188,    SUCCESS        2            16            10.55        70.05            80.6            2
    166        167,    SUCCESS        2            19            10.66        70.05            80.71            2
    84        85,    SUCCESS        2            13            10.53        70.29            80.82            2
    62        63,    SUCCESS        2            11            10.45        70.63            81.08            2
    46        47,    SUCCESS        2            15            13.7        67.54            81.24            1
    53        54,    SUCCESS        2            3            10.45        70.9            81.35            2
    131        132,    SUCCESS        2            7            10.61        70.74            81.35            2
    145        146,    SUCCESS        2            6            10.72        70.74            81.46            2
    45        46,    SUCCESS        2            0            13.25        68.36            81.61            1
    168        169,    SUCCESS        2            1            10.59        71.13            81.72            2
    132        133,    SUCCESS        2            14            10.59        71.24            81.83            2
    91        92,    SUCCESS        2            8            10.68        71.44            82.12            2
    118        119,    SUCCESS        2            17            10.6        73.27            83.87            2
    72        73,    SUCCESS        2            10            10.55        75.57            86.12            2
    56        57,    SUCCESS        2            18            10.6        75.94            86.54            2
    100        101,    SUCCESS        2            12            10.63        76.25            86.88            2
    148        149,    SUCCESS        2            4            10.5        78.12            88.62            2
    94        95,    SUCCESS        2            2            10.71        78.45            89.16            2
    102        103,    SUCCESS        2            5            10.56        79.96            90.52            2
    192        193,    SUCCESS        2            16            10.47        80.6            91.07            2
    216        217,    SUCCESS        2            19            10.63        80.71            91.34            2
    176        177,    SUCCESS        2            11            10.61        81.08            91.69            2
    181        182,    SUCCESS        2            3            10.48        81.35            91.83            2
    137        138,    SUCCESS        2            7            10.59        81.35            91.94            2
    60        61,    SUCCESS        2            0            10.51        81.61            92.12            2
    162        163,    SUCCESS        2            6            10.66        81.46            92.12            2
    191        192,    SUCCESS        2            1            10.53        81.72            92.25            2
    183        184,    SUCCESS        2            14            10.7        81.83            92.53            2
    218        219,    SUCCESS        2            8            10.72        82.12            92.84            2
    156        157,    SUCCESS        2            9            11.73        81.24            92.97            2
    142        143,    SUCCESS        2            17            10.72        83.87            94.59            2
    48        49,    SUCCESS        2            15            13.53        81.24            94.77            1
    114        115,    SUCCESS        2            10            10.53        86.12            96.65            2
    219        220,    SUCCESS        2            18            10.49        86.54            97.03            2
    215        216,    SUCCESS        2            12            10.48        86.88            97.36            2
    149        150,    SUCCESS        2            4            10.57        88.62            99.19            2
    120        121,    SUCCESS        2            2            10.52        89.16            99.68            2
    89        90,    SUCCESS        2            5            10.64        90.52            101.16            2
    236        237,    SUCCESS        2            16            10.75        91.07            101.82            2
    158        159,    SUCCESS        2            19            10.68        91.34            102.02            2
    182        183,    SUCCESS        2            11            10.48        91.69            102.17            2
    241        242,    SUCCESS        2            3            10.63        91.83            102.46            2
    135        136,    SUCCESS        2            7            10.63        91.94            102.57            2
    174        175,    SUCCESS        2            6            10.7        92.12            102.82            2
    165        166,    SUCCESS        2            0            10.81        92.12            102.93            2
    180        181,    SUCCESS        2            1            10.79        92.25            103.04            2
    207        208,    SUCCESS        2            14            10.65        92.53            103.18            2
    175        176,    SUCCESS        2            8            10.48        92.84            103.32            2
    167        168,    SUCCESS        2            17            10.51        94.59            105.1            2
    49        50,    SUCCESS        2            15            10.44        94.77            105.21            2
    96        97,    SUCCESS        2            9            11.6        94.77            106.37            2
    146        147,    SUCCESS        2            10            10.56        96.65            107.21            2
    98        99,    SUCCESS        2            18            10.63        97.03            107.66            2
    95        96,    SUCCESS        2            12            10.78        97.36            108.14            2
    133        134,    SUCCESS        2            4            10.71        99.19            109.9            2
    194        195,    SUCCESS        2            2            10.47        99.68            110.15            2
    54        55,    SUCCESS        2            5            10.62        101.16            111.78            2
    189        190,    SUCCESS        2            19            10.55        102.02            112.57            2
    201        202,    SUCCESS        2            11            10.63        102.17            112.8            2
    203        204,    SUCCESS        2            3            10.6        102.46            113.06            2
    59        60,    SUCCESS        2            7            10.61        102.57            113.18            2
    83        84,    SUCCESS        2            6            10.56        102.82            113.38            2
    125        126,    SUCCESS        2            0            10.7        102.93            113.63            2
    202        203,    SUCCESS        2            1            10.7        103.04            113.74            2
    160        161,    SUCCESS        2            14            10.67        103.18            113.85            2
    140        141,    SUCCESS        2            8            10.93        103.32            114.25            2
    154        155,    SUCCESS        2            17            10.41        105.1            115.51            2
    61        62,    SUCCESS        2            15            10.79        105.21            116            2
    63        64,    SUCCESS        2            10            10.51        107.21            117.72            2
    195        196,    SUCCESS        2            18            10.43        107.66            118.09            2
    138        139,    SUCCESS        2            12            10.72        108.14            118.86            2
    200        201,    SUCCESS        2            4            10.79        109.9            120.69            2
    196        197,    SUCCESS        2            2            10.81        110.15            120.96            2
    143        144,    SUCCESS        2            5            10.56        111.78            122.34            2
    119        120,    SUCCESS        2            19            10.61        112.57            123.18            2
    103        104,    SUCCESS        2            3            10.55        113.06            123.61            2
    122        123,    SUCCESS        2            7            10.62        113.18            123.8            2
    227        228,    SUCCESS        2            6            10.53        113.38            123.91            2
    222        223,    SUCCESS        2            1            10.51        113.74            124.25            2
    136        137,    SUCCESS        2            0            10.73        113.63            124.36            2
    58        59,    SUCCESS        2            14            10.62        113.85            124.47            2
    230        231,    SUCCESS        2            8            10.56        114.25            124.81            2
    116        117,    SUCCESS        2            15            10.69        116            126.69            2
    229        230,    SUCCESS        2            10            10.72        117.72            128.44            2
    82        83,    SUCCESS        2            18            10.64        118.09            128.73            2
    188        189,    SUCCESS        2            12            10.55        118.86            129.41            2
    186        187,    SUCCESS        2            4            10.5        120.69            131.19            2
    240        241,    SUCCESS        2            2            10.91        120.96            131.87            2
    81        82,    SUCCESS        2            5            10.39        122.34            132.73            2
    193        194,    SUCCESS        2            19            10.45        123.18            133.63            2
    232        233,    SUCCESS        2            7            10.44        123.8            134.24            2
    172        173,    SUCCESS        2            3            10.74        123.61            134.35            2
    185        186,    SUCCESS        2            6            10.6        123.91            134.51            2
    164        165,    SUCCESS        2            14            10.51        124.47            134.98            2
    150        151,    SUCCESS        2            0            10.73        124.36            135.09            2
    204        205,    SUCCESS        2            15            10.58        126.69            137.27            2
    199        200,    SUCCESS        2            18            10.56        128.73            139.29            2
    170        171,    SUCCESS        2            12            10.49        129.41            139.9            2
    173        174,    SUCCESS        2            2            10.67        131.87            142.54            2
    221        222,    SUCCESS        2            5            10.67        132.73            143.4            2
    239        240,    SUCCESS        2            19            10.43        133.63            144.06            2
    134        135,    SUCCESS        2            3            10.48        134.35            144.83            2
    197        198,    SUCCESS        2            7            10.7        134.24            144.94            2
    106        107,    SUCCESS        2            6            10.55        134.51            145.06            2
    151        152,    SUCCESS        2            0            10.32        135.09            145.41            2
    205        206,    SUCCESS        2            15            10.46        137.27            147.73            2
    242        243,    SUCCESS        2            18            10.51        139.29            149.8            2
    177        178,    SUCCESS        2            12            10.7        139.9            150.6            2
    231        232,    SUCCESS        2            5            10.59        143.4            153.99            2
    107        108,    SUCCESS        2            19            10.59        144.06            154.65            2
    212        213,    SUCCESS        2            7            10.65        144.94            155.59            2
    211        212,    SUCCESS        2            6            10.64        145.06            155.7            2
    55        56,    SUCCESS        2            0            10.6        145.41            156.01            2
    184        185,    SUCCESS        2            15            10.8        147.73            158.53            2
    244        245,    SUCCESS        2            18            10.48        149.8            160.28            2
    178        179,    SUCCESS        2            12            10.58        150.6            161.18            2
    121        122,    SUCCESS        2            19            10.62        154.65            165.27            2
    109        110,    SUCCESS        2            6            10.55        155.7            166.25            2
    228        229,    SUCCESS        2            7            10.66        155.59            166.25            2
    223        224,    SUCCESS        2            0            10.73        156.01            166.74            2
    210        211,    SUCCESS        2            15            10.66        158.53            169.19            2
    179        180,    SUCCESS        2            12            10.66        161.18            171.84            2
    235        236,    SUCCESS        2            19            10.46        165.27            175.73            2
    155        156,    SUCCESS        2            6            10.54        166.25            176.79            2
    104        105,    SUCCESS        2            0            10.34        166.74            177.08            2
    220        221,    SUCCESS        2            12            10.6        171.84            182.44            2
    71        72,    SUCCESS        2            19            10.66        175.73            186.39            2
    234        235,    SUCCESS        2            0            10.79        177.08            187.87            2
    233        234,    SUCCESS        2            12            10.58        182.44            193.02            2
    243        244,    SUCCESS        2            19            10.42        186.39            196.81            2
    245        246,    SUCCESS        2            4            15.7        196.81            212.51            3
    246        247,    SUCCESS        2            10            16.91        212.51            229.42            4
    250        251,    SUCCESS        2            9            10.87        229.42            240.3            5
    254        255,    SUCCESS        2            19            11.14        229.42            240.56            5
    251        252,    SUCCESS        2            6            11.17        229.42            240.59            5
    264        265,    SUCCESS        2            8            11.17        229.42            240.59            5
    248        249,    SUCCESS        2            12            11.19        229.42            240.61            5
    258        259,    SUCCESS        2            1            11.25        229.42            240.67            5
    263        264,    SUCCESS        2            11            11.31        229.42            240.74            5
    247        248,    SUCCESS        2            17            11.33        229.42            240.76            5
    249        250,    SUCCESS        2            5            11.41        229.42            240.83            5
    265        266,    SUCCESS        2            14            11.43        229.42            240.85            5
    260        261,    SUCCESS        2            4            11.46        229.42            240.88            5
    261        262,    SUCCESS        2            3            11.47        229.42            240.89            5
    268        269,    SUCCESS        2            10            11.5        229.42            240.92            5
    255        256,    SUCCESS        2            15            11.51        229.42            240.94            5
    259        260,    SUCCESS        2            18            11.54        229.42            240.96            5
    267        268,    SUCCESS        2            2            11.55        229.42            240.97            5
    262        263,    SUCCESS        2            7            11.6        229.42            241.03            5
    281        282,    SUCCESS        2            9            10.83        240.3            251.13            5
    287        288,    SUCCESS        2            1            10.57        240.67            251.24            5
    274        275,    SUCCESS        2            6            10.76        240.59            251.35            5
    252        253,    SUCCESS        2            12            10.74        240.61            251.35            5
    269        270,    SUCCESS        2            8            10.87        240.59            251.46            5
    266        267,    SUCCESS        2            11            10.72        240.74            251.46            5
    286        287,    SUCCESS        2            14            10.61        240.85            251.46            5
    282        283,    SUCCESS        2            15            10.52        240.94            251.46            5
    270        271,    SUCCESS        2            18            10.61        240.96            251.57            5
    256        257,    SUCCESS        2            5            10.85        240.83            251.68            5
    288        289,    SUCCESS        2            7            10.65        241.03            251.68            5
    279        280,    SUCCESS        2            17            10.92        240.76            251.68            5
    272        273,    SUCCESS        2            3            10.9        240.89            251.79            5
    278        279,    SUCCESS        2            2            10.95        240.97            251.92            5
    289        290,    SUCCESS        2            1            10.45        251.24            261.69            5
    290        291,    SUCCESS        2            9            10.67        251.13            261.8            5
    253        254,    SUCCESS        2            12            10.45        251.35            261.8            5
    271        272,    SUCCESS        2            11            10.49        251.46            261.95            5
    292        293,    SUCCESS        2            15            10.6        251.46            262.06            5
    284        285,    SUCCESS        2            8            10.71        251.46            262.17            5
    275        276,    SUCCESS        2            18            10.73        251.57            262.3            5
    276        277,    SUCCESS        2            5            10.73        251.68            262.41            5
    291        292,    SUCCESS        2            7            10.84        251.68            262.52            5
    273        274,    SUCCESS        2            3            10.84        251.79            262.63            5
    257        258,    SUCCESS        2            12            10.35        261.8            272.15            5
    277        278,    SUCCESS        2            11            10.86        261.95            272.81            5
    295        296,    SUCCESS        2            8            10.85        262.17            273.02            5
    283        284,    SUCCESS        2            5            10.77        262.41            273.18            5
    294        295,    SUCCESS        2            3            11.24        262.63            273.87            5
    280        281,    SUCCESS        2            12            11.06        272.15            283.21            5
    285        286,    SUCCESS        2            5            10.67        273.18            283.85            5
    293        294,    SUCCESS        2            5            10.58        283.85            294.43            5
    296        297,    SUCCESS        2            3            46.11        294.43            340.54            6
    297        298,    SUCCESS        2            14            29.33        340.54            369.87            7
    298        299,    SUCCESS        2            0            36.83        369.87            406.69            8
    299        300,    SUCCESS        2            9            4.04        406.69            410.74            9
