========== OUTPUT ==========

Job ID    Task ID    STATUS    Data center ID    VM ID        Time    Start Time    Finish Time      Depth
    
    100            SUCCESS        2            13            0.11        0.1            0.21            0
    3        4,    SUCCESS        2            9            13.44        0.21            13.65            1
    0        1,    SUCCESS        2            1            13.52        0.21            13.73            1
    8        9,    SUCCESS        2            16            13.52        0.21            13.73            1
    7        8,    SUCCESS        2            6            13.61        0.21            13.82            1
    9        10,    SUCCESS        2            13            13.63        0.21            13.84            1
    15        16,    SUCCESS        2            15            13.77        0.21            13.98            1
    1        2,    SUCCESS        2            10            13.8        0.21            14.01            1
    11        12,    SUCCESS        2            11            13.89        0.21            14.1            1
    4        5,    SUCCESS        2            7            13.94        0.21            14.15            1
    5        6,    SUCCESS        2            17            13.94        0.21            14.15            1
    13        14,    SUCCESS        2            2            13.95        0.21            14.16            1
    6        7,    SUCCESS        2            19            13.95        0.21            14.16            1
    14        15,    SUCCESS        2            0            14.04        0.21            14.25            1
    27        28,    SUCCESS        2            16            10.75        13.73            24.48            2
    50        51,    SUCCESS        2            10            10.58        14.01            24.59            2
    44        45,    SUCCESS        2            2            10.57        14.16            24.73            2
    46        47,    SUCCESS        2            17            10.69        14.15            24.84            2
    18        19,    SUCCESS        2            19            10.68        14.16            24.84            2
    40        41,    SUCCESS        2            0            10.7        14.25            24.95            2
    60        61,    SUCCESS        2            7            10.8        14.15            24.95            2
    68        69,    SUCCESS        2            13            11.18        14.16            25.34            2
    51        52,    SUCCESS        2            8            11.68        13.84            25.52            2
    53        54,    SUCCESS        2            14            11.77        13.84            25.61            2
    54        55,    SUCCESS        2            4            11.65        13.98            25.63            2
    76        77,    SUCCESS        2            15            11.74        13.98            25.72            2
    37        38,    SUCCESS        2            12            11.63        14.15            25.78            2
    10        11,    SUCCESS        2            6            13.41        13.82            27.23            1
    2         3,     SUCCESS        2            1            13.8        13.73            27.53            1
    12        13,    SUCCESS        2            11            13.54        14.1            27.64            1
    49        50,    SUCCESS        2            10            10.48        24.59            35.07            2
    74        75,    SUCCESS        2            16            10.7        24.48            35.18            2
    19        20,    SUCCESS        2            19            10.57        24.84            35.41            2
    70        71,    SUCCESS        2            0            10.57        24.95            35.52            2
    32        33,    SUCCESS        2            2            10.79        24.73            35.52            2
    17        18,    SUCCESS        2            17            10.68        24.84            35.52            2
    36        37,    SUCCESS        2            7            10.68        24.95            35.63            2
    77        78,    SUCCESS        2            4            10.52        25.63            36.15            2
    16        17,    SUCCESS        2            8            10.74        25.52            36.26            2
    29        30,    SUCCESS        2            14            10.76        25.61            36.37            2
    58        59,    SUCCESS        2            1            10.41        27.53            37.94            2
    24        25,    SUCCESS        2            11            10.41        27.64            38.05            2
    26        27,    SUCCESS        2            3            11.6        27.53            39.13            2
    23        24,    SUCCESS        2            9            11.63        27.53            39.16            2
    22        23,    SUCCESS        2            18            11.67        27.53            39.2            2
    25        26,    SUCCESS        2            12            11.73        27.53            39.26            2
    65        66,    SUCCESS        2            15            11.85        27.64            39.49            2
    21        22,    SUCCESS        2            16            10.49        35.18            45.67            2
    63        64,    SUCCESS        2            10            10.72        35.07            45.79            2
    35        36,    SUCCESS        2            2            10.47        35.52            45.99            2
    48        49,    SUCCESS        2            19            10.69        35.41            46.1            2
    72        73,    SUCCESS        2            0            10.69        35.52            46.21            2
    62        63,    SUCCESS        2            17            10.8        35.52            46.32            2
    38        39,    SUCCESS        2            7            10.82        35.63            46.45            2
    31        32,    SUCCESS        2            4            10.54        36.15            46.69            2
    66        67,    SUCCESS        2            14            10.53        36.37            46.9            2
    30        31,    SUCCESS        2            8            10.78        36.26            47.04            2
    67        68,    SUCCESS        2            11            10.42        38.05            48.47            2
    34        35,    SUCCESS        2            1            10.68        37.94            48.62            2
    64        65,    SUCCESS        2            9            10.58        39.16            49.74            2
    56        57,    SUCCESS        2            18            10.65        39.2            49.85            2
    75        76,    SUCCESS        2            12            10.7        39.26            49.96            2
    39        40,    SUCCESS        2            16            10.59        45.67            56.26            2
    33        34,    SUCCESS        2            19            10.43        46.1            56.53            2
    47        48,    SUCCESS        2            2            10.69        45.99            56.68            2
    73        74,    SUCCESS        2            0            10.58        46.21            56.79            2
    43        44,    SUCCESS        2            7            10.68        46.45            57.13            2
    59        60,    SUCCESS        2            1            10.55        48.62            59.17            2
    61        62,    SUCCESS        2            16            10.53        56.26            66.79            2
    71        72,    SUCCESS        2            19            10.48        56.53            67.01            2
    52        53,    SUCCESS        2            2            10.51        56.68            67.19            2
    55        56,    SUCCESS        2            0            10.59        56.79            67.38            2
    69        70,    SUCCESS        2            7            10.48        57.13            67.61            2
    42        43,    SUCCESS        2            1            10.56        59.17            69.73            2
    41        42,    SUCCESS        2            2            10.73        67.19            77.92            2
    20        21,    SUCCESS        2            7            10.63        67.61            78.24            2
    45        46,    SUCCESS        2            1            10.66        69.73            80.39            2
    28        29,    SUCCESS        2            2            10.6        77.92            88.52            2
    57        58,    SUCCESS        2            2            10.54        88.52            99.06            2
    78        79,    SUCCESS        2            0            4.97        99.06            104.03            3
    79        80,    SUCCESS        2            11            11.82        104.03            115.86            4
    80        81,    SUCCESS        2            0            11.03        115.86            126.89            5
    85        86,    SUCCESS        2            3            11.13        115.86            126.99            5
    93        94,    SUCCESS        2            19            11.21        115.86            127.07            5
    87        88,    SUCCESS        2            16            11.27        115.86            127.13            5
    82        83,    SUCCESS        2            17            11.31        115.86            127.17            5
    90        91,    SUCCESS        2            10            11.38        115.86            127.24            5
    81        82,    SUCCESS        2            11            11.41        115.86            127.27            5
    88        89,    SUCCESS        2            2            11.47        115.86            127.33            5
    89        90,    SUCCESS        2            4            11.57        115.86            127.42            5
    91        92,    SUCCESS        2            18            11.6        115.86            127.45            5
    83        84,    SUCCESS        2            0            10.61        126.89            137.5            5
    94        95,    SUCCESS        2            3            10.76        126.99            137.75            5
    86        87,    SUCCESS        2            17            10.69        127.17            137.86            5
    84        85,    SUCCESS        2            0            10.79        137.5            148.29            5
    92        93,    SUCCESS        2            0            10.78        148.29            159.07            5
    95        96,    SUCCESS        2            0            10.77        159.07            169.84            5
    96        97,    SUCCESS        2            10            14.16        169.84            184            6
    97        98,    SUCCESS        2            18            9.56        184            193.56            7
    98        99,    SUCCESS        2            14            18.89        193.56            212.45            8
    99        100,    SUCCESS        2            3            2.14        212.45            214.59            9