========== OUTPUT ==========
Job ID    Task ID    STATUS    Data center ID    VM ID        Time    Start Time    Finish Time    Depth
    400        Stage-in    SUCCESS        2            16            0.11        0.1            0.21            0
    7        8,    SUCCESS        2            17            13.35        0.21            13.56            1
    16        17,    SUCCESS        2            2            13.45        0.21            13.66            1
    19        20,    SUCCESS        2            3            13.54        0.21            13.75            1
    5        6,    SUCCESS        2            13            13.66        0.21            13.87            1
    20        21,    SUCCESS        2            0            13.85        0.21            14.06            1
    0        1,    SUCCESS        2            1            13.85        0.21            14.06            1
    6        7,    SUCCESS        2            16            13.94        0.21            14.15            1
    32        33,    SUCCESS        2            9            13.96        0.21            14.17            1
    3        4,    SUCCESS        2            18            13.96        0.21            14.17            1
    2        3,    SUCCESS        2            4            13.97        0.21            14.18            1
    13        14,    SUCCESS        2            7            13.97        0.21            14.18            1
    15        16,    SUCCESS        2            10            13.99        0.21            14.2            1
    30        31,    SUCCESS        2            12            13.99        0.21            14.2            1
    49        50,    SUCCESS        2            19            14.07        0.21            14.28            1
    4        5,    SUCCESS        2            5            14.08        0.21            14.29            1
    8        9,    SUCCESS        2            6            14.1        0.21            14.31            1
    10        11,    SUCCESS        2            11            14.14        0.21            14.35            1
    17        18,    SUCCESS        2            8            14.2        0.21            14.41            1
    44        45,    SUCCESS        2            14            14.22        0.21            14.43            1
    1        2,    SUCCESS        2            15            14.25        0.21            14.46            1
    83        84,    SUCCESS        2            12            11.85        14.31            26.16            2
    48        49,    SUCCESS        2            3            13.37        13.75            27.12            1
    31        32,    SUCCESS        2            0            13.17        14.06            27.23            1
    18        19,    SUCCESS        2            17            13.67        13.56            27.23            1
    21        22,    SUCCESS        2            10            13.14        14.2            27.34            1
    45        46,    SUCCESS        2            16            13.32        14.15            27.47            1
    38        39,    SUCCESS        2            2            13.92        13.66            27.58            1
    24        25,    SUCCESS        2            7            13.4        14.18            27.58            1
    11        12,    SUCCESS        2            1            13.63        14.06            27.69            1
    52        53,    SUCCESS        2            5            13.4        14.29            27.69            1
    25        26,    SUCCESS        2            4            13.62        14.18            27.8            1
    47        48,    SUCCESS        2            14            13.37        14.43            27.8            1
    51        52,    SUCCESS        2            19            13.52        14.28            27.8            1
    12        13,    SUCCESS        2            13            14.04        13.87            27.91            1
    22        23,    SUCCESS        2            15            13.45        14.46            27.91            1
    9        10,    SUCCESS        2            6            13.71        14.31            28.02            1
    26        27,    SUCCESS        2            8            13.61        14.41            28.02            1
    35        36,    SUCCESS        2            9            13.85        14.17            28.02            1
    36        37,    SUCCESS        2            11            13.82        14.35            28.17            1
    120        121,    SUCCESS        2            12            10.7        26.16            36.86            2
    90        91,    SUCCESS        2            0            10.63        27.23            37.86            2
    74        75,    SUCCESS        2            17            10.74        27.23            37.97            2
    130        131,    SUCCESS        2            16            10.77        27.47            38.24            2
    77        78,    SUCCESS        2            19            10.55        27.8            38.35            2
    242        243,    SUCCESS        2            3            11.68        27.47            39.15            2
    271        272,    SUCCESS        2            18            11.67        27.69            39.36            2
    50        51,    SUCCESS        2            14            13.37        27.8            41.17            1
    33        34,    SUCCESS        2            10            13.95        27.34            41.29            1
    42        43,    SUCCESS        2            2            13.82        27.58            41.4            1
    41        42,    SUCCESS        2            7            13.82        27.58            41.4            1
    40        41,    SUCCESS        2            9            13.38        28.02            41.4            1
    14        15,    SUCCESS        2            1            13.82        27.69            41.51            1
    58        59,    SUCCESS        2            8            13.49        28.02            41.51            1
    27        28,    SUCCESS        2            4            13.82        27.8            41.62            1
    23        24,    SUCCESS        2            15            13.82        27.91            41.73            1
    28        29,    SUCCESS        2            6            13.82        28.02            41.84            1
    34        35,    SUCCESS        2            13            14.04        27.91            41.95            1
    37        38,    SUCCESS        2            11            13.89        28.17            42.06            1
    273        274,    SUCCESS        2            12            10.58        36.86            47.44            2
    151        152,    SUCCESS        2            0            10.53        37.86            48.39            2
    175        176,    SUCCESS        2            17            10.53        37.97            48.5            2
    72        73,    SUCCESS        2            19            10.63        38.35            48.98            2
    259        260,    SUCCESS        2            16            10.85        38.24            49.09            2
    149        150,    SUCCESS        2            3            10.56        39.15            49.71            2
    101        102,    SUCCESS        2            18            10.55        39.36            49.91            2
    69        70,    SUCCESS        2            7            10.56        41.4            51.96            2
    71        72,    SUCCESS        2            4            10.77        41.62            52.39            2
    208        209,    SUCCESS        2            15            10.8        41.73            52.53            2
    187        188,    SUCCESS        2            5            11.49        41.29            52.78            2
    54        55,    SUCCESS        2            1            13.35        41.51            54.86            1
    53        54,    SUCCESS        2            2            13.57        41.4            54.97            1
    43        44,    SUCCESS        2            10            13.68        41.29            54.97            1
    62        63,    SUCCESS        2            14            13.8        41.17            54.97            1
    63        64,    SUCCESS        2            8            13.57        41.51            55.08            1
    60        61,    SUCCESS        2            9            13.79        41.4            55.19            1
    29        30,    SUCCESS        2            6            13.7        41.84            55.54            1
    59        60,    SUCCESS        2            11            13.59        42.06            55.65            1
    46        47,    SUCCESS        2            13            14.13        41.95            56.08            1
    75        76,    SUCCESS        2            12            10.55        47.44            57.99            2
    220        221,    SUCCESS        2            0            10.51        48.39            58.9            2
    253        254,    SUCCESS        2            17            10.75        48.5            59.25            2
    127        128,    SUCCESS        2            19            10.54        48.98            59.52            2
    117        118,    SUCCESS        2            16            10.76        49.09            59.85            2
    156        157,    SUCCESS        2            3            10.51        49.71            60.22            2
    178        179,    SUCCESS        2            18            10.52        49.91            60.43            2
    183        184,    SUCCESS        2            7            10.47        51.96            62.43            2
    176        177,    SUCCESS        2            4            10.5        52.39            62.89            2
    142        143,    SUCCESS        2            15            10.67        52.53            63.2            2
    107        108,    SUCCESS        2            5            10.72        52.78            63.5            2
    86        87,    SUCCESS        2            1            10.38        54.86            65.24            2
    112        113,    SUCCESS        2            14            10.69        54.97            65.66            2
    78        79,    SUCCESS        2            8            10.69        55.08            65.77            2
    88        89,    SUCCESS        2            11            10.56        55.65            66.21            2
    39        40,    SUCCESS        2            6            12.93        55.54            68.47            1
    140        141,    SUCCESS        2            12            10.59        57.99            68.59            2
    56        57,    SUCCESS        2            10            13.72        54.97            68.7            1
    55        56,    SUCCESS        2            2            13.83        54.97            68.81            1
    61        62,    SUCCESS        2            9            13.76        55.19            68.95            1
    104        105,    SUCCESS        2            0            10.56        58.9            69.46            2
    239        240,    SUCCESS        2            17            10.62        59.25            69.87            2
    57        58,    SUCCESS        2            13            13.9        56.08            69.98            1
    103        104,    SUCCESS        2            19            10.67        59.52            70.19            2
    79        80,    SUCCESS        2            16            10.61        59.85            70.46            2
    262        263,    SUCCESS        2            3            10.56        60.22            70.78            2
    137        138,    SUCCESS        2            18            10.57        60.43            71            2
    122        123,    SUCCESS        2            7            10.68        62.43            73.11            2
    243        244,    SUCCESS        2            4            10.48        62.89            73.37            2
    213        214,    SUCCESS        2            15            10.73        63.2            73.93            2
    195        196,    SUCCESS        2            5            10.54        63.5            74.04            2
    97        98,    SUCCESS        2            1            10.44        65.24            75.68            2
    70        71,    SUCCESS        2            14            10.7        65.66            76.36            2
    261        262,    SUCCESS        2            8            10.7        65.77            76.47            2
    116        117,    SUCCESS        2            11            10.58        66.21            76.79            2
    125        126,    SUCCESS        2            6            10.63        68.47            79.1            2
    207        208,    SUCCESS        2            12            10.64        68.59            79.22            2
    87        88,    SUCCESS        2            2            10.79        68.81            79.59            2
    131        132,    SUCCESS        2            9            10.75        68.95            79.7            2
    272        273,    SUCCESS        2            0            10.69        69.46            80.15            2
    80        81,    SUCCESS        2            17            10.55        69.87            80.42            2
    267        268,    SUCCESS        2            13            10.72        69.98            80.7            2
    154        155,    SUCCESS        2            19            10.71        70.19            80.9            2
    237        238,    SUCCESS        2            16            10.73        70.46            81.19            2
    145        146,    SUCCESS        2            3            10.67        70.78            81.45            2
    119        120,    SUCCESS        2            18            10.76        71            81.76            2
    64        65,    SUCCESS        2            10            13.87        68.7            82.57            1
    238        239,    SUCCESS        2            7            10.7        73.11            83.81            2
    245        246,    SUCCESS        2            4            10.55        73.37            83.92            2
    82        83,    SUCCESS        2            15            10.85        73.93            84.78            2
    128        129,    SUCCESS        2            5            10.85        74.04            84.89            2
    102        103,    SUCCESS        2            1            10.4        75.68            86.08            2
    232        233,    SUCCESS        2            8            10.42        76.47            86.89            2
    132        133,    SUCCESS        2            14            10.64        76.36            87            2
    98        99,    SUCCESS        2            11            10.66        76.79            87.45            2
    185        186,    SUCCESS        2            12            10.53        79.22            89.76            2
    217        218,    SUCCESS        2            6            10.76        79.1            89.87            2
    258        259,    SUCCESS        2            2            10.52        79.59            90.12            2
    135        136,    SUCCESS        2            9            10.64        79.7            90.35            2
    180        181,    SUCCESS        2            0            10.56        80.15            90.71            2
    177        178,    SUCCESS        2            13            10.54        80.7            91.24            2
    274        275,    SUCCESS        2            17            10.93        80.42            91.35            2
    95        96,    SUCCESS        2            19            10.67        80.9            91.57            2
    219        220,    SUCCESS        2            16            10.66        81.19            91.85            2
    189        190,    SUCCESS        2            3            10.61        81.45            92.06            2
    147        148,    SUCCESS        2            18            10.57        81.76            92.33            2
    244        245,    SUCCESS        2            7            10.5        83.81            94.31            2
    155        156,    SUCCESS        2            4            10.68        83.92            94.6            2
    257        258,    SUCCESS        2            15            10.48        84.78            95.26            2
    108        109,    SUCCESS        2            5            10.49        84.89            95.38            2
    65        66,    SUCCESS        2            10            13.65        82.57            96.22            1
    270        271,    SUCCESS        2            1            10.51        86.08            96.59            2
    280        281,    SUCCESS        2            8            10.55        86.89            97.44            2
    218        219,    SUCCESS        2            14            10.7        87            97.7            2
    260        261,    SUCCESS        2            11            10.5        87.45            97.95            2
    81        82,    SUCCESS        2            12            10.66        89.76            100.42            2
    124        125,    SUCCESS        2            6            10.66        89.87            100.53            2
    133        134,    SUCCESS        2            2            10.58        90.12            100.7            2
    118        119,    SUCCESS        2            9            10.51        90.35            100.86            2
    233        234,    SUCCESS        2            0            10.54        90.71            101.25            2
    179        180,    SUCCESS        2            13            10.6        91.24            101.84            2
    226        227,    SUCCESS        2            17            10.65        91.35            102            2
    205        206,    SUCCESS        2            19            10.67        91.57            102.24            2
    126        127,    SUCCESS        2            16            10.59        91.85            102.44            2
    279        280,    SUCCESS        2            3            10.63        92.06            102.69            2
    167        168,    SUCCESS        2            18            10.48        92.33            102.81            2
    160        161,    SUCCESS        2            7            10.44        94.31            104.75            2
    106        107,    SUCCESS        2            4            10.44        94.6            105.04            2
    172        173,    SUCCESS        2            5            10.48        95.38            105.86            2
    306        307,    SUCCESS        2            15            10.71        95.26            105.97            2
    85        86,    SUCCESS        2            10            10.63        96.22            106.85            2
    250        251,    SUCCESS        2            1            10.66        96.59            107.25            2
    313        314,    SUCCESS        2            8            10.58        97.44            108.02            2
    201        202,    SUCCESS        2            14            10.6        97.7            108.3            2
    268        269,    SUCCESS        2            11            10.5        97.95            108.45            2
    188        189,    SUCCESS        2            12            10.45        100.42            110.87            2
    228        229,    SUCCESS        2            6            10.5        100.53            111.03            2
    113        114,    SUCCESS        2            2            10.51        100.7            111.21            2
    266        267,    SUCCESS        2            9            10.5        100.86            111.36            2
    91        92,    SUCCESS        2            0            10.45        101.25            111.7            2
    315        316,    SUCCESS        2            13            10.63        101.84            112.47            2
    94        95,    SUCCESS        2            17            10.58        102            112.58            2
    162        163,    SUCCESS        2            16            10.42        102.44            112.86            2
    146        147,    SUCCESS        2            19            10.73        102.24            112.97            2
    281        282,    SUCCESS        2            3            10.39        102.69            113.08            2
    136        137,    SUCCESS        2            18            10.66        102.81            113.47            2
    161        162,    SUCCESS        2            7            10.69        104.75            115.44            2
    234        235,    SUCCESS        2            4            10.55        105.04            115.59            2
    182        183,    SUCCESS        2            5            10.64        105.86            116.5            2
    311        312,    SUCCESS        2            15            10.64        105.97            116.61            2
    93        94,    SUCCESS        2            10            10.63        106.85            117.48            2
    256        257,    SUCCESS        2            1            10.63        107.25            117.88            2
    319        320,    SUCCESS        2            8            10.52        108.02            118.54            2
    202        203,    SUCCESS        2            14            10.68        108.3            118.98            2
    210        211,    SUCCESS        2            11            10.64        108.45            119.09            2
    276        277,    SUCCESS        2            12            10.59        110.87            121.46            2
    269        270,    SUCCESS        2            6            10.54        111.03            121.57            2
    67        68,    SUCCESS        2            2            10.64        111.21            121.85            2
    138        139,    SUCCESS        2            9            10.74        111.36            122.1            2
    278        279,    SUCCESS        2            0            10.65        111.7            122.35            2
    174        175,    SUCCESS        2            13            10.65        112.47            123.12            2
    123        124,    SUCCESS        2            17            10.67        112.58            123.25            2
    105        106,    SUCCESS        2            16            10.58        112.86            123.44            2
    192        193,    SUCCESS        2            19            10.58        112.97            123.55            2
    111        112,    SUCCESS        2            3            10.67        113.08            123.75            2
    191        192,    SUCCESS        2            18            10.72        113.47            124.19            2
    166        167,    SUCCESS        2            4            10.44        115.59            126.03            2
    206        207,    SUCCESS        2            7            10.7        115.44            126.14            2
    297        298,    SUCCESS        2            5            10.67        116.5            127.17            2
    158        159,    SUCCESS        2            10            10.58        117.48            128.06            2
    109        110,    SUCCESS        2            1            10.66        117.88            128.54            2
    211        212,    SUCCESS        2            8            10.6        118.54            129.14            2
    66        67,    SUCCESS        2            14            10.54        118.98            129.52            2
    322        323,    SUCCESS        2            11            10.61        119.09            129.7            2
    251        252,    SUCCESS        2            12            10.65        121.46            132.11            2
    196        197,    SUCCESS        2            6            10.65        121.57            132.22            2
    110        111,    SUCCESS        2            2            10.55        121.85            132.4            2
    240        241,    SUCCESS        2            9            10.6        122.1            132.7            2
    317        318,    SUCCESS        2            0            10.47        122.35            132.82            2
    223        224,    SUCCESS        2            13            10.65        123.12            133.77            2
    134        135,    SUCCESS        2            17            10.63        123.25            133.88            2
    84        85,    SUCCESS        2            16            10.55        123.44            133.99            2
    301        302,    SUCCESS        2            3            10.4        123.75            134.15            2
    153        154,    SUCCESS        2            19            10.71        123.55            134.26            2
    231        232,    SUCCESS        2            18            10.61        124.19            134.8            2
    169        170,    SUCCESS        2            4            10.35        126.03            136.38            2
    96        97,    SUCCESS        2            7            10.6        126.14            136.74            2
    263        264,    SUCCESS        2            5            10.72        127.17            137.89            2
    159        160,    SUCCESS        2            10            10.64        128.06            138.7            2
    121        122,    SUCCESS        2            1            10.62        128.54            139.16            2
    171        172,    SUCCESS        2            8            10.57        129.14            139.71            2
    227        228,    SUCCESS        2            14            10.64        129.52            140.16            2
    324        325,    SUCCESS        2            11            10.57        129.7            140.27            2
    229        230,    SUCCESS        2            2            10.4        132.4            142.8            2
    212        213,    SUCCESS        2            6            10.69        132.22            142.91            2
    230        231,    SUCCESS        2            9            10.65        132.7            143.35            2
    305        306,    SUCCESS        2            0            10.63        132.82            143.46            2
    291        292,    SUCCESS        2            13            10.46        133.77            144.23            2
    164        165,    SUCCESS        2            17            10.6        133.88            144.48            2
    92        93,    SUCCESS        2            3            10.47        134.15            144.62            2
    129        130,    SUCCESS        2            16            10.74        133.99            144.73            2
    320        321,    SUCCESS        2            19            10.59        134.26            144.85            2
    255        256,    SUCCESS        2            18            10.52        134.8            145.32            2
    68        69,    SUCCESS        2            4            10.55        136.38            146.93            2
    163        164,    SUCCESS        2            7            10.51        136.74            147.25            2
    198        199,    SUCCESS        2            10            10.48        138.7            149.18            2
    186        187,    SUCCESS        2            1            10.85        139.16            150.01            2
    197        198,    SUCCESS        2            8            10.57        139.71            150.28            2
    235        236,    SUCCESS        2            14            10.53        140.16            150.69            2
    326        327,    SUCCESS        2            11            10.57        140.27            150.84            2
    314        315,    SUCCESS        2            6            10.51        142.91            153.42            2
    264        265,    SUCCESS        2            2            10.73        142.8            153.53            2
    181        182,    SUCCESS        2            9            10.53        143.35            153.88            2
    73        74,    SUCCESS        2            0            10.64        143.46            154.1            2
    287        288,    SUCCESS        2            13            10.57        144.23            154.8            2
    144        145,    SUCCESS        2            17            10.64        144.48            155.12            2
    307        308,    SUCCESS        2            3            10.61        144.62            155.23            2
    216        217,    SUCCESS        2            16            10.61        144.73            155.34            2
    241        242,    SUCCESS        2            19            10.7        144.85            155.55            2
    76        77,    SUCCESS        2            18            10.73        145.32            156.05            2
    139        140,    SUCCESS        2            4            10.53        146.93            157.46            2
    215        216,    SUCCESS        2            7            10.57        147.25            157.82            2
    200        201,    SUCCESS        2            10            10.55        149.18            159.73            2
    203        204,    SUCCESS        2            1            10.8        150.01            160.81            2
    312        313,    SUCCESS        2            8            10.76        150.28            161.04            2
    327        328,    SUCCESS        2            11            10.42        150.84            161.26            2
    143        144,    SUCCESS        2            14            10.74        150.69            161.43            2
    246        247,    SUCCESS        2            6            10.52        153.42            163.94            2
    165        166,    SUCCESS        2            2            10.72        153.53            164.25            2
    190        191,    SUCCESS        2            0            10.54        154.1            164.64            2
    209        210,    SUCCESS        2            9            10.87        153.88            164.75            2
    150        151,    SUCCESS        2            17            10.64        155.12            165.76            2
    310        311,    SUCCESS        2            3            10.64        155.23            165.87            2
    152        153,    SUCCESS        2            16            10.53        155.34            165.87            2
    298        299,    SUCCESS        2            19            10.53        155.55            166.08            2
    168        169,    SUCCESS        2            18            10.45        156.05            166.5            2
    275        276,    SUCCESS        2            4            10.71        157.46            168.17            2
    254        255,    SUCCESS        2            7            10.66        157.82            168.48            2
    199        200,    SUCCESS        2            10            10.54        159.73            170.27            2
    285        286,    SUCCESS        2            1            10.45        160.81            171.26            2
    325        326,    SUCCESS        2            8            10.74        161.04            171.78            2
    99        100,    SUCCESS        2            14            10.51        161.43            171.94            2
    288        289,    SUCCESS        2            6            10.61        163.94            174.55            2
    282        283,    SUCCESS        2            2            10.6        164.25            174.85            2
    294        295,    SUCCESS        2            0            10.49        164.64            175.13            2
    302        303,    SUCCESS        2            9            10.61        164.75            175.36            2
    184        185,    SUCCESS        2            17            10.56        165.76            176.32            2
    300        301,    SUCCESS        2            19            10.57        166.08            176.65            2
    247        248,    SUCCESS        2            18            10.56        166.5            177.06            2
    283        284,    SUCCESS        2            4            10.5        168.17            178.67            2
    316        317,    SUCCESS        2            7            10.74        168.48            179.22            2
    194        195,    SUCCESS        2            10            10.42        170.27            180.69            2
    277        278,    SUCCESS        2            1            10.65        171.26            181.91            2
    214        215,    SUCCESS        2            14            10.54        171.94            182.48            2
    308        309,    SUCCESS        2            6            10.5        174.55            185.05            2
    193        194,    SUCCESS        2            2            10.51        174.85            185.36            2
    148        149,    SUCCESS        2            0            10.61        175.13            185.74            2
    289        290,    SUCCESS        2            9            10.49        175.36            185.85            2
    141        142,    SUCCESS        2            17            10.66        176.32            186.98            2
    252        253,    SUCCESS        2            19            10.49        176.65            187.14            2
    225        226,    SUCCESS        2            18            10.6        177.06            187.66            2
    265        266,    SUCCESS        2            4            10.52        178.67            189.19            2
    290        291,    SUCCESS        2            7            10.64        179.22            189.86            2
    286        287,    SUCCESS        2            1            10.56        181.91            192.47            2
    318        319,    SUCCESS        2            14            10.4        182.48            192.88            2
    89        90,    SUCCESS        2            6            10.6        185.05            195.65            2
    157        158,    SUCCESS        2            2            10.67        185.36            196.03            2
    236        237,    SUCCESS        2            17            10.46        186.98            197.44            2
    249        250,    SUCCESS        2            18            10.6        187.66            198.26            2
    173        174,    SUCCESS        2            4            10.64        189.19            199.83            2
    321        322,    SUCCESS        2            7            10.63        189.86            200.49            2
    304        305,    SUCCESS        2            1            10.38        192.47            202.85            2
    299        300,    SUCCESS        2            14            10.57        192.88            203.45            2
    114        115,    SUCCESS        2            6            10.43        195.65            206.08            2
    303        304,    SUCCESS        2            17            10.69        197.44            208.13            2
    221        222,    SUCCESS        2            4            10.77        199.83            210.6            2
    284        285,    SUCCESS        2            1            10.51        202.85            213.36            2
    292        293,    SUCCESS        2            6            10.68        206.08            216.76            2
    170        171,    SUCCESS        2            17            10.95        208.13            219.08            2
    224        225,    SUCCESS        2            4            10.5        210.6            221.1            2
    309        310,    SUCCESS        2            1            10.51        213.36            223.87            2
    295        296,    SUCCESS        2            6            10.4        216.76            227.16            2
    248        249,    SUCCESS        2            17            10.81        219.08            229.89            2
    293        294,    SUCCESS        2            1            10.43        223.87            234.3            2
    296        297,    SUCCESS        2            6            10.85        227.16            238.01            2
    222        223,    SUCCESS        2            17            10.68        229.89            240.57            2
    204        205,    SUCCESS        2            1            10.58        234.3            244.88            2
    115        116,    SUCCESS        2            17            10.54        240.57            251.11            2
    100        101,    SUCCESS        2            17            10.51        251.11            261.62            2
    323        324,    SUCCESS        2            17            10.41        261.62            272.03            2
    328        329,    SUCCESS        2            17            20.98        272.03            293.01            3
    329        330,    SUCCESS        2            17            50.43        293.01            343.44            4
    330        331,    SUCCESS        2            5            11.04        343.44            354.48            5
    360        361,    SUCCESS        2            18            11.09        343.44            354.53            5
    353        354,    SUCCESS        2            0            11.13        343.44            354.57            5
    345        346,    SUCCESS        2            14            11.13        343.44            354.57            5
    332        333,    SUCCESS        2            6            11.15        343.44            354.59            5
    342        343,    SUCCESS        2            15            11.22        343.44            354.66            5
    340        341,    SUCCESS        2            8            11.24        343.44            354.68            5
    339        340,    SUCCESS        2            13            11.24        343.44            354.68            5
    335        336,    SUCCESS        2            16            11.24        343.44            354.68            5
    331        332,    SUCCESS        2            12            11.26        343.44            354.7            5
    341        342,    SUCCESS        2            10            11.27        343.44            354.71            5
    333        334,    SUCCESS        2            1            11.3        343.44            354.74            5
    349        350,    SUCCESS        2            2            11.3        343.44            354.74            5
    336        337,    SUCCESS        2            11            11.35        343.44            354.79            5
    369        370,    SUCCESS        2            17            11.38        343.44            354.82            5
    371        372,    SUCCESS        2            3            11.48        343.44            354.92            5
    334        335,    SUCCESS        2            4            11.49        343.44            354.93            5
    358        359,    SUCCESS        2            7            11.61        343.44            355.05            5
    384        385,    SUCCESS        2            0            10.65        354.57            365.22            5
    343        344,    SUCCESS        2            1            10.48        354.74            365.22            5
    344        345,    SUCCESS        2            8            10.65        354.68            365.33            5
    378        379,    SUCCESS        2            14            10.76        354.57            365.33            5
    346        347,    SUCCESS        2            15            10.68        354.66            365.33            5
    351        352,    SUCCESS        2            5            10.97        354.48            365.44            5
    355        356,    SUCCESS        2            10            10.74        354.71            365.44            5
    354        355,    SUCCESS        2            16            10.76        354.68            365.44            5
    338        339,    SUCCESS        2            6            10.97        354.59            365.55            5
    337        338,    SUCCESS        2            12            10.86        354.7            365.55            5
    362        363,    SUCCESS        2            2            10.92        354.74            365.66            5
    365        366,    SUCCESS        2            11            10.87        354.79            365.66            5
    356        357,    SUCCESS        2            13            10.98        354.68            365.66            5
    376        377,    SUCCESS        2            4            10.85        354.93            365.77            5
    374        375,    SUCCESS        2            7            10.73        355.05            365.77            5
    359        360,    SUCCESS        2            10            10.47        365.44            375.91            5
    361        362,    SUCCESS        2            5            10.59        365.44            376.03            5
    350        351,    SUCCESS        2            15            10.81        365.33            376.14            5
    373        374,    SUCCESS        2            16            10.7        365.44            376.14            5
    348        349,    SUCCESS        2            8            10.92        365.33            376.25            5
    382        383,    SUCCESS        2            14            10.92        365.33            376.25            5
    347        348,    SUCCESS        2            12            10.82        365.55            376.37            5
    370        371,    SUCCESS        2            11            10.86        365.66            376.52            5
    366        367,    SUCCESS        2            2            10.97        365.66            376.63            5
    364        365,    SUCCESS        2            13            10.97        365.66            376.63            5
    385        386,    SUCCESS        2            10            10.67        375.91            386.58            5
    352        353,    SUCCESS        2            15            10.63        376.14            386.77            5
    379        380,    SUCCESS        2            5            10.86        376.03            386.89            5
    357        358,    SUCCESS        2            8            10.75        376.25            387            5
    375        376,    SUCCESS        2            11            10.48        376.52            387            5
    386        387,    SUCCESS        2            14            11.03        376.25            387.28            5
    363        364,    SUCCESS        2            12            11.02        376.37            387.39            5
    367        368,    SUCCESS        2            13            10.87        376.63            387.5            5
    390        391,    SUCCESS        2            15            10.44        386.77            397.21            5
    380        381,    SUCCESS        2            5            10.7        386.89            397.59            5
    368        369,    SUCCESS        2            8            10.78        387            397.78            5
    387        388,    SUCCESS        2            14            10.75        387.28            398.03            5
    377        378,    SUCCESS        2            11            11.14        387            398.14            5
    372        373,    SUCCESS        2            12            10.86        387.39            398.25            5
    383        384,    SUCCESS        2            13            10.86        387.5            398.36            5
    389        390,    SUCCESS        2            5            10.98        397.59            408.57            5
    381        382,    SUCCESS        2            8            10.9        397.78            408.68            5
    393        394,    SUCCESS        2            12            10.77        398.25            409.02            5
    391        392,    SUCCESS        2            13            10.77        398.36            409.13            5
    388        389,    SUCCESS        2            8            10.73        408.68            419.41            5
    394        395,    SUCCESS        2            13            10.95        409.13            420.08            5
    392        393,    SUCCESS        2            8            10.77        419.41            430.18            5
    395        396,    SUCCESS        2            8            10.67        430.18            440.85            5
    396        397,    SUCCESS        2            13            64.44        440.85            505.29            6
    397        398,    SUCCESS        2            13            40.24        505.29            545.53            7
    398        399,    SUCCESS        2            5            38.79        545.53            584.32            8
    399        400,    SUCCESS        2            19            2.29        584.32            586.61            9
