
========== OUTPUT ==========
Job ID    Task ID    STATUS    Data center ID    VM ID        Time    Start Time    Finish Time    Depth
    800        Stage-in    SUCCESS        2            8            0.11        0.1            0.21            0
    39        40,    SUCCESS        2            1            13.41        0.21            13.62            1
    68        69,    SUCCESS        2            2            13.52        0.21            13.73            1
    33        34,    SUCCESS        2            11            13.52        0.21            13.73            1
    49        50,    SUCCESS        2            14            13.58        0.21            13.79            1
    14        15,    SUCCESS        2            13            13.6        0.21            13.81            1
    1        2,    SUCCESS        2            4            13.8        0.21            14.01            1
    46        47,    SUCCESS        2            15            13.81        0.21            14.02            1
    6        7,    SUCCESS        2            0            13.85        0.21            14.06            1
    25        26,    SUCCESS        2            18            13.88        0.21            14.09            1
    9        10,    SUCCESS        2            19            13.88        0.21            14.09            1
    58        59,    SUCCESS        2            7            14.02        0.21            14.23            1
    83        84,    SUCCESS        2            16            14.02        0.21            14.23            1
    7        8,    SUCCESS        2            3            14.06        0.21            14.27            1
    2        3,    SUCCESS        2            6            14.06        0.21            14.27            1
    19        20,    SUCCESS        2            10            14.1        0.21            14.31            1
    3        4,    SUCCESS        2            12            14.1        0.21            14.31            1
    17        18,    SUCCESS        2            5            14.17        0.21            14.38            1
    11        12,    SUCCESS        2            17            14.2        0.21            14.41            1
    24        25,    SUCCESS        2            9            14.29        0.21            14.5            1
    0        1,    SUCCESS        2            8            14.39        0.21            14.6            1
    72        73,    SUCCESS        2            2            13.26        13.73            26.99            1
    64        65,    SUCCESS        2            1            13.54        13.62            27.16            1
    15        16,    SUCCESS        2            13            13.5        13.81            27.31            1
    47        48,    SUCCESS        2            11            13.69        13.73            27.42            1
    13        14,    SUCCESS        2            3            13.26        14.27            27.53            1
    48        49,    SUCCESS        2            18            13.44        14.09            27.53            1
    8        9,    SUCCESS        2            4            13.63        14.01            27.64            1
    122        123,    SUCCESS        2            16            13.41        14.23            27.64            1
    30        31,    SUCCESS        2            6            13.48        14.27            27.75            1
    59        60,    SUCCESS        2            15            13.73        14.02            27.75            1
    51        52,    SUCCESS        2            14            14.07        13.79            27.86            1
    22        23,    SUCCESS        2            17            13.45        14.41            27.86            1
    12        13,    SUCCESS        2            19            13.77        14.09            27.86            1
    61        62,    SUCCESS        2            7            13.74        14.23            27.97            1
    29        30,    SUCCESS        2            10            13.66        14.31            27.97            1
    28        29,    SUCCESS        2            0            14.11        14.06            28.17            1
    5        6,    SUCCESS        2            12            13.86        14.31            28.17            1
    4        5,    SUCCESS        2            8            13.68        14.6            28.28            1
    44        45,    SUCCESS        2            9            13.78        14.5            28.28            1
    70        71,    SUCCESS        2            5            14.01        14.38            28.39            1
    367        368,    SUCCESS        2            16            10.55        27.64            38.19            2
    69        70,    SUCCESS        2            1            13.12        27.16            40.28            1
    84        85,    SUCCESS        2            2            13.4        26.99            40.39            1
    62        63,    SUCCESS        2            11            13.43        27.42            40.85            1
    18        19,    SUCCESS        2            4            13.32        27.64            40.96            1
    65        66,    SUCCESS        2            18            13.54        27.53            41.07            1
    23        24,    SUCCESS        2            3            13.65        27.53            41.18            1
    82        83,    SUCCESS        2            15            13.59        27.75            41.34            1
    16        17,    SUCCESS        2            13            14.14        27.31            41.45            1
    52        53,    SUCCESS        2            17            13.59        27.86            41.45            1
    32        33,    SUCCESS        2            10            13.59        27.97            41.56            1
    20        21,    SUCCESS        2            19            13.7        27.86            41.56            1
    54        55,    SUCCESS        2            6            13.92        27.75            41.67            1
    66        67,    SUCCESS        2            14            13.92        27.86            41.78            1
    35        36,    SUCCESS        2            0            13.72        28.17            41.89            1
    89        90,    SUCCESS        2            7            13.92        27.97            41.89            1
    50        51,    SUCCESS        2            9            13.61        28.28            41.89            1
    21        22,    SUCCESS        2            12            13.72        28.17            41.89            1
    10        11,    SUCCESS        2            8            13.72        28.28            42            1
    85        86,    SUCCESS        2            5            13.72        28.39            42.11            1
    336        337,    SUCCESS        2            3            10.7        41.18            51.88            2
    177        178,    SUCCESS        2            15            10.68        41.34            52.02            2
    201        202,    SUCCESS        2            16            11.77        41.56            53.33            2
    100        101,    SUCCESS        2            1            13.16        40.28            53.44            1
    101        102,    SUCCESS        2            2            13.42        40.39            53.81            1
    109        110,    SUCCESS        2            18            13.38        41.07            54.45            1
    94        95,    SUCCESS        2            11            13.71        40.85            54.56            1
    34        35,    SUCCESS        2            4            13.81        40.96            54.77            1
    27        28,    SUCCESS        2            12            13        41.89            54.89            1
    38        39,    SUCCESS        2            10            13.44        41.56            55            1
    31        32,    SUCCESS        2            13            13.55        41.45            55            1
    75        76,    SUCCESS        2            17            13.55        41.45            55            1
    36        37,    SUCCESS        2            19            13.61        41.56            55.17            1
    37        38,    SUCCESS        2            0            13.39        41.89            55.28            1
    63        64,    SUCCESS        2            6            13.61        41.67            55.28            1
    92        93,    SUCCESS        2            7            13.5        41.89            55.39            1
    96        97,    SUCCESS        2            14            13.72        41.78            55.5            1
    57        58,    SUCCESS        2            9            13.72        41.89            55.61            1
    26        27,    SUCCESS        2            8            13.72        42            55.72            1
    88        89,    SUCCESS        2            5            13.76        42.11            55.87            1
    390        391,    SUCCESS        2            3            10.62        51.88            62.5            2
    196        197,    SUCCESS        2            15            10.59        52.02            62.61            2
    463        464,    SUCCESS        2            16            11.85        53.44            65.29            2
    166        167,    SUCCESS        2            17            10.6        55            65.6            2
    112        113,    SUCCESS        2            2            13.16        53.81            66.97            1
    117        118,    SUCCESS        2            1            13.84        53.44            67.28            1
    98        99,    SUCCESS        2            11            13.71        54.56            68.27            1
    56        57,    SUCCESS        2            12            13.49        54.89            68.38            1
    127        128,    SUCCESS        2            18            13.93        54.45            68.38            1
    55        56,    SUCCESS        2            0            13.33        55.28            68.61            1
    41        42,    SUCCESS        2            4            13.84        54.77            68.61            1
    123        124,    SUCCESS        2            7            13.33        55.39            68.72            1
    42        43,    SUCCESS        2            10            13.72        55            68.72            1
    45        46,    SUCCESS        2            13            13.72        55            68.72            1
    40        41,    SUCCESS        2            19            13.66        55.17            68.83            1
    73        74,    SUCCESS        2            6            13.66        55.28            68.94            1
    67        68,    SUCCESS        2            9            13.33        55.61            68.94            1
    99        100,    SUCCESS        2            14            13.44        55.5            68.94            1
    74        75,    SUCCESS        2            8            13.51        55.72            69.23            1
    91        92,    SUCCESS        2            5            13.83        55.87            69.7            1
    508        509,    SUCCESS        2            3            10.62        62.5            73.12            2
    406        407,    SUCCESS        2            15            10.62        62.61            73.23            2
    241        242,    SUCCESS        2            16            10.81        65.29            76.1            2
    179        180,    SUCCESS        2            17            10.61        65.6            76.21            2
    324        325,    SUCCESS        2            4            10.64        68.61            79.25            2
    421        422,    SUCCESS        2            7            10.64        68.72            79.36            2
    113        114,    SUCCESS        2            2            13.39        66.97            80.36            1
    131        132,    SUCCESS        2            1            13.58        67.28            80.86            1
    128        129,    SUCCESS        2            18            13.57        68.38            81.95            1
    107        108,    SUCCESS        2            11            13.79        68.27            82.06            1
    60        61,    SUCCESS        2            12            13.68        68.38            82.06            1
    53        54,    SUCCESS        2            19            13.38        68.83            82.21            1
    105        106,    SUCCESS        2            13            13.6        68.72            82.32            1
    76        77,    SUCCESS        2            0            13.82        68.61            82.43            1
    77        78,    SUCCESS        2            6            13.49        68.94            82.43            1
    43        44,    SUCCESS        2            10            13.82        68.72            82.54            1
    111        112,    SUCCESS        2            14            13.6        68.94            82.54            1
    97        98,    SUCCESS        2            9            13.71        68.94            82.65            1
    95        96,    SUCCESS        2            8            13.53        69.23            82.76            1
    510        511,    SUCCESS        2            3            10.48        73.12            83.6            2
    326        327,    SUCCESS        2            15            10.5        73.23            83.73            2
    108        109,    SUCCESS        2            5            14.14        69.7            83.84            1
    363        364,    SUCCESS        2            16            10.48        76.1            86.58            2
    383        384,    SUCCESS        2            17            10.64        76.21            86.85            2
    228        229,    SUCCESS        2            4            10.55        79.25            89.8            2
    167        168,    SUCCESS        2            7            10.55        79.36            89.91            2
    189        190,    SUCCESS        2            1            10.7        80.86            91.56            2
    176        177,    SUCCESS        2            18            10.44        81.95            92.39            2
    185        186,    SUCCESS        2            13            10.6        82.32            92.92            2
    229        230,    SUCCESS        2            9            10.7        82.65            93.35            2
    296        297,    SUCCESS        2            3            10.49        83.6            94.09            2
    115        116,    SUCCESS        2            2            13.85        80.36            94.21            1
    410        411,    SUCCESS        2            15            10.62        83.73            94.35            2
    193        194,    SUCCESS        2            5            10.62        83.84            94.46            2
    79        80,    SUCCESS        2            12            13.62        82.06            95.68            1
    121        122,    SUCCESS        2            11            13.73        82.06            95.79            1
    86        87,    SUCCESS        2            19            13.58        82.21            95.79            1
    78        79,    SUCCESS        2            0            13.47        82.43            95.9            1
    119        120,    SUCCESS        2            14            13.36        82.54            95.9            1
    71        72,    SUCCESS        2            10            13.5        82.54            96.04            1
    103        104,    SUCCESS        2            8            13.64        82.76            96.4            1
    81        82,    SUCCESS        2            6            14.08        82.43            96.51            1
    319        320,    SUCCESS        2            16            10.6        86.58            97.18            2
    407        408,    SUCCESS        2            17            10.44        86.85            97.29            2
    144        145,    SUCCESS        2            4            10.61        89.8            100.41            2
    187        188,    SUCCESS        2            7            10.61        89.91            100.52            2
    192        193,    SUCCESS        2            1            10.62        91.56            102.18            2
    340        341,    SUCCESS        2            18            10.73        92.39            103.12            2
    414        415,    SUCCESS        2            13            10.52        92.92            103.44            2
    382        383,    SUCCESS        2            9            10.59        93.35            103.94            2
    512        513,    SUCCESS        2            3            10.7        94.09            104.79            2
    195        196,    SUCCESS        2            2            10.71        94.21            104.92            2
    268        269,    SUCCESS        2            15            10.68        94.35            105.03            2
    150        151,    SUCCESS        2            5            10.72        94.46            105.18            2
    467        468,    SUCCESS        2            8            10.56        96.4            106.96            2
    386        387,    SUCCESS        2            6            10.56        96.51            107.07            2
    428        429,    SUCCESS        2            16            10.72        97.18            107.9            2
    135        136,    SUCCESS        2            17            10.72        97.29            108.01            2
    90        91,    SUCCESS        2            19            13.31        95.79            109.1            1
    120        121,    SUCCESS        2            14            13.31        95.9            109.21            1
    80        81,    SUCCESS        2            10            13.28        96.04            109.32            1
    106        107,    SUCCESS        2            0            13.53        95.9            109.43            1
    110        111,    SUCCESS        2            12            13.88        95.68            109.56            1
    124        125,    SUCCESS        2            11            13.88        95.79            109.67            1
    408        409,    SUCCESS        2            4            10.56        100.41            110.97            2
    409        410,    SUCCESS        2            7            10.56        100.52            111.08            2
    370        371,    SUCCESS        2            1            10.46        102.18            112.64            2
    352        353,    SUCCESS        2            18            10.51        103.12            113.63            2
    267        268,    SUCCESS        2            13            10.66        103.44            114.1            2
    254        255,    SUCCESS        2            9            10.69        103.94            114.63            2
    520        521,    SUCCESS        2            3            10.41        104.79            115.2            2
    392        393,    SUCCESS        2            2            10.55        104.92            115.47            2
    257        258,    SUCCESS        2            5            10.45        105.18            115.63            2
    401        402,    SUCCESS        2            15            10.81        105.03            115.84            2
    211        212,    SUCCESS        2            8            10.41        106.96            117.37            2
    233        234,    SUCCESS        2            6            10.65        107.07            117.72            2
    497        498,    SUCCESS        2            16            10.57        107.9            118.47            2
    188        189,    SUCCESS        2            17            10.57        108.01            118.58            2
    322        323,    SUCCESS        2            14            10.47        109.21            119.68            2
    169        170,    SUCCESS        2            11            10.5        109.67            120.17            2
    217        218,    SUCCESS        2            4            10.67        110.97            121.64            2
    145        146,    SUCCESS        2            7            10.69        111.08            121.77            2
    93        94,    SUCCESS        2            19            13.64        109.1            122.74            1
    118        119,    SUCCESS        2            0            13.42        109.43            122.85            1
    87        88,    SUCCESS        2            10            13.75        109.32            123.07            1
    126        127,    SUCCESS        2            12            13.62        109.56            123.18            1
    422        423,    SUCCESS        2            1            10.73        112.64            123.37            2
    280        281,    SUCCESS        2            18            10.71        113.63            124.34            2
    181        182,    SUCCESS        2            13            10.66        114.1            124.76            2
    146        147,    SUCCESS        2            9            10.65        114.63            125.28            2
    283        284,    SUCCESS        2            3            10.49        115.2            125.69            2
    202        203,    SUCCESS        2            5            10.33        115.63            125.96            2
    154        155,    SUCCESS        2            2            10.82        115.47            126.29            2
    402        403,    SUCCESS        2            15            10.61        115.84            126.45            2
    342        343,    SUCCESS        2            8            10.67        117.37            128.04            2
    270        271,    SUCCESS        2            6            10.65        117.72            128.37            2
    499        500,    SUCCESS        2            16            10.47        118.47            128.94            2
    271        272,    SUCCESS        2            17            10.68        118.58            129.26            2
    243        244,    SUCCESS        2            14            10.53        119.68            130.21            2
    178        179,    SUCCESS        2            11            10.72        120.17            130.89            2
    265        266,    SUCCESS        2            4            10.58        121.64            132.22            2
    194        195,    SUCCESS        2            7            10.56        121.77            132.33            2
    221        222,    SUCCESS        2            1            10.52        123.37            133.89            2
    325        326,    SUCCESS        2            18            10.58        124.34            134.92            2
    291        292,    SUCCESS        2            13            10.65        124.76            135.41            2
    207        208,    SUCCESS        2            9            10.6        125.28            135.88            2
    595        596,    SUCCESS        2            3            10.4        125.69            136.09            2
    125        126,    SUCCESS        2            0            13.54        122.85            136.39            1
    130        131,    SUCCESS        2            12            13.32        123.18            136.5            1
    102        103,    SUCCESS        2            19            13.89        122.74            136.63            1
    234        235,    SUCCESS        2            5            10.78        125.96            136.74            2
    261        262,    SUCCESS        2            2            10.67        126.29            136.96            2
    214        215,    SUCCESS        2            15            10.71        126.45            137.16            2
    104        105,    SUCCESS        2            10            14.23        123.07            137.3            1
    509        510,    SUCCESS        2            8            10.38        128.04            138.42            2
    424        425,    SUCCESS        2            6            10.56        128.37            138.93            2
    148        149,    SUCCESS        2            16            10.61        128.94            139.55            2
    300        301,    SUCCESS        2            17            10.48        129.26            139.74            2
    231        232,    SUCCESS        2            14            10.62        130.21            140.83            2
    323        324,    SUCCESS        2            11            10.59        130.89            141.48            2
    585        586,    SUCCESS        2            7            10.54        132.33            142.87            2
    293        294,    SUCCESS        2            4            10.76        132.22            142.98            2
    252        253,    SUCCESS        2            1            10.61        133.89            144.5            2
    276        277,    SUCCESS        2            18            10.54        134.92            145.46            2
    488        489,    SUCCESS        2            13            10.59        135.41            146            2
    387        388,    SUCCESS        2            9            10.51        135.88            146.39            2
    611        612,    SUCCESS        2            3            10.63        136.09            146.72            2
    137        138,    SUCCESS        2            0            10.51        136.39            146.9            2
    158        159,    SUCCESS        2            12            10.64        136.5            147.14            2
    541        542,    SUCCESS        2            5            10.51        136.74            147.25            2
    255        256,    SUCCESS        2            2            10.45        136.96            147.41            2
    230        231,    SUCCESS        2            15            10.72        137.16            147.88            2
    327        328,    SUCCESS        2            8            10.66        138.42            149.08            2
    260        261,    SUCCESS        2            6            10.65        138.93            149.58            2
    415        416,    SUCCESS        2            16            10.42        139.55            149.97            2
    334        335,    SUCCESS        2            17            10.34        139.74            150.08            2
    116        117,    SUCCESS        2            19            13.56        136.63            150.19            1
    114        115,    SUCCESS        2            10            13.32        137.3            150.62            1
    242        243,    SUCCESS        2            14            10.59        140.83            151.42            2
    393        394,    SUCCESS        2            11            10.57        141.48            152.05            2
    396        397,    SUCCESS        2            7            10.63        142.87            153.5            2
    475        476,    SUCCESS        2            4            10.64        142.98            153.62            2
    213        214,    SUCCESS        2            1            10.37        144.5            154.87            2
    504        505,    SUCCESS        2            18            10.69        145.46            156.15            2
    540        541,    SUCCESS        2            13            10.51        146            156.51            2
    284        285,    SUCCESS        2            9            10.55        146.39            156.94            2
    413        414,    SUCCESS        2            3            10.5        146.72            157.22            2
    216        217,    SUCCESS        2            0            10.69        146.9            157.59            2
    256        257,    SUCCESS        2            12            10.56        147.14            157.7            2
    544        545,    SUCCESS        2            5            10.56        147.25            157.81            2
    203        204,    SUCCESS        2            2            10.51        147.41            157.92            2
    279        280,    SUCCESS        2            15            10.45        147.88            158.33            2
    290        291,    SUCCESS        2            8            10.63        149.08            159.71            2
    278        279,    SUCCESS        2            6            10.64        149.58            160.22            2
    238        239,    SUCCESS        2            17            10.48        150.08            160.56            2
    593        594,    SUCCESS        2            16            10.7        149.97            160.67            2
    152        153,    SUCCESS        2            19            10.71        150.19            160.9            2
    330        331,    SUCCESS        2            14            10.42        151.42            161.84            2
    132        133,    SUCCESS        2            11            10.66        152.05            162.71            2
    502        503,    SUCCESS        2            7            10.52        153.5            164.02            2
    632        633,    SUCCESS        2            4            10.62        153.62            164.24            2
    129        130,    SUCCESS        2            10            13.73        150.62            164.35            1
    275        276,    SUCCESS        2            1            10.63        154.87            165.5            2
    333        334,    SUCCESS        2            18            10.64        156.15            166.79            2
    610        611,    SUCCESS        2            13            10.68        156.51            167.19            2
    292        293,    SUCCESS        2            9            10.6        156.94            167.54            2
    377        378,    SUCCESS        2            3            10.6        157.22            167.82            2
    397        398,    SUCCESS        2            0            10.43        157.59            168.02            2
    159        160,    SUCCESS        2            5            10.45        157.81            168.26            2
    538        539,    SUCCESS        2            2            10.45        157.92            168.37            2
    157        158,    SUCCESS        2            12            10.78        157.7            168.48            2
    337        338,    SUCCESS        2            15            10.85        158.33            169.18            2
    506        507,    SUCCESS        2            8            10.63        159.71            170.34            2
    251        252,    SUCCESS        2            6            10.58        160.22            170.8            2
    248        249,    SUCCESS        2            17            10.63        160.56            171.19            2
    441        442,    SUCCESS        2            16            10.65        160.67            171.32            2
    163        164,    SUCCESS        2            19            10.66        160.9            171.56            2
    156        157,    SUCCESS        2            14            10.56        161.84            172.4            2
    274        275,    SUCCESS        2            11            10.63        162.71            173.34            2
    388        389,    SUCCESS        2            4            10.34        164.24            174.58            2
    226        227,    SUCCESS        2            7            10.7        164.02            174.72            2
    369        370,    SUCCESS        2            10            10.68        164.35            175.03            2
    543        544,    SUCCESS        2            1            10.55        165.5            176.05            2
    521        522,    SUCCESS        2            18            10.51        166.79            177.3            2
    613        614,    SUCCESS        2            13            10.6        167.19            177.79            2
    449        450,    SUCCESS        2            9            10.64        167.54            178.18            2
    345        346,    SUCCESS        2            3            10.47        167.82            178.29            2
    224        225,    SUCCESS        2            0            10.53        168.02            178.55            2
    151        152,    SUCCESS        2            5            10.61        168.26            178.87            2
    491        492,    SUCCESS        2            2            10.65        168.37            179.02            2
    297        298,    SUCCESS        2            12            10.68        168.48            179.16            2
    338        339,    SUCCESS        2            15            10.68        169.18            179.86            2
    155        156,    SUCCESS        2            8            10.52        170.34            180.86            2
    263        264,    SUCCESS        2            6            10.57        170.8            181.37            2
    515        516,    SUCCESS        2            16            10.55        171.32            181.87            2
    249        250,    SUCCESS        2            17            10.81        171.19            182            2
    212        213,    SUCCESS        2            19            10.58        171.56            182.14            2
    161        162,    SUCCESS        2            14            10.52        172.4            182.92            2
    223        224,    SUCCESS        2            11            10.71        173.34            184.05            2
    435        436,    SUCCESS        2            4            10.53        174.58            185.11            2
    341        342,    SUCCESS        2            7            10.65        174.72            185.37            2
    329        330,    SUCCESS        2            10            10.45        175.03            185.48            2
    305        306,    SUCCESS        2            1            10.4        176.05            186.45            2
    222        223,    SUCCESS        2            18            10.47        177.3            187.77            2
    200        201,    SUCCESS        2            13            10.73        177.79            188.52            2
    347        348,    SUCCESS        2            3            10.51        178.29            188.8            2
    204        205,    SUCCESS        2            9            10.73        178.18            188.91            2
    183        184,    SUCCESS        2            0            10.79        178.55            189.34            2
    612        613,    SUCCESS        2            5            10.66        178.87            189.53            2
    184        185,    SUCCESS        2            12            10.5        179.16            189.66            2
    139        140,    SUCCESS        2            2            10.75        179.02            189.77            2
    339        340,    SUCCESS        2            15            10.54        179.86            190.4            2
    522        523,    SUCCESS        2            8            10.69        180.86            191.55            2
    438        439,    SUCCESS        2            6            10.45        181.37            191.82            2
    523        524,    SUCCESS        2            16            10.51        181.87            192.38            2
    253        254,    SUCCESS        2            17            10.49        182            192.49            2
    232        233,    SUCCESS        2            19            10.63        182.14            192.77            2
    351        352,    SUCCESS        2            14            10.65        182.92            193.57            2
    394        395,    SUCCESS        2            11            10.49        184.05            194.54            2
    600        601,    SUCCESS        2            4            10.57        185.11            195.68            2
    532        533,    SUCCESS        2            7            10.45        185.37            195.82            2
    381        382,    SUCCESS        2            10            10.53        185.48            196.01            2
    597        598,    SUCCESS        2            1            10.64        186.45            197.09            2
    545        546,    SUCCESS        2            18            10.71        187.77            198.48            2
    318        319,    SUCCESS        2            13            10.56        188.52            199.08            2
    562        563,    SUCCESS        2            3            10.46        188.8            199.26            2
    605        606,    SUCCESS        2            9            10.6        188.91            199.51            2
    359        360,    SUCCESS        2            0            10.56        189.34            199.9            2
    197        198,    SUCCESS        2            5            10.69        189.53            200.22            2
    537        538,    SUCCESS        2            12            10.67        189.66            200.33            2
    285        286,    SUCCESS        2            2            10.73        189.77            200.5            2
    489        490,    SUCCESS        2            15            10.6        190.4            201            2
    641        642,    SUCCESS        2            8            10.61        191.55            202.16            2
    287        288,    SUCCESS        2            6            10.75        191.82            202.57            2
    250        251,    SUCCESS        2            17            10.49        192.49            202.98            2
    420        421,    SUCCESS        2            16            10.76        192.38            203.14            2
    628        629,    SUCCESS        2            19            10.78        192.77            203.55            2
    138        139,    SUCCESS        2            14            10.45        193.57            204.02            2
    210        211,    SUCCESS        2            11            10.55        194.54            205.09            2
    602        603,    SUCCESS        2            4            10.7        195.68            206.38            2
    361        362,    SUCCESS        2            7            10.67        195.82            206.49            2
    191        192,    SUCCESS        2            10            10.72        196.01            206.73            2
    659        660,    SUCCESS        2            1            10.49        197.09            207.58            2
    630        631,    SUCCESS        2            18            10.68        198.48            209.16            2
    631        632,    SUCCESS        2            13            10.61        199.08            209.69            2
    266        267,    SUCCESS        2            3            10.66        199.26            209.92            2
    141        142,    SUCCESS        2            9            10.52        199.51            210.03            2
    321        322,    SUCCESS        2            0            10.56        199.9            210.46            2
    431        432,    SUCCESS        2            5            10.6        200.22            210.82            2
    389        390,    SUCCESS        2            12            10.6        200.33            210.93            2
    364        365,    SUCCESS        2            2            10.55        200.5            211.05            2
    147        148,    SUCCESS        2            15            10.42        201            211.42            2
    573        574,    SUCCESS        2            8            10.57        202.16            212.73            2
    412        413,    SUCCESS        2            6            10.72        202.57            213.29            2
    400        401,    SUCCESS        2            17            10.82        202.98            213.8            2
    459        460,    SUCCESS        2            16            10.77        203.14            213.91            2
    470        471,    SUCCESS        2            19            10.47        203.55            214.02            2
    170        171,    SUCCESS        2            14            10.69        204.02            214.71            2
    273        274,    SUCCESS        2            11            10.5        205.09            215.59            2
    469        470,    SUCCESS        2            4            10.48        206.38            216.86            2
    245        246,    SUCCESS        2            7            10.52        206.49            217.01            2
    258        259,    SUCCESS        2            10            10.42        206.73            217.15            2
    344        345,    SUCCESS        2            1            10.6        207.58            218.18            2
    553        554,    SUCCESS        2            18            10.73        209.16            219.89            2
    165        166,    SUCCESS        2            13            10.64        209.69            220.33            2
    314        315,    SUCCESS        2            3            10.67        209.92            220.59            2
    579        580,    SUCCESS        2            9            10.68        210.03            220.71            2
    302        303,    SUCCESS        2            0            10.5        210.46            220.96            2
    645        646,    SUCCESS        2            5            10.62        210.82            221.44            2
    503        504,    SUCCESS        2            12            10.62        210.93            221.55            2
    365        366,    SUCCESS        2            2            10.61        211.05            221.66            2
    487        488,    SUCCESS        2            15            10.67        211.42            222.09            2
    633        634,    SUCCESS        2            8            10.48        212.73            223.21            2
    368        369,    SUCCESS        2            6            10.6        213.29            223.89            2
    403        404,    SUCCESS        2            16            10.43        213.91            224.34            2
    436        437,    SUCCESS        2            17            10.74        213.8            224.54            2
    227        228,    SUCCESS        2            19            10.64        214.02            224.66            2
    171        172,    SUCCESS        2            14            10.54        214.71            225.25            2
    309        310,    SUCCESS        2            11            10.58        215.59            226.17            2
    647        648,    SUCCESS        2            4            10.74        216.86            227.6            2
    356        357,    SUCCESS        2            7            10.7        217.01            227.71            2
    240        241,    SUCCESS        2            10            10.56        217.15            227.71            2
    259        260,    SUCCESS        2            1            10.66        218.18            228.84            2
    454        455,    SUCCESS        2            18            10.61        219.89            230.5            2
    303        304,    SUCCESS        2            13            10.48        220.33            230.81            2
    190        191,    SUCCESS        2            3            10.58        220.59            231.17            2
    493        494,    SUCCESS        2            9            10.62        220.71            231.33            2
    498        499,    SUCCESS        2            0            10.59        220.96            231.55            2
    205        206,    SUCCESS        2            12            10.43        221.55            231.98            2
    288        289,    SUCCESS        2            5            10.65        221.44            232.09            2
    366        367,    SUCCESS        2            2            10.54        221.66            232.2            2
    474        475,    SUCCESS        2            15            10.61        222.09            232.7            2
    348        349,    SUCCESS        2            8            10.57        223.21            233.78            2
    316        317,    SUCCESS        2            6            10.54        223.89            234.43            2
    399        400,    SUCCESS        2            16            10.73        224.34            235.07            2
    584        585,    SUCCESS        2            17            10.64        224.54            235.18            2
    476        477,    SUCCESS        2            19            10.52        224.66            235.18            2
    332        333,    SUCCESS        2            14            10.58        225.25            235.83            2
    355        356,    SUCCESS        2            11            10.62        226.17            236.79            2
    572        573,    SUCCESS        2            4            10.62        227.6            238.22            2
    301        302,    SUCCESS        2            10            10.62        227.71            238.33            2
    153        154,    SUCCESS        2            7            10.73        227.71            238.44            2
    525        526,    SUCCESS        2            1            10.51        228.84            239.35            2
    391        392,    SUCCESS        2            18            10.56        230.5            241.06            2
    298        299,    SUCCESS        2            13            10.63        230.81            241.44            2
    661        662,    SUCCESS        2            9            10.48        231.33            241.81            2
    272        273,    SUCCESS        2            3            10.75        231.17            241.92            2
    505        506,    SUCCESS        2            0            10.64        231.55            242.19            2
    385        386,    SUCCESS        2            12            10.69        231.98            242.67            2
    534        535,    SUCCESS        2            2            10.58        232.2            242.78            2
    320        321,    SUCCESS        2            5            10.69        232.09            242.78            2
    376        377,    SUCCESS        2            15            10.46        232.7            243.16            2
    134        135,    SUCCESS        2            8            10.61        233.78            244.39            2
    571        572,    SUCCESS        2            6            10.61        234.43            245.04            2
    246        247,    SUCCESS        2            17            10.55        235.18            245.73            2
    638        639,    SUCCESS        2            16            10.77        235.07            245.84            2
    286        287,    SUCCESS        2            19            10.66        235.18            245.84            2
    596        597,    SUCCESS        2            14            10.67        235.83            246.5            2
    372        373,    SUCCESS        2            11            10.31        236.79            247.1            2
    524        525,    SUCCESS        2            4            10.43        238.22            248.65            2
    581        582,    SUCCESS        2            10            10.58        238.33            248.91            2
    360        361,    SUCCESS        2            7            10.66        238.44            249.1            2
    542        543,    SUCCESS        2            1            10.57        239.35            249.92            2
    220        221,    SUCCESS        2            18            10.41        241.06            251.47            2
    642        643,    SUCCESS        2            13            10.58        241.44            252.02            2
    455        456,    SUCCESS        2            9            10.61        241.81            252.42            2
    269        270,    SUCCESS        2            3            10.77        241.92            252.69            2
    299        300,    SUCCESS        2            0            10.65        242.19            252.84            2
    264        265,    SUCCESS        2            12            10.5        242.67            253.17            2
    517        518,    SUCCESS        2            5            10.72        242.78            253.5            2
    358        359,    SUCCESS        2            2            10.83        242.78            253.61            2
    313        314,    SUCCESS        2            15            10.68        243.16            253.84            2
    577        578,    SUCCESS        2            8            10.71        244.39            255.1            2
    563        564,    SUCCESS        2            6            10.53        245.04            255.57            2
    486        487,    SUCCESS        2            17            10.41        245.73            256.14            2
    539        540,    SUCCESS        2            19            10.47        245.84            256.31            2
    656        657,    SUCCESS        2            16            10.64        245.84            256.48            2
    426        427,    SUCCESS        2            14            10.65        246.5            257.15            2
    315        316,    SUCCESS        2            11            10.78        247.1            257.88            2
    466        467,    SUCCESS        2            4            10.44        248.65            259.09            2
    582        583,    SUCCESS        2            10            10.56        248.91            259.47            2
    235        236,    SUCCESS        2            7            10.66        249.1            259.76            2
    419        420,    SUCCESS        2            1            10.44        249.92            260.36            2
    482        483,    SUCCESS        2            18            10.62        251.47            262.09            2
    398        399,    SUCCESS        2            13            10.75        252.02            262.77            2
    643        644,    SUCCESS        2            9            10.64        252.42            263.06            2
    133        134,    SUCCESS        2            3            10.7        252.69            263.39            2
    373        374,    SUCCESS        2            0            10.66        252.84            263.5            2
    427        428,    SUCCESS        2            12            10.66        253.17            263.83            2
    626        627,    SUCCESS        2            5            10.59        253.5            264.09            2
    180        181,    SUCCESS        2            2            10.73        253.61            264.34            2
    335        336,    SUCCESS        2            15            10.61        253.84            264.45            2
    574        575,    SUCCESS        2            8            10.73        255.1            265.83            2
    331        332,    SUCCESS        2            6            10.51        255.57            266.08            2
    430        431,    SUCCESS        2            17            10.37        256.14            266.51            2
    354        355,    SUCCESS        2            19            10.59        256.31            266.9            2
    657        658,    SUCCESS        2            16            10.53        256.48            267.01            2
    432        433,    SUCCESS        2            14            10.78        257.15            267.93            2
    445        446,    SUCCESS        2            11            10.51        257.88            268.39            2
    198        199,    SUCCESS        2            4            10.61        259.09            269.7            2
    583        584,    SUCCESS        2            10            10.38        259.47            269.85            2
    447        448,    SUCCESS        2            7            10.6        259.76            270.36            2
    556        557,    SUCCESS        2            1            10.54        260.36            270.9            2
    557        558,    SUCCESS        2            18            10.6        262.09            272.69            2
    353        354,    SUCCESS        2            13            10.8        262.77            273.57            2
    531        532,    SUCCESS        2            9            10.77        263.06            273.83            2
    481        482,    SUCCESS        2            3            10.64        263.39            274.03            2
    518        519,    SUCCESS        2            0            10.72        263.5            274.22            2
    496        497,    SUCCESS        2            12            10.62        263.83            274.45            2
    567        568,    SUCCESS        2            5            10.72        264.09            274.81            2
    282        283,    SUCCESS        2            15            10.47        264.45            274.92            2
    306        307,    SUCCESS        2            2            10.77        264.34            275.11            2
    620        621,    SUCCESS        2            8            10.52        265.83            276.35            2
    219        220,    SUCCESS        2            6            10.53        266.08            276.61            2
    433        434,    SUCCESS        2            17            10.71        266.51            277.22            2
    143        144,    SUCCESS        2            19            10.57        266.9            277.47            2
    225        226,    SUCCESS        2            16            10.57        267.01            277.58            2
    142        143,    SUCCESS        2            14            10.75        267.93            278.68            2
    140        141,    SUCCESS        2            11            10.72        268.39            279.11            2
    480        481,    SUCCESS        2            4            10.49        269.7            280.19            2
    295        296,    SUCCESS        2            10            10.58        269.85            280.43            2
    530        531,    SUCCESS        2            7            10.52        270.36            280.88            2
    623        624,    SUCCESS        2            1            10.63        270.9            281.53            2
    310        311,    SUCCESS        2            18            10.36        272.69            283.05            2
    598        599,    SUCCESS        2            13            10.54        273.57            284.11            2
    639        640,    SUCCESS        2            9            10.55        273.83            284.38            2
    350        351,    SUCCESS        2            3            10.56        274.03            284.59            2
    625        626,    SUCCESS        2            0            10.5        274.22            284.72            2
    660        661,    SUCCESS        2            12            10.57        274.45            285.02            2
    514        515,    SUCCESS        2            5            10.53        274.81            285.34            2
    308        309,    SUCCESS        2            2            10.39        275.11            285.5            2
    160        161,    SUCCESS        2            15            10.69        274.92            285.61            2
    621        622,    SUCCESS        2            8            10.52        276.35            286.87            2
    472        473,    SUCCESS        2            6            10.56        276.61            287.17            2
    646        647,    SUCCESS        2            17            10.45        277.22            287.67            2
    346        347,    SUCCESS        2            19            10.64        277.47            288.11            2
    634        635,    SUCCESS        2            16            10.69        277.58            288.27            2
    490        491,    SUCCESS        2            14            10.64        278.68            289.32            2
    311        312,    SUCCESS        2            11            10.56        279.11            289.67            2
    627        628,    SUCCESS        2            4            10.56        280.19            290.75            2
    343        344,    SUCCESS        2            10            10.59        280.43            291.02            2
    162        163,    SUCCESS        2            7            10.72        280.88            291.6            2
    588        589,    SUCCESS        2            1            10.74        281.53            292.27            2
    599        600,    SUCCESS        2            13            10.49        284.11            294.6            2
    465        466,    SUCCESS        2            9            10.39        284.38            294.77            2
    418        419,    SUCCESS        2            3            10.51        284.59            295.1            2
    451        452,    SUCCESS        2            0            10.56        284.72            295.28            2
    371        372,    SUCCESS        2            12            10.56        285.02            295.58            2
    136        137,    SUCCESS        2            5            10.63        285.34            295.97            2
    464        465,    SUCCESS        2            2            10.72        285.5            296.22            2
    618        619,    SUCCESS        2            15            10.72        285.61            296.33            2
    590        591,    SUCCESS        2            8            10.58        286.87            297.45            2
    594        595,    SUCCESS        2            6            10.62        287.17            297.79            2
    378        379,    SUCCESS        2            17            10.55        287.67            298.22            2
    328        329,    SUCCESS        2            19            10.58        288.11            298.69            2
    575        576,    SUCCESS        2            16            10.53        288.27            298.8            2
    186        187,    SUCCESS        2            14            10.63        289.32            299.95            2
    423        424,    SUCCESS        2            11            10.64        289.67            300.31            2
    550        551,    SUCCESS        2            4            10.57        290.75            301.32            2
    437        438,    SUCCESS        2            10            10.6        291.02            301.62            2
    307        308,    SUCCESS        2            7            10.64        291.6            302.24            2
    535        536,    SUCCESS        2            1            10.56        292.27            302.83            2
    644        645,    SUCCESS        2            13            10.61        294.6            305.21            2
    649        650,    SUCCESS        2            9            10.78        294.77            305.55            2
    448        449,    SUCCESS        2            3            10.64        295.1            305.74            2
    580        581,    SUCCESS        2            0            10.57        295.28            305.85            2
    442        443,    SUCCESS        2            12            10.54        295.58            306.12            2
    546        547,    SUCCESS        2            5            10.72        295.97            306.69            2
    614        615,    SUCCESS        2            2            10.65        296.22            306.87            2
    218        219,    SUCCESS        2            15            10.72        296.33            307.05            2
    658        659,    SUCCESS        2            8            10.62        297.45            308.07            2
    461        462,    SUCCESS        2            6            10.52        297.79            308.31            2
    444        445,    SUCCESS        2            17            10.63        298.22            308.85            2
    247        248,    SUCCESS        2            19            10.7        298.69            309.39            2
    516        517,    SUCCESS        2            14            10.59        299.95            310.54            2
    591        592,    SUCCESS        2            11            10.69        300.31            311            2
    551        552,    SUCCESS        2            4            10.61        301.32            311.93            2
    206        207,    SUCCESS        2            10            10.57        301.62            312.19            2
    495        496,    SUCCESS        2            7            10.6        302.24            312.84            2
    615        616,    SUCCESS        2            1            10.63        302.83            313.46            2
    471        472,    SUCCESS        2            13            10.51        305.21            315.72            2
    281        282,    SUCCESS        2            3            10.56        305.74            316.3            2
    511        512,    SUCCESS        2            0            10.56        305.85            316.41            2
    526        527,    SUCCESS        2            12            10.44        306.12            316.56            2
    561        562,    SUCCESS        2            5            10.52        306.69            317.21            2
    564        565,    SUCCESS        2            2            10.66        306.87            317.53            2
    549        550,    SUCCESS        2            15            10.8        307.05            317.85            2
    547        548,    SUCCESS        2            8            10.31        308.07            318.38            2
    384        385,    SUCCESS        2            6            10.5        308.31            318.81            2
    172        173,    SUCCESS        2            17            10.56        308.85            319.41            2
    453        454,    SUCCESS        2            19            10.66        309.39            320.05            2
    507        508,    SUCCESS        2            14            10.45        310.54            320.99            2
    209        210,    SUCCESS        2            11            10.67        311            321.67            2
    554        555,    SUCCESS        2            4            10.58        311.93            322.51            2
    294        295,    SUCCESS        2            10            10.45        312.19            322.64            2
    622        623,    SUCCESS        2            7            10.45        312.84            323.29            2
    616        617,    SUCCESS        2            1            10.47        313.46            323.93            2
    513        514,    SUCCESS        2            13            10.6        315.72            326.32            2
    182        183,    SUCCESS        2            3            10.67        316.3            326.97            2
    450        451,    SUCCESS        2            0            10.74        316.41            327.15            2
    527        528,    SUCCESS        2            12            10.73        316.56            327.29            2
    349        350,    SUCCESS        2            5            10.51        317.21            327.72            2
    443        444,    SUCCESS        2            2            10.6        317.53            328.13            2
    173        174,    SUCCESS        2            15            10.44        317.85            328.29            2
    473        474,    SUCCESS        2            6            10.47        318.81            329.28            2
    417        418,    SUCCESS        2            17            10.73        319.41            330.14            2
    440        441,    SUCCESS        2            19            10.74        320.05            330.79            2
    640        641,    SUCCESS        2            14            10.48        320.99            331.47            2
    492        493,    SUCCESS        2            11            10.62        321.67            332.29            2
    652        653,    SUCCESS        2            4            10.5        322.51            333.01            2
    175        176,    SUCCESS        2            10            10.58        322.64            333.22            2
    457        458,    SUCCESS        2            7            10.56        323.29            333.85            2
    617        618,    SUCCESS        2            1            10.62        323.93            334.55            2
    404        405,    SUCCESS        2            13            10.44        326.32            336.76            2
    460        461,    SUCCESS        2            3            10.53        326.97            337.5            2
    566        567,    SUCCESS        2            0            10.46        327.15            337.61            2
    528        529,    SUCCESS        2            12            10.54        327.29            337.83            2
    555        556,    SUCCESS        2            5            10.54        327.72            338.26            2
    446        447,    SUCCESS        2            2            10.76        328.13            338.89            2
    586        587,    SUCCESS        2            15            10.75        328.29            339.04            2
    149        150,    SUCCESS        2            6            10.51        329.28            339.79            2
    624        625,    SUCCESS        2            17            10.63        330.14            340.77            2
    552        553,    SUCCESS        2            19            10.71        330.79            341.5            2
    375        376,    SUCCESS        2            14            10.58        331.47            342.05            2
    168        169,    SUCCESS        2            11            10.59        332.29            342.88            2
    425        426,    SUCCESS        2            10            10.57        333.22            343.79            2
    569        570,    SUCCESS        2            7            10.58        333.85            344.43            2
    655        656,    SUCCESS        2            1            10.56        334.55            345.11            2
    215        216,    SUCCESS        2            13            10.65        336.76            347.41            2
    637        638,    SUCCESS        2            3            10.5        337.5            348            2
    608        609,    SUCCESS        2            0            10.55        337.61            348.16            2
    208        209,    SUCCESS        2            12            10.66        337.83            348.49            2
    592        593,    SUCCESS        2            2            10.67        338.89            349.56            2
    164        165,    SUCCESS        2            15            10.64        339.04            349.68            2
    236        237,    SUCCESS        2            17            10.57        340.77            351.34            2
    199        200,    SUCCESS        2            19            10.49        341.5            351.99            2
    636        637,    SUCCESS        2            14            10.69        342.05            352.74            2
    237        238,    SUCCESS        2            11            10.49        342.88            353.37            2
    533        534,    SUCCESS        2            10            10.58        343.79            354.37            2
    629        630,    SUCCESS        2            7            10.55        344.43            354.98            2
    379        380,    SUCCESS        2            1            10.73        345.11            355.84            2
    479        480,    SUCCESS        2            13            10.66        347.41            358.07            2
    651        652,    SUCCESS        2            3            10.6        348            358.6            2
    529        530,    SUCCESS        2            12            10.57        348.49            359.06            2
    262        263,    SUCCESS        2            2            10.47        349.56            360.03            2
    654        655,    SUCCESS        2            15            10.75        349.68            360.43            2
    519        520,    SUCCESS        2            17            10.72        351.34            362.06            2
    304        305,    SUCCESS        2            19            10.48        351.99            362.47            2
    477        478,    SUCCESS        2            11            10.73        353.37            364.1            2
    462        463,    SUCCESS        2            10            10.61        354.37            364.98            2
    653        654,    SUCCESS        2            7            10.65        354.98            365.63            2
    416        417,    SUCCESS        2            1            10.52        355.84            366.36            2
    565        566,    SUCCESS        2            13            10.61        358.07            368.68            2
    570        571,    SUCCESS        2            12            10.65        359.06            369.71            2
    501        502,    SUCCESS        2            2            10.54        360.03            370.57            2
    589        590,    SUCCESS        2            17            10.7        362.06            372.76            2
    277        278,    SUCCESS        2            19            10.63        362.47            373.1            2
    478        479,    SUCCESS        2            11            10.48        364.1            374.58            2
    500        501,    SUCCESS        2            10            10.65        364.98            375.63            2
    650        651,    SUCCESS        2            1            10.57        366.36            376.93            2
    434        435,    SUCCESS        2            13            10.5        368.68            379.18            2
    239        240,    SUCCESS        2            12            10.9        369.71            380.61            2
    576        577,    SUCCESS        2            2            10.58        370.57            381.15            2
    606        607,    SUCCESS        2            17            10.68        372.76            383.44            2
    559        560,    SUCCESS        2            19            10.82        373.1            383.92            2
    458        459,    SUCCESS        2            11            10.49        374.58            385.07            2
    395        396,    SUCCESS        2            10            10.83        375.63            386.46            2
    362        363,    SUCCESS        2            13            10.4        379.18            389.58            2
    483        484,    SUCCESS        2            12            10.73        380.61            391.34            2
    578        579,    SUCCESS        2            2            10.5        381.15            391.65            2
    429        430,    SUCCESS        2            17            10.66        383.44            394.1            2
    648        649,    SUCCESS        2            19            10.51        383.92            394.43            2
    494        495,    SUCCESS        2            11            10.63        385.07            395.7            2
    312        313,    SUCCESS        2            10            10.9        386.46            397.36            2
    405        406,    SUCCESS        2            13            10.47        389.58            400.05            2
    484        485,    SUCCESS        2            12            10.61        391.34            401.95            2
    374        375,    SUCCESS        2            2            10.52        391.65            402.17            2
    452        453,    SUCCESS        2            17            10.66        394.1            404.76            2
    411        412,    SUCCESS        2            11            10.63        395.7            406.33            2
    357        358,    SUCCESS        2            10            10.7        397.36            408.06            2
    635        636,    SUCCESS        2            13            10.55        400.05            410.6            2
    601        602,    SUCCESS        2            12            10.46        401.95            412.41            2
    244        245,    SUCCESS        2            2            10.52        402.17            412.69            2
    548        549,    SUCCESS        2            17            10.6        404.76            415.36            2
    439        440,    SUCCESS        2            11            10.77        406.33            417.1            2
    536        537,    SUCCESS        2            10            10.66        408.06            418.72            2
    456        457,    SUCCESS        2            2            10.61        412.69            423.3            2
    609        610,    SUCCESS        2            17            10.62        415.36            425.98            2
    607        608,    SUCCESS        2            11            10.62        417.1            427.72            2
    619        620,    SUCCESS        2            10            10.42        418.72            429.14            2
    174        175,    SUCCESS        2            2            10.62        423.3            433.92            2
    603        604,    SUCCESS        2            11            10.74        427.72            438.46            2
    568        569,    SUCCESS        2            10            10.49        429.14            439.63            2
    380        381,    SUCCESS        2            2            10.69        433.92            444.61            2
    587        588,    SUCCESS        2            10            10.65        439.63            450.28            2
    485        486,    SUCCESS        2            2            10.66        444.61            455.27            2
    317        318,    SUCCESS        2            10            10.69        450.28            460.97            2
    560        561,    SUCCESS        2            2            10.38        455.27            465.65            2
    289        290,    SUCCESS        2            10            10.62        460.97            471.59            2
    468        469,    SUCCESS        2            10            10.56        471.59            482.15            2
    558        559,    SUCCESS        2            10            10.62        482.15            492.77            2
    604        605,    SUCCESS        2            10            10.52        492.77            503.29            2
    662        663,    SUCCESS        2            16            42.42        503.29            545.71            3
    663        664,    SUCCESS        2            18            99.08        545.71            644.79            4
    676        677,    SUCCESS        2            14            11.13        644.79            655.92            5
    667        668,    SUCCESS        2            8            11.16        644.79            655.96            5
    691        692,    SUCCESS        2            9            11.16        644.79            655.96            5
    688        689,    SUCCESS        2            19            11.2        644.79            655.99            5
    668        669,    SUCCESS        2            7            11.24        644.79            656.03            5
    664        665,    SUCCESS        2            12            11.24        644.79            656.03            5
    678        679,    SUCCESS        2            6            11.29        644.79            656.08            5
    690        691,    SUCCESS        2            17            11.31        644.79            656.1            5
    672        673,    SUCCESS        2            1            11.35        644.79            656.14            5
    705        706,    SUCCESS        2            10            11.38        644.79            656.17            5
    675        676,    SUCCESS        2            5            11.39        644.79            656.18            5
    665        666,    SUCCESS        2            15            11.39        644.79            656.18            5
    687        688,    SUCCESS        2            16            11.4        644.79            656.2            5
    686        687,    SUCCESS        2            2            11.42        644.79            656.21            5
    670        671,    SUCCESS        2            18            11.42        644.79            656.21            5
    666        667,    SUCCESS        2            0            11.45        644.79            656.24            5
    669        670,    SUCCESS        2            3            11.45        644.79            656.24            5
    693        694,    SUCCESS        2            11            11.49        644.79            656.28            5
    677        678,    SUCCESS        2            13            11.53        644.79            656.32            5
    684        685,    SUCCESS        2            4            11.69        644.79            656.48            5
    671        672,    SUCCESS        2            8            10.59        655.96            666.55            5
    679        680,    SUCCESS        2            6            10.58        656.08            666.66            5
    692        693,    SUCCESS        2            7            10.63        656.03            666.66            5
    715        716,    SUCCESS        2            19            10.67        655.99            666.66            5
    698        699,    SUCCESS        2            1            10.63        656.14            666.77            5
    673        674,    SUCCESS        2            0            10.64        656.24            666.88            5
    696        697,    SUCCESS        2            13            10.56        656.32            666.88            5
    680        681,    SUCCESS        2            15            10.7        656.18            666.88            5
    733        734,    SUCCESS        2            18            10.67        656.21            666.88            5
    683        684,    SUCCESS        2            5            10.81        656.18            666.99            5
    746        747,    SUCCESS        2            10            10.82        656.17            666.99            5
    681        682,    SUCCESS        2            14            11.06        655.92            666.99            5
    716        717,    SUCCESS        2            16            10.79        656.2            666.99            5
    736        737,    SUCCESS        2            2            10.89        656.21            667.1            5
    700        701,    SUCCESS        2            9            11.14        655.96            667.1            5
    708        709,    SUCCESS        2            11            10.82        656.28            667.1            5
    701        702,    SUCCESS        2            12            11.07        656.03            667.1            5
    674        675,    SUCCESS        2            3            10.97        656.24            667.21            5
    685        686,    SUCCESS        2            4            10.83        656.48            667.32            5
    682        683,    SUCCESS        2            6            10.53        666.66            677.19            5
    741        742,    SUCCESS        2            7            10.64        666.66            677.3            5
    689        690,    SUCCESS        2            8            10.75        666.55            677.3            5
    759        760,    SUCCESS        2            19            10.75        666.66            677.41            5
    694        695,    SUCCESS        2            5            10.55        666.99            677.54            5
    697        698,    SUCCESS        2            13            10.66        666.88            677.54            5
    706        707,    SUCCESS        2            1            10.88        666.77            677.65            5
    760        761,    SUCCESS        2            10            10.77        666.99            677.76            5
    707        708,    SUCCESS        2            15            10.88        666.88            677.76            5
    779        780,    SUCCESS        2            18            10.88        666.88            677.76            5
    740        741,    SUCCESS        2            9            10.77        667.1            677.87            5
    743        744,    SUCCESS        2            12            10.77        667.1            677.87            5
    720        721,    SUCCESS        2            14            10.88        666.99            677.87            5
    727        728,    SUCCESS        2            16            10.88        666.99            677.87            5
    704        705,    SUCCESS        2            0            11.1        666.88            677.98            5
    756        757,    SUCCESS        2            2            10.99        667.1            678.09            5
    710        711,    SUCCESS        2            3            10.88        667.21            678.09            5
    714        715,    SUCCESS        2            11            10.99        667.1            678.09            5
    702        703,    SUCCESS        2            4            10.88        667.32            678.2            5
    717        718,    SUCCESS        2            8            10.33        677.3            687.63            5
    695        696,    SUCCESS        2            6            10.61        677.19            687.8            5
    770        771,    SUCCESS        2            19            10.53        677.41            687.94            5
    786        787,    SUCCESS        2            7            10.75        677.3            688.05            5
    728        729,    SUCCESS        2            1            10.62        677.65            688.27            5
    763        764,    SUCCESS        2            12            10.51        677.87            688.38            5
    699        700,    SUCCESS        2            13            10.84        677.54            688.38            5
    735        736,    SUCCESS        2            5            10.95        677.54            688.49            5
    750        751,    SUCCESS        2            9            10.62        677.87            688.49            5
    749        750,    SUCCESS        2            15            10.73        677.76            688.49            5
    739        740,    SUCCESS        2            14            10.73        677.87            688.6            5
    713        714,    SUCCESS        2            4            10.51        678.2            688.71            5
    723        724,    SUCCESS        2            11            10.62        678.09            688.71            5
    742        743,    SUCCESS        2            0            10.84        677.98            688.82            5
    766        767,    SUCCESS        2            2            10.73        678.09            688.82            5
    718        719,    SUCCESS        2            3            10.73        678.09            688.82            5
    721        722,    SUCCESS        2            8            10.71        687.63            698.34            5
    703        704,    SUCCESS        2            6            10.7        687.8            698.5            5
    771        772,    SUCCESS        2            19            10.95        687.94            698.89            5
    767        768,    SUCCESS        2            12            10.62        688.38            699            5
    709        710,    SUCCESS        2            13            10.73        688.38            699.11            5
    732        733,    SUCCESS        2            1            10.95        688.27            699.22            5
    782        783,    SUCCESS        2            15            10.73        688.49            699.22            5
    719        720,    SUCCESS        2            4            10.62        688.71            699.33            5
    761        762,    SUCCESS        2            9            10.84        688.49            699.33            5
    748        749,    SUCCESS        2            14            10.73        688.6            699.33            5
    788        789,    SUCCESS        2            5            10.95        688.49            699.44            5
    751        752,    SUCCESS        2            11            10.84        688.71            699.55            5
    731        732,    SUCCESS        2            3            10.84        688.82            699.66            5
    775        776,    SUCCESS        2            0            10.95        688.82            699.77            5
    768        769,    SUCCESS        2            2            10.95        688.82            699.77            5
    712        713,    SUCCESS        2            6            10.47        698.5            708.97            5
    726        727,    SUCCESS        2            8            10.92        698.34            709.26            5
    780        781,    SUCCESS        2            19            10.78        698.89            709.67            5
    764        765,    SUCCESS        2            9            10.45        699.33            709.78            5
    785        786,    SUCCESS        2            12            10.78        699            709.78            5
    711        712,    SUCCESS        2            13            10.67        699.11            709.78            5
    794        795,    SUCCESS        2            5            10.68        699.44            710.12            5
    787        788,    SUCCESS        2            15            10.9        699.22            710.12            5
    734        735,    SUCCESS        2            1            11.01        699.22            710.23            5
    778        779,    SUCCESS        2            14            10.9        699.33            710.23            5
    722        723,    SUCCESS        2            4            11.03        699.33            710.36            5
    737        738,    SUCCESS        2            3            10.81        699.66            710.47            5
    772        773,    SUCCESS        2            2            10.82        699.77            710.59            5
    776        777,    SUCCESS        2            11            11.16        699.55            710.71            5
    724        725,    SUCCESS        2            6            10.38        708.97            719.35            5
    729        730,    SUCCESS        2            8            10.79        709.26            720.05            5
    781        782,    SUCCESS        2            19            10.69        709.67            720.36            5
    769        770,    SUCCESS        2            9            10.85        709.78            720.63            5
    730        731,    SUCCESS        2            13            11.01        709.78            720.79            5
    725        726,    SUCCESS        2            4            10.76        710.36            721.12            5
    790        791,    SUCCESS        2            14            11        710.23            721.23            5
    745        746,    SUCCESS        2            3            10.87        710.47            721.34            5
    792        793,    SUCCESS        2            11            10.63        710.71            721.34            5
    777        778,    SUCCESS        2            2            10.96        710.59            721.55            5
    744        745,    SUCCESS        2            6            10.58        719.35            729.93            5
    795        796,    SUCCESS        2            19            10.57        720.36            730.93            5
    738        739,    SUCCESS        2            8            10.99        720.05            731.04            5
    757        758,    SUCCESS        2            13            10.58        720.79            731.37            5
    773        774,    SUCCESS        2            9            10.85        720.63            731.48            5
    747        748,    SUCCESS        2            4            10.7        721.12            731.82            5
    784        785,    SUCCESS        2            3            10.72        721.34            732.06            5
    754        755,    SUCCESS        2            6            11.14        729.93            741.07            5
    752        753,    SUCCESS        2            8            10.63        731.04            741.67            5
    789        790,    SUCCESS        2            13            10.89        731.37            742.26            5
    755        756,    SUCCESS        2            4            10.61        731.82            742.43            5
    793        794,    SUCCESS        2            9            11.06        731.48            742.54            5
    765        766,    SUCCESS        2            6            10.65        741.07            751.72            5
    753        754,    SUCCESS        2            8            10.92        741.67            752.59            5
    783        784,    SUCCESS        2            4            10.61        742.43            753.04            5
    774        775,    SUCCESS        2            6            10.5        751.72            762.22            5
    758        759,    SUCCESS        2            8            10.7        752.59            763.29            5
    791        792,    SUCCESS        2            4            10.73        753.04            763.77            5
    762        763,    SUCCESS        2            8            11.03        763.29            774.32            5
    796        797,    SUCCESS        2            2            127.88        774.32            902.2            6
    797        798,    SUCCESS        2            15            79.07        902.2            981.27            7
    798        799,    SUCCESS        2            5            56.77        981.27            1038.04            8
    799        800,    SUCCESS        2            4            5.45        1038.04            1043.49            9