========== OUTPUT ==========
Job ID    Task ID    STATUS    Data center ID    VM ID        Time    Start Time    Finish Time    Depth
    500        Stage-in    SUCCESS        2            14            0.11        0.1            0.21            0
    5        6,    SUCCESS        2            0            13.55        0.21            13.76            1
    10        11,    SUCCESS        2            3            13.61        0.21            13.82            1
    11        12,    SUCCESS        2            16            13.61        0.21            13.82            1
    45        46,    SUCCESS        2            19            13.61        0.21            13.82            1
    3        4,    SUCCESS        2            9            13.68        0.21            13.89            1
    8        9,    SUCCESS        2            14            13.68        0.21            13.89            1
    4        5,    SUCCESS        2            18            13.68        0.21            13.89            1
    63        64,    SUCCESS        2            10            13.72        0.21            13.93            1
    20        21,    SUCCESS        2            11            13.81        0.21            14.02            1
    1        2,    SUCCESS        2            13            13.83        0.21            14.04            1
    14        15,    SUCCESS        2            4            13.86        0.21            14.07            1
    2        3,    SUCCESS        2            12            13.94        0.21            14.15            1
    24        25,    SUCCESS        2            5            13.97        0.21            14.18            1
    17        18,    SUCCESS        2            7            13.97        0.21            14.18            1
    70        71,    SUCCESS        2            15            13.99        0.21            14.2            1
    40        41,    SUCCESS        2            6            14.01        0.21            14.22            1
    48        49,    SUCCESS        2            1            14.02        0.21            14.23            1
    7        8,    SUCCESS        2            2            14.1        0.21            14.31            1
    19        20,    SUCCESS        2            8            14.12        0.21            14.33            1
    0        1,    SUCCESS        2            17            14.28        0.21            14.49            1
    94        95,    SUCCESS        2            10            11.74        14.2            25.94            2
    43        44,    SUCCESS        2            16            13.53        13.82            27.35            1
    16        17,    SUCCESS        2            0            13.7        13.76            27.46            1
    21        22,    SUCCESS        2            4            13.39        14.07            27.46            1
    58        59,    SUCCESS        2            7            13.28        14.18            27.46            1
    6        7,    SUCCESS        2            9            13.57        13.89            27.46            1
    31        32,    SUCCESS        2            14            13.57        13.89            27.46            1
    13        14,    SUCCESS        2            18            13.57        13.89            27.46            1
    28        29,    SUCCESS        2            3            13.75        13.82            27.57            1
    26        27,    SUCCESS        2            11            13.55        14.02            27.57            1
    12        13,    SUCCESS        2            12            13.42        14.15            27.57            1
    9        10,    SUCCESS        2            2            13.37        14.31            27.68            1
    52        53,    SUCCESS        2            6            13.46        14.22            27.68            1
    22        23,    SUCCESS        2            13            13.64        14.04            27.68            1
    30        31,    SUCCESS        2            5            13.69        14.18            27.87            1
    79        80,    SUCCESS        2            19            14.05        13.82            27.87            1
    33        34,    SUCCESS        2            8            13.65        14.33            27.98            1
    81        82,    SUCCESS        2            15            13.78        14.2            27.98            1
    367        368,    SUCCESS        2            10            10.63        25.94            36.57            2
    107        108,    SUCCESS        2            19            10.51        27.87            38.38            2
    85        86,    SUCCESS        2            15            10.61        27.98            38.59            2
    248        249,    SUCCESS        2            17            11.59        27.35            38.95            2
    189        190,    SUCCESS        2            1            11.55        27.57            39.12            2
    164        165,    SUCCESS        2            2            11.7        27.68            39.38            2
    49        50,    SUCCESS        2            14            13.18        27.46            40.64            1
    67        68,    SUCCESS        2            7            13.29        27.46            40.75            1
    25        26,    SUCCESS        2            0            13.4        27.46            40.86            1
    15        16,    SUCCESS        2            9            13.4        27.46            40.86            1
    23        24,    SUCCESS        2            13            13.29        27.68            40.97            1
    46        47,    SUCCESS        2            16            13.73        27.35            41.08            1
    27        28,    SUCCESS        2            4            13.73        27.46            41.19            1
    34        35,    SUCCESS        2            11            13.62        27.57            41.19            1
    35        36,    SUCCESS        2            5            13.43        27.87            41.3            1
    18        19,    SUCCESS        2            12            13.73        27.57            41.3            1
    53        54,    SUCCESS        2            18            13.95        27.46            41.41            1
    56        57,    SUCCESS        2            6            13.84        27.68            41.52            1
    61        62,    SUCCESS        2            8            13.65        27.98            41.63            1
    36        37,    SUCCESS        2            3            14.17        27.57            41.74            1
    236        237,    SUCCESS        2            10            10.6        36.57            47.17            2
    120        121,    SUCCESS        2            15            10.86        38.59            49.45            2
    133        134,    SUCCESS        2            17            10.67        38.95            49.62            2
    408        409,    SUCCESS        2            1            10.74        39.12            49.86            2
    163        164,    SUCCESS        2            7            10.66        40.75            51.41            2
    108        109,    SUCCESS        2            3            10.48        41.74            52.22            2
    172        173,    SUCCESS        2            2            11.71        40.97            52.68            2
    149        150,    SUCCESS        2            19            11.57        41.3            52.87            2
    37        38,    SUCCESS        2            0            12.96        40.86            53.82            1
    42        43,    SUCCESS        2            13            13.27        40.97            54.24            1
    32        33,    SUCCESS        2            9            13.58        40.86            54.44            1
    57        58,    SUCCESS        2            14            13.91        40.64            54.55            1
    59        60,    SUCCESS        2            18            13.14        41.41            54.55            1
    64        65,    SUCCESS        2            16            13.58        41.08            54.66            1
    29        30,    SUCCESS        2            4            13.58        41.19            54.77            1
    38        39,    SUCCESS        2            11            13.69        41.19            54.88            1
    44        45,    SUCCESS        2            5            13.74        41.3            55.04            1
    73        74,    SUCCESS        2            6            13.63        41.52            55.15            1
    66        67,    SUCCESS        2            8            13.63        41.63            55.26            1
    41        42,    SUCCESS        2            12            14.07        41.3            55.37            1
    333        334,    SUCCESS        2            10            10.63        47.17            57.8            2
    117        118,    SUCCESS        2            15            10.35        49.45            59.8            2
    137        138,    SUCCESS        2            17            10.58        49.62            60.2            2
    352        353,    SUCCESS        2            1            10.44        49.86            60.31            2
    287        288,    SUCCESS        2            7            10.73        51.41            62.14            2
    124        125,    SUCCESS        2            3            10.54        52.22            62.76            2
    97        98,    SUCCESS        2            2            10.72        52.68            63.4            2
    109        110,    SUCCESS        2            19            10.64        52.87            63.51            2
    112        113,    SUCCESS        2            0            10.54        53.82            64.36            2
    251        252,    SUCCESS        2            16            10.49        54.66            65.15            2
    144        145,    SUCCESS        2            5            10.59        55.04            65.63            2
    257        258,    SUCCESS        2            8            10.48        55.26            65.74            2
    51        52,    SUCCESS        2            13            13.47        54.24            67.71            1
    47        48,    SUCCESS        2            11            13.17        54.88            68.05            1
    60        61,    SUCCESS        2            14            13.67        54.55            68.22            1
    151        152,    SUCCESS        2            10            10.55        57.8            68.35            2
    55        56,    SUCCESS        2            4            13.69        54.77            68.46            1
    75        76,    SUCCESS        2            6            13.31        55.15            68.46            1
    39        40,    SUCCESS        2            9            14.02        54.44            68.46            1
    71        72,    SUCCESS        2            18            13.91        54.55            68.46            1
    65        66,    SUCCESS        2            12            13.23        55.37            68.6            1
    100        101,    SUCCESS        2            15            10.53        59.8            70.33            2
    141        142,    SUCCESS        2            17            10.38        60.2            70.58            2
    199        200,    SUCCESS        2            1            10.7        60.31            71.01            2
    196        197,    SUCCESS        2            7            10.53        62.14            72.67            2
    183        184,    SUCCESS        2            3            10.68        62.76            73.44            2
    125        126,    SUCCESS        2            2            10.61        63.4            74.01            2
    370        371,    SUCCESS        2            19            10.63        63.51            74.14            2
    290        291,    SUCCESS        2            0            10.62        64.36            74.98            2
    173        174,    SUCCESS        2            16            10.38        65.15            75.53            2
    140        141,    SUCCESS        2            5            10.35        65.63            75.98            2
    136        137,    SUCCESS        2            8            10.59        65.74            76.33            2
    198        199,    SUCCESS        2            14            10.57        68.22            78.79            2
    385        386,    SUCCESS        2            10            10.55        68.35            78.9            2
    118        119,    SUCCESS        2            18            10.55        68.46            79.01            2
    74        75,    SUCCESS        2            13            12.99        67.71            80.7            1
    353        354,    SUCCESS        2            15            10.68        70.33            81.01            2
    82        83,    SUCCESS        2            17            10.73        70.58            81.31            2
    284        285,    SUCCESS        2            1            10.47        71.01            81.48            2
    50        51,    SUCCESS        2            11            13.67        68.05            81.72            1
    68        69,    SUCCESS        2            4            13.65        68.46            82.11            1
    54        55,    SUCCESS        2            9            13.76        68.46            82.22            1
    76        77,    SUCCESS        2            6            13.87        68.46            82.33            1
    69        70,    SUCCESS        2            12            13.73        68.6            82.33            1
    269        270,    SUCCESS        2            7            10.69        72.67            83.36            2
    260        261,    SUCCESS        2            3            10.54        73.44            83.98            2
    134        135,    SUCCESS        2            2            10.38        74.01            84.39            2
    225        226,    SUCCESS        2            19            10.64        74.14            84.78            2
    274        275,    SUCCESS        2            0            10.51        74.98            85.49            2
    129        130,    SUCCESS        2            16            10.58        75.53            86.11            2
    156        157,    SUCCESS        2            5            10.62        75.98            86.6            2
    90        91,    SUCCESS        2            8            10.54        76.33            86.87            2
    200        201,    SUCCESS        2            14            10.69        78.79            89.48            2
    104        105,    SUCCESS        2            10            10.69        78.9            89.59            2
    275        276,    SUCCESS        2            18            10.71        79.01            89.72            2
    355        356,    SUCCESS        2            15            10.6        81.01            91.61            2
    113        114,    SUCCESS        2            17            10.6        81.31            91.91            2
    191        192,    SUCCESS        2            1            10.54        81.48            92.02            2
    250        251,    SUCCESS        2            9            10.43        82.22            92.65            2
    155        156,    SUCCESS        2            6            10.66        82.33            92.99            2
    194        195,    SUCCESS        2            7            10.64        83.36            94            2
    80        81,    SUCCESS        2            13            13.76        80.7            94.46            1
    195        196,    SUCCESS        2            3            10.6        83.98            94.58            2
    256        257,    SUCCESS        2            2            10.59        84.39            94.98            2
    62        63,    SUCCESS        2            11            13.47        81.72            95.19            1
    178        179,    SUCCESS        2            19            10.73        84.78            95.51            2
    78        79,    SUCCESS        2            4            13.85        82.11            95.96            1
    122        123,    SUCCESS        2            0            10.58        85.49            96.07            2
    72        73,    SUCCESS        2            12            13.96        82.33            96.29            1
    291        292,    SUCCESS        2            16            10.72        86.11            96.83            2
    215        216,    SUCCESS        2            5            10.51        86.6            97.11            2
    88        89,    SUCCESS        2            8            10.49        86.87            97.36            2
    288        289,    SUCCESS        2            14            10.56        89.48            100.04            2
    349        350,    SUCCESS        2            10            10.56        89.59            100.15            2
    203        204,    SUCCESS        2            18            10.61        89.72            100.33            2
    165        166,    SUCCESS        2            15            10.5        91.61            102.11            2
    143        144,    SUCCESS        2            17            10.65        91.91            102.56            2
    230        231,    SUCCESS        2            1            10.67        92.02            102.69            2
    182        183,    SUCCESS        2            9            10.59        92.65            103.24            2
    167        168,    SUCCESS        2            6            10.64        92.99            103.63            2
    105        106,    SUCCESS        2            7            10.58        94            104.58            2
    267        268,    SUCCESS        2            13            10.62        94.46            105.08            2
    317        318,    SUCCESS        2            3            10.63        94.58            105.21            2
    139        140,    SUCCESS        2            2            10.59        94.98            105.57            2
    293        294,    SUCCESS        2            11            10.6        95.19            105.79            2
    89        90,    SUCCESS        2            19            10.61        95.51            106.12            2
    119        120,    SUCCESS        2            4            10.69        95.96            106.65            2
    111        112,    SUCCESS        2            0            10.69        96.07            106.76            2
    161        162,    SUCCESS        2            16            10.49        96.83            107.32            2
    138        139,    SUCCESS        2            5            10.61        97.11            107.72            2
    217        218,    SUCCESS        2            8            10.54        97.36            107.9            2
    77        78,    SUCCESS        2            12            13.25        96.29            109.54            1
    324        325,    SUCCESS        2            14            10.62        100.04            110.66            2
    234        235,    SUCCESS        2            10            10.64        100.15            110.79            2
    114        115,    SUCCESS        2            18            10.69        100.33            111.02            2
    244        245,    SUCCESS        2            15            10.58        102.11            112.69            2
    340        341,    SUCCESS        2            17            10.66        102.56            113.22            2
    307        308,    SUCCESS        2            1            10.64        102.69            113.33            2
    268        269,    SUCCESS        2            9            10.77        103.24            114.01            2
    168        169,    SUCCESS        2            6            10.54        103.63            114.17            2
    316        317,    SUCCESS        2            7            10.49        104.58            115.07            2
    354        355,    SUCCESS        2            13            10.67        105.08            115.75            2
    166        167,    SUCCESS        2            3            10.65        105.21            115.86            2
    91        92,    SUCCESS        2            2            10.47        105.57            116.04            2
    177        178,    SUCCESS        2            11            10.54        105.79            116.33            2
    315        316,    SUCCESS        2            19            10.48        106.12            116.6            2
    142        143,    SUCCESS        2            4            10.44        106.65            117.09            2
    127        128,    SUCCESS        2            0            10.55        106.76            117.31            2
    148        149,    SUCCESS        2            16            10.5        107.32            117.82            2
    103        104,    SUCCESS        2            5            10.46        107.72            118.18            2
    249        250,    SUCCESS        2            8            10.76        107.9            118.66            2
    211        212,    SUCCESS        2            12            10.56        109.54            120.1            2
    330        331,    SUCCESS        2            14            10.63        110.66            121.29            2
    295        296,    SUCCESS        2            10            10.61        110.79            121.4            2
    128        129,    SUCCESS        2            18            10.84        111.02            121.86            2
    264        265,    SUCCESS        2            15            10.47        112.69            123.16            2
    175        176,    SUCCESS        2            17            10.48        113.22            123.7            2
    152        153,    SUCCESS        2            1            10.62        113.33            123.95            2
    220        221,    SUCCESS        2            6            10.38        114.17            124.55            2
    110        111,    SUCCESS        2            9            10.54        114.01            124.55            2
    319        320,    SUCCESS        2            7            10.67        115.07            125.74            2
    368        369,    SUCCESS        2            3            10.41        115.86            126.27            2
    188        189,    SUCCESS        2            13            10.63        115.75            126.38            2
    92        93,    SUCCESS        2            2            10.52        116.04            126.56            2
    209        210,    SUCCESS        2            11            10.47        116.33            126.8            2
    193        194,    SUCCESS        2            19            10.41        116.6            127.01            2
    106        107,    SUCCESS        2            4            10.63        117.09            127.72            2
    222        223,    SUCCESS        2            0            10.52        117.31            127.83            2
    216        217,    SUCCESS        2            16            10.58        117.82            128.4            2
    159        160,    SUCCESS        2            5            10.64        118.18            128.82            2
    240        241,    SUCCESS        2            8            10.77        118.66            129.43            2
    289        290,    SUCCESS        2            12            10.76        120.1            130.86            2
    332        333,    SUCCESS        2            14            10.68        121.29            131.97            2
    308        309,    SUCCESS        2            10            10.68        121.4            132.08            2
    258        259,    SUCCESS        2            18            10.55        121.86            132.41            2
    292        293,    SUCCESS        2            15            10.51        123.16            133.67            2
    180        181,    SUCCESS        2            17            10.59        123.7            134.29            2
    245        246,    SUCCESS        2            1            10.84        123.95            134.79            2
    337        338,    SUCCESS        2            6            10.6        124.55            135.15            2
    176        177,    SUCCESS        2            9            10.75        124.55            135.3            2
    351        352,    SUCCESS        2            7            10.59        125.74            136.33            2
    232        233,    SUCCESS        2            3            10.56        126.27            136.83            2
    301        302,    SUCCESS        2            13            10.64        126.38            137.02            2
    213        214,    SUCCESS        2            2            10.69        126.56            137.25            2
    298        299,    SUCCESS        2            11            10.62        126.8            137.42            2
    380        381,    SUCCESS        2            19            10.66        127.01            137.67            2
    123        124,    SUCCESS        2            4            10.54        127.72            138.26            2
    321        322,    SUCCESS        2            0            10.64        127.83            138.47            2
    227        228,    SUCCESS        2            16            10.79        128.4            139.19            2
    224        225,    SUCCESS        2            5            10.53        128.82            139.35            2
    241        242,    SUCCESS        2            8            10.7        129.43            140.13            2
    154        155,    SUCCESS        2            12            10.56        130.86            141.42            2
    306        307,    SUCCESS        2            14            10.5        131.97            142.47            2
    372        373,    SUCCESS        2            10            10.52        132.08            142.6            2
    197        198,    SUCCESS        2            18            10.62        132.41            143.03            2
    369        370,    SUCCESS        2            15            10.7        133.67            144.37            2
    170        171,    SUCCESS        2            17            10.6        134.29            144.89            2
    84        85,    SUCCESS        2            1            10.7        134.79            145.49            2
    135        136,    SUCCESS        2            6            10.55        135.15            145.7            2
    102        103,    SUCCESS        2            9            10.51        135.3            145.81            2
    350        351,    SUCCESS        2            7            10.55        136.33            146.88            2
    205        206,    SUCCESS        2            13            10.43        137.02            147.45            2
    320        321,    SUCCESS        2            3            10.73        136.83            147.56            2
    347        348,    SUCCESS        2            2            10.53        137.25            147.78            2
    192        193,    SUCCESS        2            11            10.57        137.42            147.99            2
    252        253,    SUCCESS        2            19            10.59        137.67            148.26            2
    185        186,    SUCCESS        2            4            10.63        138.26            148.89            2
    327        328,    SUCCESS        2            0            10.53        138.47            149            2
    242        243,    SUCCESS        2            16            10.4        139.19            149.59            2
    261        262,    SUCCESS        2            5            10.57        139.35            149.92            2
    99        100,    SUCCESS        2            8            10.55        140.13            150.68            2
    297        298,    SUCCESS        2            12            10.64        141.42            152.06            2
    405        406,    SUCCESS        2            14            10.5        142.47            152.97            2
    406        407,    SUCCESS        2            10            10.63        142.6            153.23            2
    266        267,    SUCCESS        2            18            10.64        143.03            153.67            2
    160        161,    SUCCESS        2            15            10.57        144.37            154.94            2
    201        202,    SUCCESS        2            17            10.45        144.89            155.34            2
    147        148,    SUCCESS        2            1            10.65        145.49            156.14            2
    409        410,    SUCCESS        2            6            10.54        145.7            156.25            2
    186        187,    SUCCESS        2            9            10.76        145.81            156.57            2
    388        389,    SUCCESS        2            7            10.64        146.88            157.52            2
    98        99,    SUCCESS        2            13            10.58        147.45            158.03            2
    132        133,    SUCCESS        2            3            10.67        147.56            158.23            2
    348        349,    SUCCESS        2            2            10.56        147.78            158.34            2
    233        234,    SUCCESS        2            11            10.6        147.99            158.59            2
    374        375,    SUCCESS        2            19            10.47        148.26            158.73            2
    338        339,    SUCCESS        2            4            10.63        148.89            159.52            2
    344        345,    SUCCESS        2            0            10.63        149            159.63            2
    314        315,    SUCCESS        2            16            10.48        149.59            160.07            2
    204        205,    SUCCESS        2            5            10.51        149.92            160.43            2
    179        180,    SUCCESS        2            8            10.53        150.68            161.21            2
    86        87,    SUCCESS        2            12            10.36        152.06            162.42            2
    329        330,    SUCCESS        2            14            10.59        152.97            163.56            2
    373        374,    SUCCESS        2            15            10.63        154.94            165.57            2
    202        203,    SUCCESS        2            17            10.72        155.34            166.06            2
    121        122,    SUCCESS        2            6            10.66        156.25            166.91            2
    210        211,    SUCCESS        2            9            10.45        156.57            167.02            2
    389        390,    SUCCESS        2            7            10.33        157.52            167.85            2
    375        376,    SUCCESS        2            3            10.37        158.23            168.6            2
    254        255,    SUCCESS        2            13            10.68        158.03            168.71            2
    304        305,    SUCCESS        2            2            10.48        158.34            168.82            2
    379        380,    SUCCESS        2            11            10.59        158.59            169.18            2
    93        94,    SUCCESS        2            19            10.56        158.73            169.29            2
    221        222,    SUCCESS        2            4            10.63        159.52            170.15            2
    356        357,    SUCCESS        2            0            10.63        159.63            170.26            2
    381        382,    SUCCESS        2            16            10.45        160.07            170.52            2
    130        131,    SUCCESS        2            5            10.78        160.43            171.21            2
    208        209,    SUCCESS        2            8            10.44        161.21            171.65            2
    226        227,    SUCCESS        2            12            10.67        162.42            173.09            2
    377        378,    SUCCESS        2            14            10.48        163.56            174.04            2
    273        274,    SUCCESS        2            15            10.57        165.57            176.14            2
    212        213,    SUCCESS        2            17            10.49        166.06            176.55            2
    101        102,    SUCCESS        2            6            10.52        166.91            177.43            2
    300        301,    SUCCESS        2            9            10.51        167.02            177.54            2
    131        132,    SUCCESS        2            7            10.62        167.85            178.47            2
    146        147,    SUCCESS        2            3            10.43        168.6            179.03            2
    384        385,    SUCCESS        2            13            10.6        168.71            179.31            2
    392        393,    SUCCESS        2            2            10.6        168.82            179.42            2
    265        266,    SUCCESS        2            11            10.64        169.18            179.82            2
    326        327,    SUCCESS        2            19            10.74        169.29            180.03            2
    313        314,    SUCCESS        2            4            10.47        170.15            180.62            2
    187        188,    SUCCESS        2            0            10.59        170.26            180.85            2
    309        310,    SUCCESS        2            16            10.47        170.52            180.99            2
    255        256,    SUCCESS        2            5            10.55        171.21            181.76            2
    238        239,    SUCCESS        2            8            10.37        171.65            182.02            2
    206        207,    SUCCESS        2            12            10.71        173.09            183.8            2
    262        263,    SUCCESS        2            14            10.57        174.04            184.61            2
    411        412,    SUCCESS        2            15            10.61        176.14            186.75            2
    318        319,    SUCCESS        2            17            10.6        176.55            187.15            2
    223        224,    SUCCESS        2            9            10.57        177.54            188.11            2
    276        277,    SUCCESS        2            6            10.79        177.43            188.22            2
    386        387,    SUCCESS        2            7            10.76        178.47            189.23            2
    247        248,    SUCCESS        2            3            10.51        179.03            189.54            2
    158        159,    SUCCESS        2            13            10.61        179.31            189.92            2
    402        403,    SUCCESS        2            2            10.72        179.42            190.14            2
    331        332,    SUCCESS        2            11            10.49        179.82            190.31            2
    358        359,    SUCCESS        2            19            10.45        180.03            190.48            2
    341        342,    SUCCESS        2            4            10.54        180.62            191.16            2
    364        365,    SUCCESS        2            0            10.56        180.85            191.41            2
    311        312,    SUCCESS        2            16            10.54        180.99            191.53            2
    231        232,    SUCCESS        2            5            10.52        181.76            192.28            2
    239        240,    SUCCESS        2            8            10.62        182.02            192.64            2
    83        84,    SUCCESS        2            12            10.42        183.8            194.22            2
    395        396,    SUCCESS        2            14            10.52        184.61            195.13            2
    336        337,    SUCCESS        2            15            10.52        186.75            197.27            2
    328        329,    SUCCESS        2            17            10.71        187.15            197.86            2
    343        344,    SUCCESS        2            9            10.67        188.11            198.78            2
    322        323,    SUCCESS        2            6            10.68        188.22            198.9            2
    357        358,    SUCCESS        2            3            10.7        189.54            200.24            2
    171        172,    SUCCESS        2            13            10.46        189.92            200.38            2
    271        272,    SUCCESS        2            2            10.67        190.14            200.81            2
    145        146,    SUCCESS        2            11            10.73        190.31            201.04            2
    305        306,    SUCCESS        2            19            10.68        190.48            201.16            2
    342        343,    SUCCESS        2            4            10.58        191.16            201.74            2
    399        400,    SUCCESS        2            0            10.58        191.41            201.99            2
    237        238,    SUCCESS        2            16            10.57        191.53            202.1            2
    174        175,    SUCCESS        2            5            10.5        192.28            202.78            2
    383        384,    SUCCESS        2            8            10.56        192.64            203.2            2
    299        300,    SUCCESS        2            12            10.64        194.22            204.86            2
    398        399,    SUCCESS        2            15            10.51        197.27            207.78            2
    115        116,    SUCCESS        2            17            10.66        197.86            208.52            2
    162        163,    SUCCESS        2            9            10.78        198.78            209.56            2
    334        335,    SUCCESS        2            3            10.5        200.24            210.74            2
    277        278,    SUCCESS        2            13            10.68        200.38            211.06            2
    253        254,    SUCCESS        2            2            10.56        200.81            211.37            2
    310        311,    SUCCESS        2            11            10.7        201.04            211.74            2
    87        88,    SUCCESS        2            19            10.58        201.16            211.74            2
    285        286,    SUCCESS        2            4            10.66        201.74            212.4            2
    279        280,    SUCCESS        2            16            10.67        202.1            212.77            2
    181        182,    SUCCESS        2            0            10.89        201.99            212.88            2
    286        287,    SUCCESS        2            5            10.63        202.78            213.41            2
    283        284,    SUCCESS        2            8            10.61        203.2            213.81            2
    246        247,    SUCCESS        2            12            10.52        204.86            215.38            2
    401        402,    SUCCESS        2            15            10.54        207.78            218.32            2
    96        97,    SUCCESS        2            17            10.65        208.52            219.17            2
    218        219,    SUCCESS        2            9            10.71        209.56            220.27            2
    362        363,    SUCCESS        2            3            10.39        210.74            221.13            2
    294        295,    SUCCESS        2            13            10.8        211.06            221.86            2
    397        398,    SUCCESS        2            2            10.6        211.37            221.97            2
    390        391,    SUCCESS        2            19            10.59        211.74            222.33            2
    190        191,    SUCCESS        2            11            10.7        211.74            222.44            2
    95        96,    SUCCESS        2            4            10.56        212.4            222.96            2
    280        281,    SUCCESS        2            16            10.59        212.77            223.36            2
    339        340,    SUCCESS        2            5            10.48        213.41            223.89            2
    263        264,    SUCCESS        2            8            10.64        213.81            224.45            2
    312        313,    SUCCESS        2            12            10.65        215.38            226.03            2
    393        394,    SUCCESS        2            15            10.68        218.32            229            2
    169        170,    SUCCESS        2            17            10.7        219.17            229.87            2
    228        229,    SUCCESS        2            9            10.58        220.27            230.85            2
    403        404,    SUCCESS        2            3            10.5        221.13            231.63            2
    363        364,    SUCCESS        2            13            10.45        221.86            232.31            2
    376        377,    SUCCESS        2            19            10.37        222.33            232.7            2
    359        360,    SUCCESS        2            11            10.54        222.44            232.98            2
    391        392,    SUCCESS        2            4            10.7        222.96            233.66            2
    150        151,    SUCCESS        2            16            10.45        223.36            233.81            2
    229        230,    SUCCESS        2            5            10.78        223.89            234.67            2
    325        326,    SUCCESS        2            8            10.57        224.45            235.02            2
    184        185,    SUCCESS        2            12            10.41        226.03            236.44            2
    116        117,    SUCCESS        2            17            10.68        229.87            240.55            2
    382        383,    SUCCESS        2            9            10.57        230.85            241.42            2
    366        367,    SUCCESS        2            13            10.74        232.31            243.05            2
    378        379,    SUCCESS        2            19            10.77        232.7            243.47            2
    272        273,    SUCCESS        2            11            10.6        232.98            243.58            2
    371        372,    SUCCESS        2            4            10.43        233.66            244.09            2
    410        411,    SUCCESS        2            5            10.47        234.67            245.14            2
    219        220,    SUCCESS        2            8            10.82        235.02            245.84            2
    243        244,    SUCCESS        2            12            10.84        236.44            247.28            2
    214        215,    SUCCESS        2            17            10.49        240.55            251.04            2
    282        283,    SUCCESS        2            9            10.73        241.42            252.15            2
    396        397,    SUCCESS        2            13            10.52        243.05            253.57            2
    400        401,    SUCCESS        2            11            10.52        243.58            254.1            2
    207        208,    SUCCESS        2            19            10.74        243.47            254.21            2
    296        297,    SUCCESS        2            4            10.85        244.09            254.94            2
    345        346,    SUCCESS        2            5            10.56        245.14            255.7            2
    126        127,    SUCCESS        2            8            10.6        245.84            256.44            2
    270        271,    SUCCESS        2            12            10.58        247.28            257.86            2
    323        324,    SUCCESS        2            17            10.54        251.04            261.58            2
    302        303,    SUCCESS        2            9            10.67        252.15            262.82            2
    404        405,    SUCCESS        2            4            10.61        254.94            265.55            2
    278        279,    SUCCESS        2            5            10.47        255.7            266.17            2
    157        158,    SUCCESS        2            8            10.59        256.44            267.03            2
    361        362,    SUCCESS        2            12            10.71        257.86            268.57            2
    303        304,    SUCCESS        2            17            10.44        261.58            272.02            2
    259        260,    SUCCESS        2            9            10.67        262.82            273.49            2
    407        408,    SUCCESS        2            4            10.79        265.55            276.34            2
    153        154,    SUCCESS        2            5            10.65        266.17            276.82            2
    235        236,    SUCCESS        2            8            10.58        267.03            277.61            2
    387        388,    SUCCESS        2            9            10.55        273.49            284.04            2
    360        361,    SUCCESS        2            5            10.62        276.82            287.44            2
    281        282,    SUCCESS        2            8            10.56        277.61            288.17            2
    335        336,    SUCCESS        2            9            10.59        284.04            294.63            2
    394        395,    SUCCESS        2            5            10.66        287.44            298.1            2
    365        366,    SUCCESS        2            9            10.41        294.63            305.04            2
    346        347,    SUCCESS        2            9            10.61        305.04            315.65            2
    412        413,    SUCCESS        2            9            26.42        315.65            342.07            3
    413        414,    SUCCESS        2            11            46.98        342.07            389.04            4
    434        435,    SUCCESS        2            2            10.93        389.04            399.98            5
    418        419,    SUCCESS        2            1            10.98        389.04            400.02            5
    436        437,    SUCCESS        2            13            10.98        389.04            400.02            5
    456        457,    SUCCESS        2            12            11.13        389.04            400.17            5
    464        465,    SUCCESS        2            4            11.14        389.04            400.19            5
    429        430,    SUCCESS        2            6            11.15        389.04            400.2            5
    419        420,    SUCCESS        2            15            11.15        389.04            400.2            5
    424        425,    SUCCESS        2            18            11.17        389.04            400.21            5
    414        415,    SUCCESS        2            0            11.23        389.04            400.27            5
    448        449,    SUCCESS        2            7            11.25        389.04            400.3            5
    427        428,    SUCCESS        2            9            11.25        389.04            400.3            5
    423        424,    SUCCESS        2            8            11.31        389.04            400.35            5
    420        421,    SUCCESS        2            14            11.31        389.04            400.35            5
    425        426,    SUCCESS        2            5            11.35        389.04            400.39            5
    440        441,    SUCCESS        2            16            11.36        389.04            400.4            5
    421        422,    SUCCESS        2            19            11.37        389.04            400.42            5
    446        447,    SUCCESS        2            3            11.4        389.04            400.45            5
    433        434,    SUCCESS        2            10            11.43        389.04            400.48            5
    422        423,    SUCCESS        2            17            11.54        389.04            400.59            5
    468        469,    SUCCESS        2            4            10.35        400.19            410.54            5
    443        444,    SUCCESS        2            2            10.67        399.98            410.65            5
    493        494,    SUCCESS        2            1            10.74        400.02            410.76            5
    494        495,    SUCCESS        2            12            10.59        400.17            410.76            5
    462        463,    SUCCESS        2            13            10.85        400.02            410.87            5
    428        429,    SUCCESS        2            18            10.66        400.21            410.87            5
    442        443,    SUCCESS        2            10            10.5        400.48            410.98            5
    430        431,    SUCCESS        2            15            10.78        400.2            410.98            5
    415        416,    SUCCESS        2            0            10.82        400.27            411.09            5
    439        440,    SUCCESS        2            5            10.7        400.39            411.09            5
    453        454,    SUCCESS        2            14            10.74        400.35            411.09            5
    454        455,    SUCCESS        2            16            10.68        400.4            411.09            5
    447        448,    SUCCESS        2            6            11        400.2            411.2            5
    478        479,    SUCCESS        2            8            10.85        400.35            411.2            5
    445        446,    SUCCESS        2            9            10.9        400.3            411.2            5
    455        456,    SUCCESS        2            7            11.01        400.3            411.31            5
    426        427,    SUCCESS        2            19            10.89        400.42            411.31            5
    471        472,    SUCCESS        2            3            10.97        400.45            411.42            5
    444        445,    SUCCESS        2            17            10.83        400.59            411.42            5
    458        459,    SUCCESS        2            2            10.45        410.65            421.1            5
    463        464,    SUCCESS        2            14            10.16        411.09            421.25            5
    437        438,    SUCCESS        2            18            10.51        410.87            421.38            5
    475        476,    SUCCESS        2            13            10.66        410.87            421.53            5
    441        442,    SUCCESS        2            5            10.55        411.09            421.64            5
    435        436,    SUCCESS        2            15            10.66        410.98            421.64            5
    460        461,    SUCCESS        2            16            10.66        411.09            421.75            5
    416        417,    SUCCESS        2            0            10.77        411.09            421.86            5
    472        473,    SUCCESS        2            6            10.66        411.2            421.86            5
    449        450,    SUCCESS        2            10            10.88        410.98            421.86            5
    431        432,    SUCCESS        2            19            10.55        411.31            421.86            5
    488        489,    SUCCESS        2            9            10.77        411.2            421.97            5
    459        460,    SUCCESS        2            7            10.87        411.31            422.18            5
    452        453,    SUCCESS        2            17            11.16        411.42            422.58            5
    461        462,    SUCCESS        2            2            10.53        421.1            431.63            5
    473        474,    SUCCESS        2            18            10.7        421.38            432.08            5
    479        480,    SUCCESS        2            13            10.69        421.53            432.22            5
    457        458,    SUCCESS        2            5            10.76        421.64            432.4            5
    417        418,    SUCCESS        2            0            10.73        421.86            432.59            5
    489        490,    SUCCESS        2            9            10.73        421.97            432.7            5
    450        451,    SUCCESS        2            15            11.06        421.64            432.7            5
    438        439,    SUCCESS        2            19            10.84        421.86            432.7            5
    492        493,    SUCCESS        2            6            10.95        421.86            432.81            5
    470        471,    SUCCESS        2            7            10.74        422.18            432.92            5
    469        470,    SUCCESS        2            17            10.58        422.58            433.16            5
    484        485,    SUCCESS        2            2            10.74        431.63            442.37            5
    490        491,    SUCCESS        2            9            10.41        432.7            443.11            5
    465        466,    SUCCESS        2            5            10.82        432.4            443.22            5
    480        481,    SUCCESS        2            15            10.52        432.7            443.22            5
    482        483,    SUCCESS        2            18            11.14        432.08            443.22            5
    467        468,    SUCCESS        2            19            10.52        432.7            443.22            5
    432        433,    SUCCESS        2            0            10.74        432.59            443.33            5
    477        478,    SUCCESS        2            17            10.57        433.16            443.73            5
    476        477,    SUCCESS        2            7            11        432.92            443.92            5
    495        496,    SUCCESS        2            2            10.5        442.37            452.87            5
    481        482,    SUCCESS        2            19            10.52        443.22            453.74            5
    486        487,    SUCCESS        2            18            10.63        443.22            453.85            5
    466        467,    SUCCESS        2            5            10.74        443.22            453.96            5
    451        452,    SUCCESS        2            0            10.74        443.33            454.07            5
    485        486,    SUCCESS        2            5            10.67        453.96            464.63            5
    491        492,    SUCCESS        2            18            10.92        453.85            464.77            5
    474        475,    SUCCESS        2            0            10.82        454.07            464.89            5
    483        484,    SUCCESS        2            0            10.58        464.89            475.47            5
    487        488,    SUCCESS        2            5            10.95        464.63            475.58            5
    496        497,    SUCCESS        2            18            83.34        475.58            558.92            6
    497        498,    SUCCESS        2            0            49.32        558.92            608.24            7
    498        499,    SUCCESS        2            1            40.11        608.24            648.35            8
    499        500,    SUCCESS        2            12            4.31        648.35            652.66            9
