========== OUTPUT ==========
Job ID    Task ID    STATUS    Data center ID    VM ID        Time    Start Time    Finish Time    Depth
    700        Stage-in    SUCCESS        2            13            0.11        0.1            0.21            0
    341        342,    SUCCESS        2            13            2816.29        0.21            2816.5            1
    2        3,    SUCCESS        2            18            2824.88        0.21            2825.09            1
    374        375,    SUCCESS        2            18            33.2        2825.09            2858.29            2
    350        351,    SUCCESS        2            4            53.72        2816.5            2870.21            2
    354        355,    SUCCESS        2            15            53.78        2816.5            2870.28            2
    344        345,    SUCCESS        2            12            65.17        2816.5            2881.67            2
    346        347,    SUCCESS        2            1            67.18        2816.5            2883.68            2
    382        383,    SUCCESS        2            0            67.46        2816.5            2883.96            2
    458        459,    SUCCESS        2            6            70.18        2816.5            2886.68            2
    376        377,    SUCCESS        2            16            70.48        2816.5            2886.98            2
    392        393,    SUCCESS        2            5            71.18        2816.5            2887.68            2
    424        425,    SUCCESS        2            10            73.33        2816.5            2889.82            2
    360        361,    SUCCESS        2            14            73.83        2816.5            2890.33            2
    462        463,    SUCCESS        2            7            75.06        2816.5            2891.56            2
    372        373,    SUCCESS        2            8            76.5        2816.5            2893            2
    384        385,    SUCCESS        2            18            35.31        2858.29            2893.6            2
    378        379,    SUCCESS        2            17            77.59        2816.5            2894.09            2
    366        367,    SUCCESS        2            3            81.96        2816.5            2898.46            2
    348        349,    SUCCESS        2            11            83.44        2816.5            2899.94            2
    390        391,    SUCCESS        2            15            30.37        2870.28            2900.65            2
    352        353,    SUCCESS        2            9            85.87        2816.5            2902.36            2
    442        443,    SUCCESS        2            2            88.05        2816.5            2904.55            2
    342        343,    SUCCESS        2            13            89.78        2816.5            2906.27            2
    482        483,    SUCCESS        2            19            90.84        2816.5            2907.34            2
    356        357,    SUCCESS        2            1            38.04        2883.68            2921.72            2
    414        415,    SUCCESS        2            0            38.97        2883.96            2922.93            2
    426        427,    SUCCESS        2            10            36.65        2889.82            2926.47            2
    398        399,    SUCCESS        2            5            39.24        2887.68            2926.92            2
    436        437,    SUCCESS        2            4            56.94        2870.21            2927.16            2
    388        389,    SUCCESS        2            18            33.72        2893.6            2927.33            2
    386        387,    SUCCESS        2            3            29.36        2898.46            2927.82            2
    430        431,    SUCCESS        2            17            36.09        2894.09            2930.18            2
    486        487,    SUCCESS        2            6            44.1        2886.68            2930.78            2
    400        401,    SUCCESS        2            16            47.43        2886.98            2934.41            2
    396        397,    SUCCESS        2            9            34.7        2902.36            2937.06            2
    448        449,    SUCCESS        2            2            33.01        2904.55            2937.56            2
    380        381,    SUCCESS        2            8            45.31        2893            2938.31            2
    504        505,    SUCCESS        2            19            31.57        2907.34            2938.91            2
    476        477,    SUCCESS        2            12            58.06        2881.67            2939.73            2
    362        363,    SUCCESS        2            11            41.09        2899.94            2941.03            2
    534        535,    SUCCESS        2            7            56.27        2891.56            2947.83            2
    444        445,    SUCCESS        2            3            22.87        2927.82            2950.69            2
    394        395,    SUCCESS        2            13            45.14        2906.27            2951.41            2
    364        365,    SUCCESS        2            14            61.81        2890.33            2952.14            2
    406        407,    SUCCESS        2            5            32.88        2926.92            2959.8            2
    428        429,    SUCCESS        2            10            36.23        2926.47            2962.7            2
    358        359,    SUCCESS        2            1            41.76        2921.72            2963.48            2
    450        451,    SUCCESS        2            15            64.96        2900.65            2965.6            2
    494        495,    SUCCESS        2            4            40.67        2927.16            2967.82            2
    434        435,    SUCCESS        2            0            47.87        2922.93            2970.8            2
    524        525,    SUCCESS        2            19            32.43        2938.91            2971.34            2
    510        511,    SUCCESS        2            6            42.87        2930.78            2973.65            2
    480        481,    SUCCESS        2            2            37.2        2937.56            2974.76            2
    402        403,    SUCCESS        2            13            23.79        2951.41            2975.2            2
    570        571,    SUCCESS        2            17            46.37        2930.18            2976.55            2
    670        671,    SUCCESS        2            7            31.57        2947.83            2979.4            2
    412        413,    SUCCESS        2            8            43.95        2938.31            2982.26            2
    416        417,    SUCCESS        2            9            46.33        2937.06            2983.39            2
    410        411,    SUCCESS        2            18            56.27        2927.33            2983.59            2
    420        421,    SUCCESS        2            5            27.08        2959.8            2986.88            2
    470        471,    SUCCESS        2            3            43.25        2950.69            2993.94            2
    404        405,    SUCCESS        2            16            64.59        2934.41            2999            2
    578        579,    SUCCESS        2            10            36.41        2962.7            2999.11            2
    368        369,    SUCCESS        2            14            47.35        2952.14            2999.49            2
    508        509,    SUCCESS        2            12            63.26        2939.73            3002.99            2
    492        493,    SUCCESS        2            11            63.35        2941.03            3004.38            2
    516        517,    SUCCESS        2            4            36.66        2967.82            3004.49            2
    512        513,    SUCCESS        2            6            32.41        2973.65            3006.06            2
    478        479,    SUCCESS        2            8            27.26        2982.26            3009.52            2
    528        529,    SUCCESS        2            15            47.67        2965.6            3013.27            2
    472        473,    SUCCESS        2            3            29.8        2993.94            3023.74            2
    408        409,    SUCCESS        2            13            49.87        2975.2            3025.07            2
    548        549,    SUCCESS        2            12            22.22        3002.99            3025.21            2
    370        371,    SUCCESS        2            1            62.91        2963.48            3026.39            2
    608        609,    SUCCESS        2            17            51.28        2976.55            3027.83            2
    418        419,    SUCCESS        2            14            29.04        2999.49            3028.53            2
    538        539,    SUCCESS        2            19            58.6        2971.34            3029.94            2
    682        683,    SUCCESS        2            7            51.88        2979.4            3031.28            2
    488        489,    SUCCESS        2            2            57.02        2974.76            3031.78            2
    496        497,    SUCCESS        2            0            61.39        2970.8            3032.19            2
    422        423,    SUCCESS        2            5            53.14        2986.88            3040.02            2
    474        475,    SUCCESS        2            9            57.51        2983.39            3040.9            2
    460        461,    SUCCESS        2            16            42.32        2999            3041.32            2
    452        453,    SUCCESS        2            18            61.56        2983.59            3045.15            2
    672        673,    SUCCESS        2            12            24.3        3025.21            3049.51            2
    544        545,    SUCCESS        2            4            46.57        3004.49            3051.06            2
    502        503,    SUCCESS        2            11            48.56        3004.38            3052.94            2
    454        455,    SUCCESS        2            1            26.76        3026.39            3053.15            2
    564        565,    SUCCESS        2            6            47.59        3006.06            3053.65            2
    616        617,    SUCCESS        2            10            55.63        2999.11            3054.74            2
    634        635,    SUCCESS        2            17            30.18        3027.83            3058.01            2
    432        433,    SUCCESS        2            14            29.8        3028.53            3058.33            2
    440        441,    SUCCESS        2            13            36.19        3025.07            3061.26            2
    576        577,    SUCCESS        2            15            48.18        3013.27            3061.45            2
    466        467,    SUCCESS        2            16            24.37        3041.32            3065.69            2
    554        555,    SUCCESS        2            19            36.62        3029.94            3066.56            2
    530        531,    SUCCESS        2            8            62.6        3009.52            3072.12            2
    484        485,    SUCCESS        2            3            52.38        3023.74            3076.12            2
    113        114,    SUCCESS        2            12            27.7        3049.51            3077.21            2
    520        521,    SUCCESS        2            0            45.86        3032.19            3078.05            2
    514        515,    SUCCESS        2            18            36.31        3045.15            3081.46            2
    550        551,    SUCCESS        2            4            31.47        3051.06            3082.53            2
    11        12,    SUCCESS        2            7            53.47        3031.28            3084.75            2
    490        491,    SUCCESS        2            2            53.98        3031.78            3085.76            2
    518        519,    SUCCESS        2            11            34.45        3052.94            3087.39            2
    556        557,    SUCCESS        2            19            21.73        3066.56            3088.29            2
    456        457,    SUCCESS        2            1            36.4        3053.15            3089.55            2
    628        629,    SUCCESS        2            15            28.87        3061.45            3090.32            2
    498        499,    SUCCESS        2            9            51.94        3040.9            3092.84            2
    526        527,    SUCCESS        2            16            30.15        3065.69            3095.84            2
    446        447,    SUCCESS        2            5            58.08        3040.02            3098.1            2
    532        533,    SUCCESS        2            8            29.13        3072.12            3101.25            2
    137        138,    SUCCESS        2            12            25.13        3077.21            3102.34            2
    678        679,    SUCCESS        2            10            47.87        3054.74            3102.61            2
    638        639,    SUCCESS        2            0            30.74        3078.05            3108.79            2
    610        611,    SUCCESS        2            6            55.38        3053.65            3109.03            2
    500        501,    SUCCESS        2            13            50.14        3061.26            3111.4            2
    7        8,    SUCCESS        2            17            53.76        3058.01            3111.77            2
    438        439,    SUCCESS        2            14            55.42        3058.33            3113.75            2
    542        543,    SUCCESS        2            1            25.32        3089.55            3114.87            2
    506        507,    SUCCESS        2            2            29.63        3085.76            3115.39            2
    630        631,    SUCCESS        2            15            26.63        3090.32            3116.95            2
    666        667,    SUCCESS        2            3            49.4        3076.12            3125.52            2
    560        561,    SUCCESS        2            9            33.93        3092.84            3126.77            2
    566        567,    SUCCESS        2            4            51.41        3082.53            3133.94            2
    580        581,    SUCCESS        2            18            52.58        3081.46            3134.05            2
    45        46,    SUCCESS        2            7            51.74        3084.75            3136.49            2
    522        523,    SUCCESS        2            11            49.93        3087.39            3137.32            2
    562        563,    SUCCESS        2            19            53.59        3088.29            3141.88            2
    468        469,    SUCCESS        2            5            44.44        3098.1            3142.54            2
    568        569,    SUCCESS        2            16            50.74        3095.84            3146.58            2
    139        140,    SUCCESS        2            12            46.47        3102.34            3148.81            2
    636        637,    SUCCESS        2            15            38.83        3116.95            3155.78            2
    674        675,    SUCCESS        2            6            47.23        3109.03            3156.26            2
    27        28,    SUCCESS        2            17            45.53        3111.77            3157.3            2
    540        541,    SUCCESS        2            8            58.7        3101.25            3159.95            2
    574        575,    SUCCESS        2            2            45.89        3115.39            3161.28            2
    552        553,    SUCCESS        2            13            52.95        3111.4            3164.35            2
    684        685,    SUCCESS        2            10            64.09        3102.61            3166.7            2
    23        24,    SUCCESS        2            3            41.93        3125.52            3167.45            2
    464        465,    SUCCESS        2            14            54.24        3113.75            3167.99            2
    646        647,    SUCCESS        2            0            60.18        3108.79            3168.97            2
    604        605,    SUCCESS        2            9            44        3126.77            3170.77            2
    588        589,    SUCCESS        2            1            60.45        3114.87            3175.32            2
    143        144,    SUCCESS        2            12            26.78        3148.81            3175.59            2
    598        599,    SUCCESS        2            11            39.25        3137.32            3176.57            2
    572        573,    SUCCESS        2            19            36.54        3141.88            3178.42            2
    586        587,    SUCCESS        2            18            48.02        3134.05            3182.07            2
    606        607,    SUCCESS        2            16            36.31        3146.58            3182.89            2
    109        110,    SUCCESS        2            7            48.83        3136.49            3185.32            2
    596        597,    SUCCESS        2            2            26.24        3161.28            3187.52            2
    582        583,    SUCCESS        2            4            55.31        3133.94            3189.25            2
    558        559,    SUCCESS        2            8            32.71        3159.95            3192.66            2
    686        687,    SUCCESS        2            10            26.07        3166.7            3192.77            2
    602        603,    SUCCESS        2            14            26.93        3167.99            3194.92            2
    696        697,    SUCCESS        2            15            39.64        3155.78            3195.42            2
    612        613,    SUCCESS        2            11            26.12        3176.57            3202.69            2
    203        204,    SUCCESS        2            12            28.09        3175.59            3203.68            2
    668        669,    SUCCESS        2            13            40.24        3164.35            3204.59            2
    31        32,    SUCCESS        2            17            47.4        3157.3            3204.7            2
    536        537,    SUCCESS        2            5            63.41        3142.54            3205.95            2
    590        591,    SUCCESS        2            18            24.56        3182.07            3206.63            2
    49        50,    SUCCESS        2            3            43.92        3167.45            3211.37            2
    624        625,    SUCCESS        2            2            27.83        3187.52            3215.35            2
    594        595,    SUCCESS        2            4            27.12        3189.25            3216.37            2
    129        130,    SUCCESS        2            7            32.5        3185.32            3217.82            2
    600        601,    SUCCESS        2            1            43.56        3175.32            3218.88            2
    690        691,    SUCCESS        2            6            62.77        3156.26            3219.03            2
    9        10,    SUCCESS        2            19            41.81        3178.42            3220.23            2
    688        689,    SUCCESS        2            10            28.97        3192.77            3221.74            2
    15        16,    SUCCESS        2            15            30.08        3195.42            3225.5            2
    644        645,    SUCCESS        2            11            23.24        3202.69            3225.93            2
    658        659,    SUCCESS        2            16            45.12        3182.89            3228.01            2
    656        657,    SUCCESS        2            9            57.5        3170.77            3228.27            2
    19        20,    SUCCESS        2            0            62.4        3168.97            3231.37            2
    694        695,    SUCCESS        2            8            54.77        3192.66            3247.43            2
    53        54,    SUCCESS        2            17            44.11        3204.7            3248.81            2
    546        547,    SUCCESS        2            5            46.24        3205.95            3252.19            2
    127        128,    SUCCESS        2            0            22.23        3231.37            3253.6            2
    37        38,    SUCCESS        2            6            38.27        3219.03            3257.3            2
    21        22,    SUCCESS        2            10            35.67        3221.74            3257.41            2
    69        70,    SUCCESS        2            13            53.27        3204.59            3257.86            2
    620        621,    SUCCESS        2            14            65.05        3194.92            3259.97            2
    654        655,    SUCCESS        2            11            35.81        3225.93            3261.74            2
    209        210,    SUCCESS        2            12            58.44        3203.68            3262.12            2
    648        649,    SUCCESS        2            2            48.4        3215.35            3263.75            2
    159        160,    SUCCESS        2            15            39.55        3225.5            3265.05            2
    55        56,    SUCCESS        2            3            55.62        3211.37            3266.99            2
    622        623,    SUCCESS        2            18            63.1        3206.63            3269.73            2
    51        52,    SUCCESS        2            19            50.86        3220.23            3271.09            2
    618        619,    SUCCESS        2            1            56.54        3218.88            3275.42            2
    181        182,    SUCCESS        2            7            59.33        3217.82            3277.15            2
    5        6,    SUCCESS        2            9            50.11        3228.27            3278.38            2
    377        378,    SUCCESS        2            7            1.38        3277.15            3278.53            3
    614        615,    SUCCESS        2            4            62.27        3216.37            3278.64            2
    407        408,    SUCCESS        2            7            1.43        3278.53            3279.96            3
    529        530,    SUCCESS        2            7            1.1        3279.96            3281.06            3
    114        115,    SUCCESS        2            7            1.53        3281.06            3282.59            3
    465        466,    SUCCESS        2            7            0.6        3282.59            3283.19            3
    105        106,    SUCCESS        2            6            26.02        3257.3            3283.32            2
    647        648,    SUCCESS        2            7            0.67        3283.19            3283.86            3
    583        584,    SUCCESS        2            7            1.04        3283.86            3284.9            3
    57        58,    SUCCESS        2            17            36.63        3248.81            3285.44            2
    56        57,    SUCCESS        2            7            0.66        3284.9            3285.55            3
    35        36,    SUCCESS        2            8            38.12        3247.43            3285.55            2
    6        7,    SUCCESS        2            7            1.08        3285.55            3286.63            3
    111        112,    SUCCESS        2            10            31.22        3257.41            3288.63            2
    680        681,    SUCCESS        2            16            64.42        3228.01            3292.43            2
    269        270,    SUCCESS        2            12            33.02        3262.12            3295.14            2
    347        348,    SUCCESS        2            12            1.32        3295.14            3296.46            3
    640        641,    SUCCESS        2            1            22.18        3275.42            3297.6            2
    415        416,    SUCCESS        2            12            1.25        3296.46            3297.71            3
    487        488,    SUCCESS        2            12            1.5        3297.71            3299.21            3
    676        677,    SUCCESS        2            11            37.62        3261.74            3299.36            2
    481        482,    SUCCESS        2            12            0.79        3299.21            3300            3
    403        404,    SUCCESS        2            12            1.27        3300            3301.27            3
    555        556,    SUCCESS        2            12            0.97        3301.27            3302.24            3
    698        699,    SUCCESS        2            2            39.1        3263.75            3302.85            2
    561        562,    SUCCESS        2            12            0.78        3302.24            3303.02            3
    135        136,    SUCCESS        2            0            49.7        3253.6            3303.3            2
    182        183,    SUCCESS        2            12            1.26        3303.02            3304.28            3
    652        653,    SUCCESS        2            18            34.69        3269.73            3304.42            2
    106        107,    SUCCESS        2            12            1.22        3304.28            3305.5            3
    584        585,    SUCCESS        2            5            59.26        3252.19            3311.45            2
    131        132,    SUCCESS        2            3            45.01        3266.99            3312            2
    626        627,    SUCCESS        2            14            55.88        3259.97            3315.85            2
    213        214,    SUCCESS        2            15            52.19        3265.05            3317.24            2
    642        643,    SUCCESS        2            4            38.72        3278.64            3317.36            2
    107        108,    SUCCESS        2            13            59.76        3257.86            3317.62            2
    471        472,    SUCCESS        2            15            1.21        3317.24            3318.45            3
    673        674,    SUCCESS        2            15            1.47        3318.45            3319.92            3
    503        504,    SUCCESS        2            15            1.29        3319.92            3321.21            3
    635        636,    SUCCESS        2            15            1.26        3321.21            3322.47            3
    13        14,    SUCCESS        2            11            23.69        3299.36            3323.05            2
    541        542,    SUCCESS        2            15            1.24        3322.47            3323.72            3
    599        600,    SUCCESS        2            15            0.76        3323.72            3324.48            3
    163        164,    SUCCESS        2            6            41.36        3283.32            3324.68            2
    603        604,    SUCCESS        2            15            1.23        3324.48            3325.71            3
    81        82,    SUCCESS        2            9            47.76        3278.38            3326.14            2
    164        165,    SUCCESS        2            7            1.54        3324.68            3326.22            3
    130        131,    SUCCESS        2            15            1.32        3325.71            3327.03            3
    695        696,    SUCCESS        2            15            1.14        3327.03            3328.17            3
    22        23,    SUCCESS        2            15            0.59        3328.17            3328.76            3
    67        68,    SUCCESS        2            19            57.79        3271.09            3328.88            2
    167        168,    SUCCESS        2            10            43.35        3288.63            3331.98            2
    97        98,    SUCCESS        2            17            51.83        3285.44            3337.27            2
    43        44,    SUCCESS        2            16            50        3292.43            3342.43            2
    632        633,    SUCCESS        2            14            26.69        3315.85            3342.54            2
    33        34,    SUCCESS        2            18            40.2        3304.42            3344.62            2
    39        40,    SUCCESS        2            8            59.18        3285.55            3344.73            2
    3        4,    SUCCESS        2            1            50.2        3297.6            3347.8            2
    179        180,    SUCCESS        2            3            41.08        3312            3353.08            2
    93        94,    SUCCESS        2            9            27.07        3326.14            3353.21            2
    47        48,    SUCCESS        2            2            50.88        3302.85            3353.73            2
    592        593,    SUCCESS        2            5            42.8        3311.45            3354.25            2
    189        190,    SUCCESS        2            0            53.09        3303.3            3356.39            2
    183        184,    SUCCESS        2            10            28.89        3331.98            3360.87            2
    99        100,    SUCCESS        2            17            26.08        3337.27            3363.35            2
    61        62,    SUCCESS        2            16            23.31        3342.43            3365.74            2
    29        30,    SUCCESS        2            11            47.45        3323.05            3370.5            2
    664        665,    SUCCESS        2            4            54.86        3317.36            3372.22            2
    125        126,    SUCCESS        2            13            58.96        3317.62            3376.58            2
    87        88,    SUCCESS        2            19            48.81        3328.88            3377.69            2
    185        186,    SUCCESS        2            6            54.96        3324.68            3379.64            2
    662        663,    SUCCESS        2            14            40.14        3342.54            3382.68            2
    123        124,    SUCCESS        2            9            34.44        3353.21            3387.65            2
    65        66,    SUCCESS        2            18            43.45        3344.62            3388.07            2
    650        651,    SUCCESS        2            5            36.67        3354.25            3390.92            2
    155        156,    SUCCESS        2            8            46.3        3344.73            3391.03            2
    41        42,    SUCCESS        2            1            46.64        3347.8            3394.44            2
    25        26,    SUCCESS        2            4            26.06        3372.22            3398.28            2
    215        216,    SUCCESS        2            3            45.38        3353.08            3398.46            2
    26        27,    SUCCESS        2            12            0.58        3398.28            3398.86            3
    141        142,    SUCCESS        2            13            26.84        3376.58            3403.42            2
    89        90,    SUCCESS        2            11            36.65        3370.5            3407.15            2
    187        188,    SUCCESS        2            6            27.93        3379.64            3407.57            2
    191        192,    SUCCESS        2            17            44.96        3363.35            3408.31            2
    192        193,    SUCCESS        2            7            0.87        3408.31            3409.18            3
    133        134,    SUCCESS        2            9            23.77        3387.65            3411.42            2
    59        60,    SUCCESS        2            2            58.22        3353.73            3411.95            2
    217        218,    SUCCESS        2            0            60.63        3356.39            3417.02            2
    171        172,    SUCCESS        2            8            26.91        3391.03            3417.94            2
    63        64,    SUCCESS        2            16            53.44        3365.74            3419.18            2
    692        693,    SUCCESS        2            14            40.07        3382.68            3422.75            2
    199        200,    SUCCESS        2            10            63.77        3360.87            3424.64            2
    147        148,    SUCCESS        2            19            47.29        3377.69            3424.98            2
    83        84,    SUCCESS        2            18            37.64        3388.07            3425.71            2
    263        264,    SUCCESS        2            3            34.95        3398.46            3433.41            2
    193        194,    SUCCESS        2            11            26.55        3407.15            3433.7            2
    77        78,    SUCCESS        2            1            51.28        3394.44            3445.72            2
    219        220,    SUCCESS        2            0            32.01        3417.02            3449.03            2
    660        661,    SUCCESS        2            5            58.34        3390.92            3449.26            2
    225        226,    SUCCESS        2            17            42.26        3408.31            3450.57            2
    157        158,    SUCCESS        2            19            26.97        3424.98            3451.95            2
    117        118,    SUCCESS        2            4            56.58        3398.28            3454.86            2
    239        240,    SUCCESS        2            6            50.21        3407.57            3457.78            2
    145        146,    SUCCESS        2            16            40.62        3419.18            3459.8            2
    71        72,    SUCCESS        2            2            48.15        3411.95            3460.1            2
    173        174,    SUCCESS        2            8            42.48        3417.94            3460.42            2
    153        154,    SUCCESS        2            13            61.94        3403.42            3465.36            2
    161        162,    SUCCESS        2            9            54.08        3411.42            3465.5            2
    321        322,    SUCCESS        2            3            33.79        3433.41            3467.2            2
    397        398,    SUCCESS        2            3            1.39        3467.2            3468.59            3
    359        360,    SUCCESS        2            3            0.73        3468.59            3469.32            3
    205        206,    SUCCESS        2            10            44.95        3424.64            3469.59            2
    571        572,    SUCCESS        2            3            1.5        3469.32            3470.82            3
    411        412,    SUCCESS        2            3            0.92        3470.82            3471.74            3
    579        580,    SUCCESS        2            3            1.38        3471.74            3473.12            3
    499        500,    SUCCESS        2            3            1.09        3473.12            3474.21            3
    231        232,    SUCCESS        2            11            40.7        3433.7            3474.4            2
    24        25,    SUCCESS        2            3            1.25        3474.21            3475.46            3
    144        145,    SUCCESS        2            3            1.52        3475.46            3476.98            3
    613        614,    SUCCESS        2            3            0.61        3476.98            3477.59            3
    623        624,    SUCCESS        2            3            1.11        3477.59            3478.7            3
    585        586,    SUCCESS        2            3            1.11        3478.7            3479.81            3
    14        15,    SUCCESS        2            3            0.61        3479.81            3480.42            3
    267        268,    SUCCESS        2            19            28.93        3451.95            3480.88            2
    195        196,    SUCCESS        2            18            55.28        3425.71            3480.99            2
    90        91,    SUCCESS        2            3            1.38        3480.42            3481.8            3
    196        197,    SUCCESS        2            7            1.18        3480.99            3482.17            3
    253        254,    SUCCESS        2            0            33.25        3449.03            3482.28            2
    505        506,    SUCCESS        2            19            1.59        3480.88            3482.47            3
    218        219,    SUCCESS        2            3            1.18        3481.8            3482.98            3
    429        430,    SUCCESS        2            19            0.7        3482.47            3483.17            3
    172        173,    SUCCESS        2            3            0.72        3482.98            3483.7            3
    473        474,    SUCCESS        2            19            0.85        3483.17            3484.02            3
    497        498,    SUCCESS        2            19            0.75        3484.02            3484.77            3
    84        85,    SUCCESS        2            3            1.35        3483.7            3485.05            3
    303        304,    SUCCESS        2            6            27.5        3457.78            3485.28            2
    58        59,    SUCCESS        2            19            0.82        3484.77            3485.59            3
    17        18,    SUCCESS        2            14            63.12        3422.75            3485.87            2
    375        376,    SUCCESS        2            6            0.78        3485.28            3486.06            3
    264        265,    SUCCESS        2            3            1.12        3485.05            3486.17            3
    361        362,    SUCCESS        2            6            0.57        3486.06            3486.63            3
    270        271,    SUCCESS        2            19            1.3        3485.59            3486.89            3
    385        386,    SUCCESS        2            6            0.73        3486.63            3487.36            3
    220        221,    SUCCESS        2            3            1.46        3486.17            3487.63            3
    677        678,    SUCCESS        2            19            1.03        3486.89            3487.92            3
    174        175,    SUCCESS        2            3            0.85        3487.63            3488.48            3
    357        358,    SUCCESS        2            6            1.23        3487.36            3488.59            3
    100        101,    SUCCESS        2            19            1.38        3487.92            3489.3            3
    401        402,    SUCCESS        2            6            1.03        3488.59            3489.62            3
    226        227,    SUCCESS        2            19            0.55        3489.3            3489.85            3
    449        450,    SUCCESS        2            6            0.84        3489.62            3490.46            3
    381        382,    SUCCESS        2            6            0.57        3490.46            3491.03            3
    118        119,    SUCCESS        2            19            1.37        3489.85            3491.22            3
    405        406,    SUCCESS        2            6            1        3491.03            3492.03            3
    146        147,    SUCCESS        2            19            0.97        3491.22            3492.19            3
    254        255,    SUCCESS        2            19            1.23        3492.19            3493.42            3
    509        510,    SUCCESS        2            6            1.53        3492.03            3493.56            3
    549        550,    SUCCESS        2            6            1.41        3493.56            3494.97            3
    433        434,    SUCCESS        2            6            1.44        3494.97            3496.41            3
    441        442,    SUCCESS        2            6            0.55        3496.41            3496.96            3
    467        468,    SUCCESS        2            6            0.95        3496.96            3497.91            3
    233        234,    SUCCESS        2            17            48.15        3450.57            3498.72            2
    73        74,    SUCCESS        2            5            49.71        3449.26            3498.97            2
    457        458,    SUCCESS        2            6            1.18        3497.91            3499.08            3
    501        502,    SUCCESS        2            6            1.07        3499.08            3500.15            3
    79        80,    SUCCESS        2            1            54.59        3445.72            3500.31            2
    175        176,    SUCCESS        2            8            40.47        3460.42            3500.89            2
    439        440,    SUCCESS        2            6            1.31        3500.15            3501.46            3
    177        178,    SUCCESS        2            13            36.33        3465.36            3501.69            2
    178        179,    SUCCESS        2            7            1.08        3501.69            3502.77            3
    563        564,    SUCCESS        2            6            1.43        3501.46            3502.89            3
    573        574,    SUCCESS        2            6            0.83        3502.89            3503.72            3
    601        602,    SUCCESS        2            6            0.91        3503.72            3504.63            3
    645        646,    SUCCESS        2            6            0.96        3504.63            3505.59            3
    221        222,    SUCCESS        2            18            25.24        3480.99            3506.23            2
    36        37,    SUCCESS        2            6            1.19        3505.59            3506.78            3
    641        642,    SUCCESS        2            6            0.75        3506.78            3507.53            3
    132        133,    SUCCESS        2            6            1.54        3507.53            3509.07            3
    168        169,    SUCCESS        2            6            0.62        3509.07            3509.69            3
    4        5,    SUCCESS        2            6            1.2        3509.69            3510.89            3
    126        127,    SUCCESS        2            6            1.2        3510.89            3512.09            3
    169        170,    SUCCESS        2            16            57.04        3459.8            3516.84            2
    119        120,    SUCCESS        2            4            62.54        3454.86            3517.4            2
    120        121,    SUCCESS        2            3            1.13        3517.4            3518.53            3
    245        246,    SUCCESS        2            11            47.5        3474.4            3521.9            2
    246        247,    SUCCESS        2            12            0.56        3521.9            3522.46            3
    101        102,    SUCCESS        2            2            64.54        3460.1            3524.64            2
    207        208,    SUCCESS        2            10            56.46        3469.59            3526.05            2
    249        250,    SUCCESS        2            9            64.49        3465.5            3529.99            2
    85        86,    SUCCESS        2            14            45.27        3485.87            3531.14            2
    75        76,    SUCCESS        2            5            36.51        3498.97            3535.48            2
    211        212,    SUCCESS        2            8            36.05        3500.89            3536.94            2
    333        334,    SUCCESS        2            16            24.37        3516.84            3541.21            2
    334        335,    SUCCESS        2            7            0.85        3541.21            3542.06            3
    345        346,    SUCCESS        2            16            1.2        3541.21            3542.41            3
    391        392,    SUCCESS        2            16            1.34        3542.41            3543.75            3
    257        258,    SUCCESS        2            0            62.8        3482.28            3545.08            2
    353        354,    SUCCESS        2            16            1.47        3543.75            3545.22            3
    427        428,    SUCCESS        2            16            1.16        3545.22            3546.38            3
    453        454,    SUCCESS        2            16            1.48        3546.38            3547.86            3
    569        570,    SUCCESS        2            16            1.06        3547.86            3548.92            3
    28        29,    SUCCESS        2            16            0.66        3548.92            3549.58            3
    575        576,    SUCCESS        2            16            0.92        3549.58            3550.5            3
    591        592,    SUCCESS        2            16            1.13        3550.5            3551.63            3
    689        690,    SUCCESS        2            16            1.55        3551.63            3553.18            3
    210        211,    SUCCESS        2            16            1.26        3553.18            3554.44            3
    214        215,    SUCCESS        2            16            1.04        3554.44            3555.48            3
    108        109,    SUCCESS        2            16            1.38        3555.48            3556.86            3
    201        202,    SUCCESS        2            13            55.91        3501.69            3557.6            2
    98        99,    SUCCESS        2            16            0.95        3556.86            3557.81            3
    237        238,    SUCCESS        2            10            31.99        3526.05            3558.04            2
    285        286,    SUCCESS        2            17            59.42        3498.72            3558.15            2
    238        239,    SUCCESS        2            6            0.94        3558.04            3558.98            3
    115        116,    SUCCESS        2            2            34.45        3524.64            3559.09            2
    665        666,    SUCCESS        2            16            1.53        3557.81            3559.34            3
    286        287,    SUCCESS        2            6            1.26        3558.98            3560.24            3
    170        171,    SUCCESS        2            16            1.47        3559.34            3560.81            3
    76        77,    SUCCESS        2            16            1.05        3560.81            3561.86            3
    255        256,    SUCCESS        2            1            62.16        3500.31            3562.47            2
    227        228,    SUCCESS        2            18            57.06        3506.23            3563.29            2
    228        229,    SUCCESS        2            15            1        3563.29            3564.29            3
    297        298,    SUCCESS        2            11            50.97        3521.9            3572.87            2
    121        122,    SUCCESS        2            4            55.98        3517.4            3573.38            2
    535        536,    SUCCESS        2            11            0.98        3572.87            3573.85            3
    609        610,    SUCCESS        2            11            0.96        3573.85            3574.81            3
    531        532,    SUCCESS        2            11            1.4        3574.81            3576.21            3
    259        260,    SUCCESS        2            9            46.93        3529.99            3576.92            2
    667        668,    SUCCESS        2            11            1.4        3576.21            3577.61            3
    91        92,    SUCCESS        2            14            46.59        3531.14            3577.73            2
    327        328,    SUCCESS        2            8            41.42        3536.94            3578.36            2
    605        606,    SUCCESS        2            11            1.47        3577.61            3579.08            3
    204        205,    SUCCESS        2            11            0.63        3579.08            3579.71            3
    387        388,    SUCCESS        2            8            1.58        3578.36            3579.94            3
    565        566,    SUCCESS        2            8            0.8        3579.94            3580.74            3
    657        658,    SUCCESS        2            11            1.16        3579.71            3580.87            3
    507        508,    SUCCESS        2            8            1.24        3580.74            3581.98            3
    547        548,    SUCCESS        2            11            1.22        3580.87            3582.09            3
    659        660,    SUCCESS        2            8            0.9        3581.98            3582.88            3
    649        650,    SUCCESS        2            11            1.42        3582.09            3583.51            3
    241        242,    SUCCESS        2            10            25.61        3558.04            3583.65            2
    82        83,    SUCCESS        2            8            1.56        3582.88            3584.44            3
    627        628,    SUCCESS        2            11            1.04        3583.51            3584.55            3
    186        187,    SUCCESS        2            8            1.33        3584.44            3585.77            3
    593        594,    SUCCESS        2            11            1.33        3584.55            3585.88            3
    103        104,    SUCCESS        2            5            51.03        3535.48            3586.51            2
    66        67,    SUCCESS        2            8            1.07        3585.77            3586.84            3
    154        155,    SUCCESS        2            11            1.21        3585.88            3587.09            3
    142        143,    SUCCESS        2            8            0.67        3586.84            3587.51            3
    304        305,    SUCCESS        2            11            0.55        3587.09            3587.64            3
    693        694,    SUCCESS        2            8            1.17        3587.51            3588.68            3
    202        203,    SUCCESS        2            11            1.47        3587.64            3589.11            3
    212        213,    SUCCESS        2            8            1        3588.68            3589.68            3
    92        93,    SUCCESS        2            11            0.88        3589.11            3589.99            3
    328        329,    SUCCESS        2            8            0.84        3589.68            3590.52            3
    299        300,    SUCCESS        2            17            35.52        3558.15            3593.67            2
    291        292,    SUCCESS        2            1            35.94        3562.47            3598.41            2
    292        293,    SUCCESS        2            11            1.43        3598.41            3599.84            3
    277        278,    SUCCESS        2            0            63.18        3545.08            3608.26            2
    251        252,    SUCCESS        2            13            54.5        3557.6            3612.1            2
    273        274,    SUCCESS        2            9            36.78        3576.92            3613.7            2
    95        96,    SUCCESS        2            14            38.29        3577.73            3616.02            2
    96        97,    SUCCESS        2            7            0.9        3616.02            3616.92            3
    223        224,    SUCCESS        2            2            59.49        3559.09            3618.58            2
    229        230,    SUCCESS        2            18            57.97        3563.29            3621.26            2
    301        302,    SUCCESS        2            17            30.66        3593.67            3624.33            2
    281        282,    SUCCESS        2            10            41.39        3583.65            3625.04            2
    302        303,    SUCCESS        2            8            1.05        3624.33            3625.38            3
    149        150,    SUCCESS        2            4            52.81        3573.38            3626.19            2
    150        151,    SUCCESS        2            15            0.79        3626.19            3626.98            3
    165        166,    SUCCESS        2            5            48.21        3586.51            3634.72            2
    283        284,    SUCCESS        2            14            22.1        3616.02            3638.12            2
    284        285,    SUCCESS        2            19            0.55        3638.12            3638.67            3
    289        290,    SUCCESS        2            9            32.64        3613.7            3646.34            2
    293        294,    SUCCESS        2            1            48.52        3598.41            3646.93            2
    235        236,    SUCCESS        2            18            26.26        3621.26            3647.52            2
    483        484,    SUCCESS        2            1            0.76        3646.93            3647.69            3
    294        295,    SUCCESS        2            16            1.46        3646.93            3648.39            3
    671        672,    SUCCESS        2            1            0.85        3647.69            3648.54            3
    369        370,    SUCCESS        2            1            1.53        3648.54            3650.07            3
    151        152,    SUCCESS        2            4            24.25        3626.19            3650.44            2
    138        139,    SUCCESS        2            1            1.5        3650.07            3651.57            3
    271        272,    SUCCESS        2            13            40.27        3612.1            3652.37            2
    279        280,    SUCCESS        2            0            44.22        3608.26            3652.48            2
    675        676,    SUCCESS        2            1            1.11        3651.57            3652.68            3
    685        686,    SUCCESS        2            1            1.03        3652.68            3653.71            3
    669        670,    SUCCESS        2            1            1.28        3653.71            3654.99            3
    243        244,    SUCCESS        2            2            36.91        3618.58            3655.49            2
    16        17,    SUCCESS        2            1            0.75        3654.99            3655.74            3
    244        245,    SUCCESS        2            19            0.62        3655.49            3656.11            3
    681        682,    SUCCESS        2            1            1.27        3655.74            3657.01            3
    240        241,    SUCCESS        2            1            1.56        3657.01            3658.57            3
    250        251,    SUCCESS        2            1            1.32        3658.57            3659.89            3
    104        105,    SUCCESS        2            1            0.68        3659.89            3660.57            3
    252        253,    SUCCESS        2            1            0.72        3660.57            3661.29            3
    224        225,    SUCCESS        2            1            0.64        3661.29            3661.93            3
    265        266,    SUCCESS        2            5            39.37        3634.72            3674.09            2
    275        276,    SUCCESS        2            13            25.02        3652.37            3677.39            2
    305        306,    SUCCESS        2            17            55.9        3624.33            3680.23            2
    323        324,    SUCCESS        2            10            63.82        3625.04            3688.86            2
    307        308,    SUCCESS        2            9            43.21        3646.34            3689.55            2
    425        426,    SUCCESS        2            10            1.19        3688.86            3690.05            3
    437        438,    SUCCESS        2            10            0.55        3690.05            3690.6            3
    395        396,    SUCCESS        2            10            0.86        3690.6            3691.46            3
    495        496,    SUCCESS        2            10            1.46        3691.46            3692.92            3
    519        520,    SUCCESS        2            10            0.96        3692.92            3693.88            3
    631        632,    SUCCESS        2            10            1.23        3693.88            3695.11            3
    469        470,    SUCCESS        2            10            1.45        3695.11            3696.56            3
    32        33,    SUCCESS        2            10            1.38        3696.56            3697.94            3
    50        51,    SUCCESS        2            10            0.57        3697.94            3698.51            3
    619        620,    SUCCESS        2            10            0.65        3698.51            3699.16            3
    331        332,    SUCCESS        2            14            62.57        3638.12            3700.69            2
    136        137,    SUCCESS        2            10            1.65        3699.16            3700.8            3
    315        316,    SUCCESS        2            18            53.39        3647.52            3700.91            2
    316        317,    SUCCESS        2            1            0.63        3700.91            3701.54            3
    653        654,    SUCCESS        2            10            1.02        3700.8            3701.82            3
    156        157,    SUCCESS        2            10            1.21        3701.82            3703.03            3
    148        149,    SUCCESS        2            10            1.32        3703.03            3704.35            3
    194        195,    SUCCESS        2            10            1.43        3704.35            3705.78            3
    78        79,    SUCCESS        2            10            0.91        3705.78            3706.69            3
    278        279,    SUCCESS        2            10            0.68        3706.69            3707.37            3
    306        307,    SUCCESS        2            10            0.92        3707.37            3708.29            3
    324        325,    SUCCESS        2            10            0.56        3708.29            3708.85            3
    197        198,    SUCCESS        2            4            59.19        3650.44            3709.63            2
    459        460,    SUCCESS        2            4            1.48        3709.63            3711.11            3
    287        288,    SUCCESS        2            13            34.37        3677.39            3711.76            2
    445        446,    SUCCESS        2            4            1.38        3711.11            3712.49            3
    288        289,    SUCCESS        2            1            1.25        3711.76            3713.01            3
    589        590,    SUCCESS        2            4            1.49        3712.49            3713.98            3
    317        318,    SUCCESS        2            0            61.95        3652.48            3714.43            2
    607        608,    SUCCESS        2            4            0.64        3713.98            3714.62            3
    313        314,    SUCCESS        2            9            25.98        3689.55            3715.53            2
    559        560,    SUCCESS        2            4            1.1        3714.62            3715.72            3
    383        384,    SUCCESS        2            0            1.5        3714.43            3715.93            3
    247        248,    SUCCESS        2            2            60.62        3655.49            3716.11            2
    351        352,    SUCCESS        2            9            0.68        3715.53            3716.22            3
    248        249,    SUCCESS        2            15            0.57        3716.11            3716.68            3
    625        626,    SUCCESS        2            4            1.23        3715.72            3716.95            3
    413        414,    SUCCESS        2            0            1.61        3715.93            3717.54            3
    128        129,    SUCCESS        2            4            0.71        3716.95            3717.65            3
    431        432,    SUCCESS        2            9            1.63        3716.22            3717.85            3
    699        700,    SUCCESS        2            4            0.96        3717.65            3718.61            3
    479        480,    SUCCESS        2            0            1.18        3717.54            3718.72            3
    451        452,    SUCCESS        2            9            1.32        3717.85            3719.17            3
    162        163,    SUCCESS        2            4            0.77        3718.61            3719.38            3
    683        684,    SUCCESS        2            0            1.52        3718.72            3720.24            3
    298        299,    SUCCESS        2            4            1.02        3719.38            3720.4            3
    421        422,    SUCCESS        2            9            1.35        3719.17            3720.51            3
    447        448,    SUCCESS        2            0            0.99        3720.24            3721.23            3
    166        167,    SUCCESS        2            4            1.04        3720.4            3721.44            3
    8        9,    SUCCESS        2            0            0.62        3721.23            3721.85            3
    513        514,    SUCCESS        2            9            1.45        3720.51            3721.96            3
    290        291,    SUCCESS        2            4            1.07        3721.44            3722.51            3
    543        544,    SUCCESS        2            0            0.79        3721.85            3722.64            3
    521        522,    SUCCESS        2            9            0.79        3721.96            3722.75            3
    152        153,    SUCCESS        2            4            0.81        3722.51            3723.32            3
    190        191,    SUCCESS        2            0            1.45        3722.64            3724.09            3
    533        534,    SUCCESS        2            9            1.45        3722.75            3724.2            3
    314        315,    SUCCESS        2            4            1.6        3723.32            3724.92            3
    188        189,    SUCCESS        2            0            1.34        3724.09            3725.43            3
    140        141,    SUCCESS        2            9            1.38        3724.2            3725.58            3
    206        207,    SUCCESS        2            0            1.43        3725.43            3726.86            3
    337        338,    SUCCESS        2            14            26.37        3700.69            3727.06            2
    597        598,    SUCCESS        2            9            1.6        3725.58            3727.18            3
    393        394,    SUCCESS        2            14            0.65        3727.06            3727.71            3
    691        692,    SUCCESS        2            9            0.76        3727.18            3727.94            3
    18        19,    SUCCESS        2            0            1.21        3726.86            3728.07            3
    338        339,    SUCCESS        2            19            1.24        3727.06            3728.3            3
    435        436,    SUCCESS        2            14            1.6        3727.71            3729.31            3
    74        75,    SUCCESS        2            0            1.35        3728.07            3729.42            3
    54        55,    SUCCESS        2            9            1.48        3727.94            3729.42            3
    48        49,    SUCCESS        2            9            0.94        3729.42            3730.36            3
    419        420,    SUCCESS        2            14            1.16        3729.31            3730.47            3
    176        177,    SUCCESS        2            0            1.61        3729.42            3731.03            3
    577        578,    SUCCESS        2            14            0.67        3730.47            3731.14            3
    62        63,    SUCCESS        2            9            1.1        3730.36            3731.46            3
    242        243,    SUCCESS        2            0            1.14        3731.03            3732.17            3
    88        89,    SUCCESS        2            9            0.84        3731.46            3732.3            3
    557        558,    SUCCESS        2            14            1.27        3731.14            3732.41            3
    158        159,    SUCCESS        2            9            0.94        3732.3            3733.24            3
    198        199,    SUCCESS        2            0            1.18        3732.17            3733.35            3
    567        568,    SUCCESS        2            14            1.47        3732.41            3733.88            3
    232        233,    SUCCESS        2            9            0.86        3733.24            3734.1            3
    325        326,    SUCCESS        2            17            53.99        3680.23            3734.21            2
    46        47,    SUCCESS        2            14            1.08        3733.88            3734.96            3
    326        327,    SUCCESS        2            4            1.22        3734.21            3735.43            3
    295        296,    SUCCESS        2            5            61.45        3674.09            3735.54            2
    300        301,    SUCCESS        2            9            1.44        3734.1            3735.54            3
    637        638,    SUCCESS        2            14            0.69        3734.96            3735.65            3
    10        11,    SUCCESS        2            14            0.62        3735.65            3736.27            3
    274        275,    SUCCESS        2            9            0.93        3735.54            3736.47            3
    296        297,    SUCCESS        2            7            0.95        3735.54            3736.49            3
    20        21,    SUCCESS        2            14            0.99        3736.27            3737.26            3
    160        161,    SUCCESS        2            14            1.28        3737.26            3738.54            3
    40        41,    SUCCESS        2            14            1.07        3738.54            3739.61            3
    30        31,    SUCCESS        2            14            1.3        3739.61            3740.91            3
    651        652,    SUCCESS        2            14            1.39        3740.91            3742.3            3
    200        201,    SUCCESS        2            14            1.2        3742.3            3743.5            3
    322        323,    SUCCESS        2            14            0.63        3743.5            3744.13            3
    268        269,    SUCCESS        2            14            0.95        3744.13            3745.08            3
    102        103,    SUCCESS        2            14            1.02        3745.08            3746.1            3
    236        237,    SUCCESS        2            14            0.58        3746.1            3746.68            3
    319        320,    SUCCESS        2            18            50.59        3700.91            3751.5            2
    329        330,    SUCCESS        2            17            23.79        3734.21            3758            2
    261        262,    SUCCESS        2            2            42.45        3716.11            3758.56            2
    373        374,    SUCCESS        2            17            0.66        3758            3758.67            3
    330        331,    SUCCESS        2            19            1.36        3758            3759.36            3
    363        364,    SUCCESS        2            17            1.02        3758.67            3759.69            3
    525        526,    SUCCESS        2            17            1.55        3759.69            3761.24            3
    517        518,    SUCCESS        2            17            0.61        3761.24            3761.85            3
    539        540,    SUCCESS        2            17            1.05        3761.85            3762.9            3
    423        424,    SUCCESS        2            17            0.74        3762.9            3763.64            3
    461        462,    SUCCESS        2            17            1.22        3763.64            3764.86            3
    527        528,    SUCCESS        2            17            1.47        3764.86            3766.33            3
    537        538,    SUCCESS        2            17            0.79        3766.33            3767.12            3
    44        45,    SUCCESS        2            17            1.62        3767.12            3768.74            3
    42        43,    SUCCESS        2            17            1.17        3768.74            3769.91            3
    216        217,    SUCCESS        2            17            1.28        3769.91            3771.19            3
    339        340,    SUCCESS        2            13            60.72        3711.76            3772.48            2
    60        61,    SUCCESS        2            17            1.41        3771.19            3772.59            3
    311        312,    SUCCESS        2            5            37.23        3735.54            3772.77            2
    340        341,    SUCCESS        2            14            0.79        3772.48            3773.27            3
    208        209,    SUCCESS        2            17            0.79        3772.59            3773.38            3
    463        464,    SUCCESS        2            13            1.17        3772.48            3773.65            3
    312        313,    SUCCESS        2            0            0.9        3772.77            3773.67            3
    443        444,    SUCCESS        2            5            1.31        3772.77            3774.08            3
    86        87,    SUCCESS        2            17            1.03        3773.38            3774.41            3
    367        368,    SUCCESS        2            13            1.02        3773.65            3774.67            3
    258        259,    SUCCESS        2            17            0.7        3774.41            3775.11            3
    399        400,    SUCCESS        2            5            1.16        3774.08            3775.24            3
    349        350,    SUCCESS        2            13            1.25        3774.67            3775.92            3
    493        494,    SUCCESS        2            5            0.8        3775.24            3776.04            3
    122        123,    SUCCESS        2            17            1.4        3775.11            3776.51            3
    581        582,    SUCCESS        2            5            0.59        3776.04            3776.63            3
    417        418,    SUCCESS        2            13            0.82        3775.92            3776.74            3
    262        263,    SUCCESS        2            17            0.55        3776.51            3777.06            3
    489        490,    SUCCESS        2            13            1.45        3776.74            3778.19            3
    110        111,    SUCCESS        2            5            1.67        3776.63            3778.3            3
    687        688,    SUCCESS        2            5            1        3778.3            3779.3            3
    475        476,    SUCCESS        2            13            1.4        3778.19            3779.59            3
    595        596,    SUCCESS        2            5            0.83        3779.3            3780.13            3
    38        39,    SUCCESS        2            5            0.63        3780.13            3780.76            3
    551        552,    SUCCESS        2            13            1.29        3779.59            3780.88            3
    643        644,    SUCCESS        2            5            1        3780.76            3781.76            3
    12        13,    SUCCESS        2            13            0.99        3780.88            3781.87            3
    180        181,    SUCCESS        2            5            0.61        3781.76            3782.37            3
    679        680,    SUCCESS        2            13            0.88        3781.87            3782.75            3
    184        185,    SUCCESS        2            5            0.69        3782.37            3783.06            3
    335        336,    SUCCESS        2            18            31.89        3751.5            3783.39            2
    639        640,    SUCCESS        2            13            1.12        3782.75            3783.87            3
    663        664,    SUCCESS        2            5            0.92        3783.06            3783.98            3
    336        337,    SUCCESS        2            12            1.16        3783.39            3784.55            3
    379        380,    SUCCESS        2            18            1.6        3783.39            3784.99            3
    234        235,    SUCCESS        2            5            1.12        3783.98            3785.1            3
    611        612,    SUCCESS        2            13            1.34        3783.87            3785.21            3
    112        113,    SUCCESS        2            13            0.62        3785.21            3785.83            3
    343        344,    SUCCESS        2            18            1.37        3784.99            3786.36            3
    80        81,    SUCCESS        2            5            1.53        3785.1            3786.63            3
    389        390,    SUCCESS        2            18            0.76        3786.36            3787.12            3
    222        223,    SUCCESS        2            5            0.62        3786.63            3787.25            3
    94        95,    SUCCESS        2            13            1.53        3785.83            3787.36            3
    256        257,    SUCCESS        2            5            0.6        3787.25            3787.85            3
    124        125,    SUCCESS        2            13            0.7        3787.36            3788.06            3
    477        478,    SUCCESS        2            18            1.05        3787.12            3788.17            3
    64        65,    SUCCESS        2            13            0.71        3788.06            3788.77            3
    365        366,    SUCCESS        2            18            1.03        3788.17            3789.2            3
    230        231,    SUCCESS        2            5            1.48        3787.85            3789.33            3
    72        73,    SUCCESS        2            13            0.96        3788.77            3789.73            3
    455        456,    SUCCESS        2            18            0.74        3789.2            3789.94            3
    282        283,    SUCCESS        2            5            1.25        3789.33            3790.58            3
    515        516,    SUCCESS        2            18            0.82        3789.94            3790.76            3
    266        267,    SUCCESS        2            13            1.46        3789.73            3791.19            3
    629        630,    SUCCESS        2            18            1.35        3790.76            3792.11            3
    332        333,    SUCCESS        2            13            1.11        3791.19            3792.3            3
    523        524,    SUCCESS        2            18            0.61        3792.11            3792.72            3
    553        554,    SUCCESS        2            18            0.65        3792.72            3793.37            3
    318        319,    SUCCESS        2            13            1.18        3792.3            3793.48            3
    70        71,    SUCCESS        2            18            1.19        3793.37            3794.56            3
    320        321,    SUCCESS        2            13            1.42        3793.48            3794.9            3
    621        622,    SUCCESS        2            18            0.94        3794.56            3795.5            3
    655        656,    SUCCESS        2            18            1.41        3795.5            3796.91            3
    52        53,    SUCCESS        2            18            1.2        3796.91            3798.11            3
    615        616,    SUCCESS        2            18            1.28        3798.11            3799.39            3
    633        634,    SUCCESS        2            18            1.32        3799.39            3800.71            3
    34        35,    SUCCESS        2            18            1        3800.71            3801.71            3
    134        135,    SUCCESS        2            18            1.54        3801.71            3803.25            3
    260        261,    SUCCESS        2            18            1.5        3803.25            3804.75            3
    276        277,    SUCCESS        2            18            1.59        3804.75            3806.34            3
    308        309,    SUCCESS        2            18            1.06        3806.34            3807.4            3
    309        310,    SUCCESS        2            2            54.62        3758.56            3813.18            2
    310        311,    SUCCESS        2            3            0.8        3813.18            3813.98            3
    355        356,    SUCCESS        2            2            1.6        3813.18            3814.78            3
    511        512,    SUCCESS        2            2            0.99        3814.78            3815.77            3
    409        410,    SUCCESS        2            2            1        3815.77            3816.77            3
    371        372,    SUCCESS        2            2            0.87        3816.77            3817.64            3
    1        2,    SUCCESS        2            11            4.69        3813.18            3817.87            3
    545        546,    SUCCESS        2            2            1.34        3817.64            3818.98            3
    617        618,    SUCCESS        2            2            0.94        3818.98            3819.92            3
    485        486,    SUCCESS        2            2            0.74        3819.92            3820.66            3
    491        492,    SUCCESS        2            2            0.6        3820.66            3821.26            3
    587        588,    SUCCESS        2            2            1.21        3821.26            3822.47            3
    697        698,    SUCCESS        2            2            0.67        3822.47            3823.14            3
    68        69,    SUCCESS        2            2            1.22        3823.14            3824.36            3
    661        662,    SUCCESS        2            2            1.49        3824.36            3825.85            3
    116        117,    SUCCESS        2            2            0.83        3825.85            3826.68            3
    272        273,    SUCCESS        2            2            1.45        3826.68            3828.13            3
    280        281,    SUCCESS        2            2            1.54        3828.13            3829.67            3
    0        1,    SUCCESS        2            18            5.48        3829.67            3835.15            4
