========== OUTPUT ==========
Job ID    Task ID    STATUS    Data center ID    VM ID        Time    Start Time    Finish Time    Depth
    100        Stage-in    SUCCESS        2            12            0.11        0.1            0.21            0
    2        3,    SUCCESS        2            10            2804.01        0.21            2804.22            1
    49        50,    SUCCESS        2            2            2823.9        0.21            2824.11            1
    17        18,    SUCCESS        2            6            74.24        2804.22            2878.45            2
    29        30,    SUCCESS        2            12            75.86        2804.22            2880.07            2
    30        31,    SUCCESS        2            10            0.92        2880.07            2880.99            3
    15        16,    SUCCESS        2            11            77.99        2804.22            2882.21            2
    19        20,    SUCCESS        2            0            79.19        2804.22            2883.4            2
    9        10,    SUCCESS        2            19            81.36        2804.22            2885.58            2
    3        4,    SUCCESS        2            4            82.26        2804.22            2886.48            2
    37        38,    SUCCESS        2            2            62.66        2824.11            2886.77            2
    10        11,    SUCCESS        2            17            1.37        2885.58            2886.95            3
    21        22,    SUCCESS        2            9            87.12        2804.22            2891.34            2
    22        23,    SUCCESS        2            15            0.95        2891.34            2892.29            3
    5        6,    SUCCESS        2            13            88.57        2804.22            2892.79            2
    13        14,    SUCCESS        2            8            89.36        2804.22            2893.57            2
    14        15,    SUCCESS        2            10            0.88        2893.57            2894.46            3
    7        8,    SUCCESS        2            3            92.45        2804.22            2896.66            2
    11        12,    SUCCESS        2            16            103.08        2804.22            2907.3            2
    88        89,    SUCCESS        2            12            29.03        2880.07            2909.1            2
    89        90,    SUCCESS        2            10            0.96        2909.1            2910.06            3
    23        24,    SUCCESS        2            7            107.96        2804.22            2912.18            2
    43        44,    SUCCESS        2            11            30.42        2882.21            2912.63            2
    25        26,    SUCCESS        2            4            26.29        2886.48            2912.77            2
    64        65,    SUCCESS        2            1            89.42        2824.11            2913.52            2
    26        27,    SUCCESS        2            7            1.09        2912.77            2913.86            3
    16        17,    SUCCESS        2            1            0.72        2913.52            2914.24            3
    50        51,    SUCCESS        2            19            32.23        2885.58            2917.81            2
    66        67,    SUCCESS        2            5            95.99        2824.11            2920.1            2
    60        61,    SUCCESS        2            13            28.32        2892.79            2921.11            2
    56        57,    SUCCESS        2            2            38.71        2886.77            2925.48            2
    12        13,    SUCCESS        2            2            1.47        2925.48            2926.95            3
    41        42,    SUCCESS        2            9            38.47        2891.34            2929.81            2
    80        81,    SUCCESS        2            8            39.01        2893.57            2932.58            2
    20        21,    SUCCESS        2            8            1.22        2932.58            2933.8            3
    81        82,    SUCCESS        2            7            1.31        2932.58            2933.9            3
    24        25,    SUCCESS        2            8            0.63        2933.8            2934.43            3
    57        58,    SUCCESS        2            8            1.29        2934.43            2935.72            3
    33        34,    SUCCESS        2            16            28.87        2907.3            2936.17            2
    27        28,    SUCCESS        2            6            59        2878.45            2937.45            2
    34        35,    SUCCESS        2            1            1.52        2936.17            2937.69            3
    28        29,    SUCCESS        2            2            1.34        2937.45            2938.8            3
    90        91,    SUCCESS        2            12            30.9        2909.1            2940            2
    91        92,    SUCCESS        2            18            1.03        2940            2941.03            3
    45        46,    SUCCESS        2            3            45.74        2896.66            2942.4            2
    46        47,    SUCCESS        2            8            1.47        2942.4            2943.87            3
    70        71,    SUCCESS        2            5            29.06        2920.1            2949.16            2
    31        32,    SUCCESS        2            4            46.86        2912.77            2959.63            2
    72        73,    SUCCESS        2            11            48.49        2912.63            2961.12            2
    73        74,    SUCCESS        2            7            0.97        2961.12            2962.09            3
    61        62,    SUCCESS        2            11            1.63        2961.12            2962.75            3
    52        53,    SUCCESS        2            6            25.4        2937.45            2962.86            2
    58        59,    SUCCESS        2            9            40.23        2929.81            2970.04            2
    54        55,    SUCCESS        2            19            57.61        2917.81            2975.42            2
    55        56,    SUCCESS        2            14            1.42        2975.42            2976.84            3
    38        39,    SUCCESS        2            19            1.47        2975.42            2976.89            3
    6        7,    SUCCESS        2            19            0.75        2976.89            2977.64            3
    71        72,    SUCCESS        2            19            1.16        2977.64            2978.8            3
    92        93,    SUCCESS        2            13            58.04        2921.11            2979.15            2
    93        94,    SUCCESS        2            15            0.81        2979.15            2979.96            3
    67        68,    SUCCESS        2            13            1.47        2979.15            2980.62            3
    42        43,    SUCCESS        2            13            0.8        2980.62            2981.42            3
    53        54,    SUCCESS        2            13            0.66        2981.42            2982.08            3
    47        48,    SUCCESS        2            3            39.9        2942.4            2982.3            2
    48        49,    SUCCESS        2            18            0.6        2982.3            2982.9            3
    68        69,    SUCCESS        2            16            57.6        2936.17            2993.77            2
    69        70,    SUCCESS        2            19            0.62        2993.77            2994.39            3
    74        75,    SUCCESS        2            6            32.19        2962.86            2995.05            2
    75        76,    SUCCESS        2            18            0.75        2995.05            2995.8            3
    82        83,    SUCCESS        2            5            58.92        2949.16            3008.08            2
    8        9,    SUCCESS        2            5            0.88        3008.08            3008.96            3
    59        60,    SUCCESS        2            5            0.85        3008.96            3009.81            3
    62        63,    SUCCESS        2            9            44.95        2970.04            3014.99            2
    18        19,    SUCCESS        2            9            0.7        3014.99            3015.69            3
    44        45,    SUCCESS        2            9            0.59        3015.69            3016.28            3
    63        64,    SUCCESS        2            19            1.36        3014.99            3016.35            3
    32        33,    SUCCESS        2            9            1.53        3016.28            3017.81            3
    78        79,    SUCCESS        2            3            41.72        2982.3            3024.02            2
    35        36,    SUCCESS        2            4            64.51        2959.63            3024.14            2
    79        80,    SUCCESS        2            0            0.6        3024.02            3024.62            3
    36        37,    SUCCESS        2            0            1.6        3024.62            3026.22            3
    76        77,    SUCCESS        2            16            35.04        2993.77            3028.81            2
    77        78,    SUCCESS        2            2            0.69        3028.81            3029.5            3
    96        97,    SUCCESS        2            6            48.47        2995.05            3043.52            2
    97        98,    SUCCESS        2            13            1.14        3043.52            3044.66            3
    84        85,    SUCCESS        2            16            51.03        3028.81            3079.84            2
    39        40,    SUCCESS        2            4            62.47        3024.14            3086.61            2
    98        99,    SUCCESS        2            3            64.93        3024.02            3088.95            2
    83        84,    SUCCESS        2            3            0.62        3088.95            3089.57            3
    99        100,    SUCCESS        2            12            0.65        3088.95            3089.6            3
    40        41,    SUCCESS        2            3            0.76        3089.57            3090.33            3
    86        87,    SUCCESS        2            16            43.97        3079.84            3123.81            2
    94        95,    SUCCESS        2            4            48.92        3086.61            3135.53            2
    4        5,    SUCCESS        2            4            0.56        3135.53            3136.09            3
    65        66,    SUCCESS        2            4            1.41        3136.09            3137.5            3
    51        52,    SUCCESS        2            4            1.23        3137.5            3138.73            3
    85        86,    SUCCESS        2            4            1.28        3138.73            3140.01            3
    87        88,    SUCCESS        2            4            1.47        3140.01            3141.48            3
