========== OUTPUT ==========
Job ID    Task ID    STATUS    Data center ID    VM ID        Time    Start Time    Finish Time    Depth
    800        Stage-in    SUCCESS        2            2            0.11        0.1            0.21            0
    153        154,    SUCCESS        2            6            2684.18        0.21            2684.39            1
    244        245,    SUCCESS        2            11            63.69        2684.39            2748.08            2
    156        157,    SUCCESS        2            16            63.81        2684.39            2748.2            2
    158        159,    SUCCESS        2            5            64.84        2684.39            2749.23            2
    188        189,    SUCCESS        2            7            65.4        2684.39            2749.79            2
    270        271,    SUCCESS        2            19            69.49        2684.39            2753.88            2
    204        205,    SUCCESS        2            6            70.14        2684.39            2754.53            2
    196        197,    SUCCESS        2            13            70.87        2684.39            2755.26            2
    154        155,    SUCCESS        2            9            70.98        2684.39            2755.37            2
    178        179,    SUCCESS        2            17            72.43        2684.39            2756.82            2
    160        161,    SUCCESS        2            1            73.07        2684.39            2757.47            2
    190        191,    SUCCESS        2            2            75.39        2684.39            2759.78            2
    198        199,    SUCCESS        2            0            75.79        2684.39            2760.18            2
    168        169,    SUCCESS        2            3            77.76        2684.39            2762.15            2
    224        225,    SUCCESS        2            18            79.53        2684.39            2763.92            2
    162        163,    SUCCESS        2            4            80.07        2684.39            2764.46            2
    272        273,    SUCCESS        2            14            84.97        2684.39            2769.37            2
    180        181,    SUCCESS        2            16            21.82        2748.2            2770.02            2
    575        576,    SUCCESS        2            8            2772.17        0.21            2772.38            1
    164        165,    SUCCESS        2            15            89.62        2684.39            2774.01            2
    182        183,    SUCCESS        2            5            32.72        2749.23            2781.95            2
    252        253,    SUCCESS        2            11            41.16        2748.08            2789.24            2
    194        195,    SUCCESS        2            17            33.33        2756.82            2790.15            2
    258        259,    SUCCESS        2            0            30.46        2760.18            2790.64            2
    226        227,    SUCCESS        2            7            42.72        2749.79            2792.51            2
    186        187,    SUCCESS        2            4            31.15        2764.46            2795.61            2
    202        203,    SUCCESS        2            16            25.87        2770.02            2795.89            2
    256        257,    SUCCESS        2            13            44.14        2755.26            2799.4            2
    284        285,    SUCCESS        2            18            37.45        2763.92            2801.37            2
    2        3,    SUCCESS        2            10            2801.39        0.21            2801.6            1
    170        171,    SUCCESS        2            1            44.42        2757.47            2801.89            2
    262        263,    SUCCESS        2            5            23.44        2781.95            2805.39            2
    212        213,    SUCCESS        2            6            52.9        2754.53            2807.43            2
    176        177,    SUCCESS        2            15            33.78        2774.01            2807.79            2
    236        237,    SUCCESS        2            2            48.66        2759.78            2808.44            2
    174        175,    SUCCESS        2            9            56.5        2755.37            2811.87            2
    260        261,    SUCCESS        2            11            23.53        2789.24            2812.77            2
    245        246,    SUCCESS        2            11            0.62        2812.77            2813.39            3
    179        180,    SUCCESS        2            11            0.77        2813.39            2814.16            3
    191        192,    SUCCESS        2            11            0.85        2814.16            2815.01            3
    314        315,    SUCCESS        2            14            46.61        2769.37            2815.98            2
    344        345,    SUCCESS        2            19            62.21        2753.88            2816.09            2
    157        158,    SUCCESS        2            14            1.49        2815.98            2817.47            3
    222        223,    SUCCESS        2            8            50.99        2772.38            2823.37            2
    172        173,    SUCCESS        2            3            61.79        2762.15            2823.94            2
    271        272,    SUCCESS        2            8            0.88        2823.37            2824.25            3
    250        251,    SUCCESS        2            7            36.02        2792.51            2828.53            2
    208        209,    SUCCESS        2            10            27.62        2801.6            2829.22            2
    216        217,    SUCCESS        2            9            24.57        2811.87            2836.44            2
    264        265,    SUCCESS        2            2            28.22        2808.44            2836.66            2
    184        185,    SUCCESS        2            15            29.16        2807.79            2836.95            2
    288        289,    SUCCESS        2            1            35.85        2801.89            2837.74            2
    230        231,    SUCCESS        2            17            47.87        2790.15            2838.02            2
    630        631,    SUCCESS        2            14            24.65        2817.47            2842.12            2
    232        233,    SUCCESS        2            16            51.68        2795.89            2847.57            2
    658        659,    SUCCESS        2            11            33.38        2815.01            2848.39            2
    598        599,    SUCCESS        2            8            24.25        2824.25            2848.5            2
    276        277,    SUCCESS        2            13            50.03        2799.4            2849.43            2
    286        287,    SUCCESS        2            0            61.82        2790.64            2852.46            2
    632        633,    SUCCESS        2            19            36.86        2816.09            2852.95            2
    197        198,    SUCCESS        2            0            1.19        2852.46            2853.65            3
    266        267,    SUCCESS        2            6            46.93        2807.43            2854.36            2
    360        361,    SUCCESS        2            12            2854.85        0.21            2855.06            1
    192        193,    SUCCESS        2            4            59.67        2795.61            2855.28            2
    206        207,    SUCCESS        2            3            35.28        2823.94            2859.22            2
    316        317,    SUCCESS        2            5            55.33        2805.39            2860.72            2
    304        305,    SUCCESS        2            18            61.98        2801.37            2863.36            2
    742        743,    SUCCESS        2            14            22.07        2842.12            2864.19            2
    200        201,    SUCCESS        2            15            35.23        2836.95            2872.18            2
    240        241,    SUCCESS        2            17            35.14        2838.02            2873.16            2
    210        211,    SUCCESS        2            10            44.36        2829.22            2873.58            2
    348        349,    SUCCESS        2            2            41.27        2836.66            2877.93            2
    166        167,    SUCCESS        2            12            23.3        2855.06            2878.36            2
    296        297,    SUCCESS        2            1            41.1        2837.74            2878.84            2
    722        723,    SUCCESS        2            11            34.88        2848.39            2883.27            2
    278        279,    SUCCESS        2            9            46.94        2836.44            2883.38            2
    610        611,    SUCCESS        2            8            42.19        2848.5            2890.69            2
    268        269,    SUCCESS        2            7            62.4        2828.53            2890.93            2
    306        307,    SUCCESS        2            13            42.6        2849.43            2892.03            2
    238        239,    SUCCESS        2            4            37.21        2855.28            2892.49            2
    159        160,    SUCCESS        2            13            0.96        2892.03            2892.99            3
    352        353,    SUCCESS        2            5            35.3        2860.72            2896.02            2
    214        215,    SUCCESS        2            10            22.93        2873.58            2896.51            2
    155        156,    SUCCESS        2            5            1.13        2896.02            2897.15            3
    274        275,    SUCCESS        2            6            42.91        2854.36            2897.27            2
    280        281,    SUCCESS        2            16            50.8        2847.57            2898.37            2
    169        170,    SUCCESS        2            5            1.33        2897.15            2898.48            3
    750        751,    SUCCESS        2            14            34.41        2864.19            2898.59            2
    242        243,    SUCCESS        2            3            41.84        2859.22            2901.06            2
    248        249,    SUCCESS        2            17            28.55        2873.16            2901.71            2
    606        607,    SUCCESS        2            0            50.15        2853.65            2903.8            2
    726        727,    SUCCESS        2            11            26.57        2883.27            2909.84            2
    220        221,    SUCCESS        2            12            34.89        2878.36            2913.25            2
    772        773,    SUCCESS        2            19            60.57        2852.95            2913.52            2
    350        351,    SUCCESS        2            1            44.31        2878.84            2923.15            2
    312        313,    SUCCESS        2            18            62        2863.36            2925.36            2
    770        771,    SUCCESS        2            14            28.8        2898.59            2927.39            2
    616        617,    SUCCESS        2            8            36.94        2890.69            2927.63            2
    318        319,    SUCCESS        2            17            26.86        2901.71            2928.57            2
    165        166,    SUCCESS        2            14            1.31        2927.39            2928.7            3
    584        585,    SUCCESS        2            6            35.69        2897.27            2932.96            2
    592        593,    SUCCESS        2            2            55.75        2877.93            2933.68            2
    228        229,    SUCCESS        2            15            64.95        2872.18            2937.13            2
    578        579,    SUCCESS        2            13            46.26        2892.99            2939.25            2
    19        20,    SUCCESS        2            19            27.03        2913.52            2940.55            2
    356        357,    SUCCESS        2            4            48.39        2892.49            2940.88            2
    282        283,    SUCCESS        2            16            42.89        2898.37            2941.26            2
    310        311,    SUCCESS        2            7            53.13        2890.93            2944.06            2
    300        301,    SUCCESS        2            9            63        2883.38            2946.38            2
    608        609,    SUCCESS        2            1            23.58        2923.15            2946.73            2
    218        219,    SUCCESS        2            10            52.43        2896.51            2948.94            2
    604        605,    SUCCESS        2            5            51.98        2898.48            2950.46            2
    654        655,    SUCCESS        2            0            49.67        2903.8            2953.47            2
    246        247,    SUCCESS        2            3            54.39        2901.06            2955.45            2
    758        759,    SUCCESS        2            11            46.39        2909.84            2956.23            2
    330        331,    SUCCESS        2            17            27.84        2928.57            2956.41            2
    161        162,    SUCCESS        2            17            0.58        2956.41            2956.99            3
    225        226,    SUCCESS        2            17            1.43        2956.99            2958.42            3
    273        274,    SUCCESS        2            17            0.87        2958.42            2959.29            3
    254        255,    SUCCESS        2            12            47.58        2913.25            2960.83            2
    358        359,    SUCCESS        2            4            25.94        2940.88            2966.82            2
    199        200,    SUCCESS        2            4            1.42        2966.82            2968.24            3
    620        621,    SUCCESS        2            2            35.2        2933.68            2968.88            2
    37        38,    SUCCESS        2            14            43.71        2928.7            2972.41            2
    324        325,    SUCCESS        2            18            49.36        2925.36            2974.72            2
    594        595,    SUCCESS        2            6            41.89        2932.96            2974.85            2
    698        699,    SUCCESS        2            0            26.15        2953.47            2979.62            2
    760        761,    SUCCESS        2            8            52.22        2927.63            2979.85            2
    624        625,    SUCCESS        2            13            49.81        2939.25            2989.06            2
    67        68,    SUCCESS        2            19            50.73        2940.55            2991.28            2
    618        619,    SUCCESS        2            1            44.72        2946.73            2991.45            2
    315        316,    SUCCESS        2            19            1.53        2991.28            2992.81            3
    692        693,    SUCCESS        2            5            44.04        2950.46            2994.5            2
    93        94,    SUCCESS        2            14            24.74        2972.41            2997.15            2
    345        346,    SUCCESS        2            14            0.82        2997.15            2997.97            3
    265        266,    SUCCESS        2            14            0.98        2997.97            2998.95            3
    292        293,    SUCCESS        2            15            62.78        2937.13            2999.91            2
    231        232,    SUCCESS        2            14            1.11        2998.95            3000.06            3
    354        355,    SUCCESS        2            7            56.89        2944.06            3000.95            2
    631        632,    SUCCESS        2            14            1.51        3000.06            3001.57            3
    784        785,    SUCCESS        2            11            47.65        2956.23            3003.88            2
    294        295,    SUCCESS        2            16            63.36        2941.26            3004.62            2
    346        347,    SUCCESS        2            3            49.84        2955.45            3005.29            2
    332        333,    SUCCESS        2            9            59.62        2946.38            3006            2
    234        235,    SUCCESS        2            10            57.49        2948.94            3006.43            2
    163        164,    SUCCESS        2            3            1.25        3005.29            3006.54            3
    600        601,    SUCCESS        2            6            32.58        2974.85            3007.43            2
    298        299,    SUCCESS        2            12            47.35        2960.83            3008.18            2
    622        623,    SUCCESS        2            2            42.41        2968.88            3011.29            2
    340        341,    SUCCESS        2            18            39.15        2974.72            3013.87            2
    205        206,    SUCCESS        2            18            0.6        3013.87            3014.47            3
    371        372,    SUCCESS        2            19            22.65        2992.81            3015.46            2
    586        587,    SUCCESS        2            4            47.33        2968.24            3015.57            2
    782        783,    SUCCESS        2            8            39.15        2979.85            3019            2
    642        643,    SUCCESS        2            17            62.65        2959.29            3021.94            2
    634        635,    SUCCESS        2            13            34.53        2989.06            3023.59            2
    413        414,    SUCCESS        2            14            23.88        3001.57            3025.45            2
    334        335,    SUCCESS        2            9            22.23        3006            3028.23            2
    290        291,    SUCCESS        2            10            22.45        3006.43            3028.88            2
    746        747,    SUCCESS        2            0            50.86        2979.62            3030.48            2
    652        653,    SUCCESS        2            1            40.24        2991.45            3031.69            2
    614        615,    SUCCESS        2            6            27.39        3007.43            3034.82            2
    660        661,    SUCCESS        2            4            22.61        3015.57            3038.18            2
    704        705,    SUCCESS        2            5            47.5        2994.5            3042            2
    576        577,    SUCCESS        2            7            41.49        3000.95            3042.44            2
    792        793,    SUCCESS        2            11            38.67        3003.88            3042.55            2
    308        309,    SUCCESS        2            15            42.91        2999.91            3042.82            2
    227        228,    SUCCESS        2            11            1.42        3042.55            3043.97            3
    322        323,    SUCCESS        2            16            51.08        3004.62            3055.7            2
    674        675,    SUCCESS        2            17            33.92        3021.94            3055.86            2
    650        651,    SUCCESS        2            12            47.84        3008.18            3056.02            2
    375        376,    SUCCESS        2            19            42.71        3015.46            3058.17            2
    590        591,    SUCCESS        2            3            53.03        3006.54            3059.57            2
    302        303,    SUCCESS        2            10            34.61        3028.88            3063.49            2
    338        339,    SUCCESS        2            9            36.34        3028.23            3064.57            2
    636        637,    SUCCESS        2            13            41.13        3023.59            3064.72            2
    181        182,    SUCCESS        2            9            1.34        3064.57            3065.91            3
    754        755,    SUCCESS        2            0            37.18        3030.48            3067.66            2
    776        777,    SUCCESS        2            5            26.04        3042            3068.04            2
    602        603,    SUCCESS        2            18            55.2        3014.47            3069.67            2
    794        795,    SUCCESS        2            8            52.95        3019            3071.95            2
    257        258,    SUCCESS        2            8            1.1        3071.95            3073.05            3
    87        88,    SUCCESS        2            4            37        3038.18            3075.18            2
    648        649,    SUCCESS        2            2            64.33        3011.29            3075.62            2
    3        4,    SUCCESS        2            11            32.54        3043.97            3076.51            2
    511        512,    SUCCESS        2            14            54.51        3025.45            3079.96            2
    751        752,    SUCCESS        2            14            1.17        3079.96            3081.13            3
    628        629,    SUCCESS        2            7            39.1        3042.44            3081.54            2
    311        312,    SUCCESS        2            14            1.28        3081.13            3082.41            3
    301        302,    SUCCESS        2            14            1.4        3082.41            3083.81            3
    255        256,    SUCCESS        2            14            0.55        3083.81            3084.36            3
    783        784,    SUCCESS        2            14            0.62        3084.36            3084.98            3
    666        667,    SUCCESS        2            1            53.63        3031.69            3085.32            2
    702        703,    SUCCESS        2            12            29.75        3056.02            3085.77            2
    414        415,    SUCCESS        2            14            0.9        3084.98            3085.88            3
    451        452,    SUCCESS        2            19            28.4        3058.17            3086.57            2
    88        89,    SUCCESS        2            14            1.57        3085.88            3087.45            3
    297        298,    SUCCESS        2            19            1.49        3086.57            3088.06            3
    649        650,    SUCCESS        2            14            0.72        3087.45            3088.17            3
    309        310,    SUCCESS        2            19            1.24        3088.06            3089.3            3
    638        639,    SUCCESS        2            3            30.61        3059.57            3090.18            2
    640        641,    SUCCESS        2            6            58.24        3034.82            3093.06            2
    328        329,    SUCCESS        2            15            50.72        3042.82            3093.54            2
    786        787,    SUCCESS        2            0            31.25        3067.66            3098.91            2
    342        343,    SUCCESS        2            16            43.48        3055.7            3099.18            2
    187        188,    SUCCESS        2            0            0.57        3098.91            3099.48            3
    656        657,    SUCCESS        2            18            30.58        3069.67            3100.25            2
    285        286,    SUCCESS        2            0            1.55        3099.48            3101.03            3
    320        321,    SUCCESS        2            10            40.16        3063.49            3103.65            2
    676        677,    SUCCESS        2            17            58.81        3055.86            3114.67            2
    780        781,    SUCCESS        2            5            50.44        3068.04            3118.48            2
    89        90,    SUCCESS        2            4            43.62        3075.18            3118.8            2
    213        214,    SUCCESS        2            4            0.84        3118.8            3119.64            3
    61        62,    SUCCESS        2            11            44.22        3076.51            3120.73            2
    185        186,    SUCCESS        2            4            1.21        3119.64            3120.84            3
    626        627,    SUCCESS        2            9            56.01        3065.91            3121.92            2
    49        50,    SUCCESS        2            8            49.61        3073.05            3122.66            2
    696        697,    SUCCESS        2            13            59.07        3064.72            3123.79            2
    97        98,    SUCCESS        2            0            25.81        3101.03            3126.84            2
    98        99,    SUCCESS        2            14            1.35        3126.84            3128.19            3
    326        327,    SUCCESS        2            10            27.04        3103.65            3130.69            2
    189        190,    SUCCESS        2            10            1.2        3130.69            3131.89            3
    336        337,    SUCCESS        2            15            38.46        3093.54            3132            2
    706        707,    SUCCESS        2            2            59.23        3075.62            3134.85            2
    707        708,    SUCCESS        2            19            0.82        3134.85            3135.67            3
    580        581,    SUCCESS        2            16            38.72        3099.18            3137.9            2
    788        789,    SUCCESS        2            5            22.02        3118.48            3140.5            2
    105        106,    SUCCESS        2            1            56.24        3085.32            3141.56            2
    714        715,    SUCCESS        2            12            56.27        3085.77            3142.04            2
    646        647,    SUCCESS        2            7            60.65        3081.54            3142.19            2
    668        669,    SUCCESS        2            3            57.44        3090.18            3147.62            2
    664        665,    SUCCESS        2            6            55.14        3093.06            3148.2            2
    101        102,    SUCCESS        2            0            24.12        3126.84            3150.96            2
    79        80,    SUCCESS        2            8            29.53        3122.66            3152.19            2
    700        701,    SUCCESS        2            13            30.5        3123.79            3154.29            2
    588        589,    SUCCESS        2            15            24.49        3132            3156.49            2
    710        711,    SUCCESS        2            18            57.79        3100.25            3158.04            2
    718        719,    SUCCESS        2            17            43.49        3114.67            3158.16            2
    423        424,    SUCCESS        2            4            43.43        3120.84            3164.27            2
    680        681,    SUCCESS        2            10            38.19        3131.89            3170.08            2
    123        124,    SUCCESS        2            1            30.62        3141.56            3172.18            2
    712        713,    SUCCESS        2            13            25.92        3154.29            3180.21            2
    63        64,    SUCCESS        2            11            59.99        3120.73            3180.72            2
    672        673,    SUCCESS        2            7            39.48        3142.19            3181.67            2
    99        100,    SUCCESS        2            8            30.88        3152.19            3183.07            2
    662        663,    SUCCESS        2            9            62.93        3121.92            3184.85            2
    708        709,    SUCCESS        2            2            51.95        3134.85            3186.8            2
    736        737,    SUCCESS        2            17            37.56        3158.16            3195.72            2
    798        799,    SUCCESS        2            5            55.85        3140.5            3196.35            2
    195        196,    SUCCESS        2            5            1.42        3196.35            3197.77            3
    582        583,    SUCCESS        2            16            61.05        3137.9            3198.95            2
    583        584,    SUCCESS        2            14            0.55        3198.95            3199.5            3
    612        613,    SUCCESS        2            15            44.19        3156.49            3200.68            2
    766        767,    SUCCESS        2            3            53.73        3147.62            3201.35            2
    670        671,    SUCCESS        2            6            54.34        3148.2            3202.54            2
    728        729,    SUCCESS        2            13            22.8        3180.21            3203.01            2
    732        733,    SUCCESS        2            12            61.19        3142.04            3203.23            2
    107        108,    SUCCESS        2            0            53.57        3150.96            3204.53            2
    738        739,    SUCCESS        2            18            49.23        3158.04            3207.27            2
    790        791,    SUCCESS        2            10            37.83        3170.08            3207.91            2
    730        731,    SUCCESS        2            2            23.32        3186.8            3210.12            2
    720        721,    SUCCESS        2            7            32.1        3181.67            3213.77            2
    529        530,    SUCCESS        2            4            55.84        3164.27            3220.11            2
    281        282,    SUCCESS        2            4            0.94        3220.11            3221.05            3
    319        320,    SUCCESS        2            4            1.12        3221.05            3222.17            3
    655        656,    SUCCESS        2            4            0.64        3222.17            3222.81            3
    143        144,    SUCCESS        2            8            39.85        3183.07            3222.92            2
    768        769,    SUCCESS        2            17            27.39        3195.72            3223.11            2
    303        304,    SUCCESS        2            4            1.46        3222.81            3224.27            3
    62        63,    SUCCESS        2            4            0.86        3224.27            3225.13            3
    686        687,    SUCCESS        2            9            40.42        3184.85            3225.27            2
    131        132,    SUCCESS        2            1            53.73        3172.18            3225.91            2
    106        107,    SUCCESS        2            4            0.9        3225.13            3226.03            3
    713        714,    SUCCESS        2            4            0.64        3226.03            3226.67            3
    287        288,    SUCCESS        2            1            1.57        3225.91            3227.48            3
    613        614,    SUCCESS        2            4            1.33        3226.67            3228            3
    7        8,    SUCCESS        2            3            27.17        3201.35            3228.52            2
    8        9,    SUCCESS        2            19            1.46        3228.52            3229.98            3
    119        120,    SUCCESS        2            0            35.41        3204.53            3239.94            2
    121        122,    SUCCESS        2            11            60.24        3180.72            3240.96            2
    122        123,    SUCCESS        2            4            1.05        3240.96            3242.01            3
    596        597,    SUCCESS        2            16            46.64        3198.95            3245.59            2
    11        12,    SUCCESS        2            10            38.31        3207.91            3246.22            2
    644        645,    SUCCESS        2            15            45.75        3200.68            3246.43            2
    597        598,    SUCCESS        2            19            1.05        3245.59            3246.64            3
    678        679,    SUCCESS        2            6            45.51        3202.54            3248.05            2
    53        54,    SUCCESS        2            2            39.1        3210.12            3249.22            2
    774        775,    SUCCESS        2            7            40.47        3213.77            3254.24            2
    778        779,    SUCCESS        2            17            31.25        3223.11            3254.36            2
    33        34,    SUCCESS        2            5            57.21        3197.77            3254.98            2
    253        254,    SUCCESS        2            7            1.46        3254.24            3255.7            3
    690        691,    SUCCESS        2            9            30.95        3225.27            3256.22            2
    744        745,    SUCCESS        2            12            61.6        3203.23            3264.83            2
    764        765,    SUCCESS        2            13            63.09        3203.01            3266.1            2
    682        683,    SUCCESS        2            16            22.49        3245.59            3268.08            2
    31        32,    SUCCESS        2            18            61.29        3207.27            3268.56            2
    365        366,    SUCCESS        2            1            41.47        3227.48            3268.95            2
    17        18,    SUCCESS        2            3            42.25        3228.52            3270.77            2
    688        689,    SUCCESS        2            15            26.3        3246.43            3272.73            2
    57        58,    SUCCESS        2            2            26.19        3249.22            3275.41            2
    389        390,    SUCCESS        2            0            35.98        3239.94            3275.92            2
    379        380,    SUCCESS        2            8            61.08        3222.92            3284            2
    27        28,    SUCCESS        2            17            34.6        3254.36            3288.96            2
    740        741,    SUCCESS        2            9            34.55        3256.22            3290.77            2
    35        36,    SUCCESS        2            10            45.38        3246.22            3291.6            2
    135        136,    SUCCESS        2            11            54.09        3240.96            3295.05            2
    13        14,    SUCCESS        2            13            33.07        3266.1            3299.17            2
    752        753,    SUCCESS        2            12            35.47        3264.83            3300.3            2
    14        15,    SUCCESS        2            19            1.55        3299.17            3300.72            3
    41        42,    SUCCESS        2            7            46.32        3255.7            3302.02            2
    289        290,    SUCCESS        2            7            0.67        3302.02            3302.69            3
    59        60,    SUCCESS        2            5            49.47        3254.98            3304.45            2
    261        262,    SUCCESS        2            5            1.25        3304.45            3305.7            3
    267        268,    SUCCESS        2            5            1.23        3305.7            3306.93            3
    724        725,    SUCCESS        2            15            34.89        3272.73            3307.62            2
    25        26,    SUCCESS        2            3            40.63        3270.77            3311.4            2
    684        685,    SUCCESS        2            6            64.83        3248.05            3312.88            2
    387        388,    SUCCESS        2            8            36.22        3284            3320.22            2
    388        389,    SUCCESS        2            4            1.16        3320.22            3321.38            3
    716        717,    SUCCESS        2            16            54.26        3268.08            3322.34            2
    183        184,    SUCCESS        2            16            0.78        3322.34            3323.12            3
    717        718,    SUCCESS        2            19            1        3322.34            3323.34            3
    395        396,    SUCCESS        2            7            23.27        3302.69            3325.96            2
    401        402,    SUCCESS        2            1            57.27        3268.95            3326.22            2
    21        22,    SUCCESS        2            13            27.16        3299.17            3326.33            2
    756        757,    SUCCESS        2            9            35.73        3290.77            3326.5            2
    397        398,    SUCCESS        2            0            50.91        3275.92            3326.83            2
    81        82,    SUCCESS        2            17            38.57        3288.96            3327.53            2
    203        204,    SUCCESS        2            9            1.61        3326.5            3328.11            3
    69        70,    SUCCESS        2            18            60.65        3268.56            3329.21            2
    147        148,    SUCCESS        2            11            36.95        3295.05            3332            2
    73        74,    SUCCESS        2            2            59.43        3275.41            3334.84            2
    65        66,    SUCCESS        2            10            48.24        3291.6            3339.84            2
    66        67,    SUCCESS        2            19            0.74        3339.84            3340.58            3
    5        6,    SUCCESS        2            16            22.67        3323.12            3345.79            2
    117        118,    SUCCESS        2            17            22.78        3327.53            3350.31            2
    223        224,    SUCCESS        2            17            1.1        3350.31            3351.41            3
    659        660,    SUCCESS        2            17            1.47        3351.41            3352.88            3
    377        378,    SUCCESS        2            5            46.06        3306.93            3352.99            2
    748        749,    SUCCESS        2            15            48.07        3307.62            3355.69            2
    796        797,    SUCCESS        2            12            55.85        3300.3            3356.15            2
    421        422,    SUCCESS        2            8            36.14        3320.22            3356.36            2
    259        260,    SUCCESS        2            15            1.12        3355.69            3356.81            3
    419        420,    SUCCESS        2            0            31        3326.83            3357.83            2
    45        46,    SUCCESS        2            9            31.39        3328.11            3359.5            2
    46        47,    SUCCESS        2            19            0.59        3359.5            3360.09            3
    75        76,    SUCCESS        2            18            33.8        3329.21            3363.01            2
    443        444,    SUCCESS        2            1            44.75        3326.22            3370.97            2
    694        695,    SUCCESS        2            6            58.2        3312.88            3371.08            2
    695        696,    SUCCESS        2            4            1.1        3371.08            3372.18            3
    29        30,    SUCCESS        2            3            62.81        3311.4            3374.21            2
    393        394,    SUCCESS        2            5            24.16        3352.99            3377.15            2
    47        48,    SUCCESS        2            13            52.67        3326.33            3379            2
    95        96,    SUCCESS        2            10            40.11        3339.84            3379.95            2
    149        150,    SUCCESS        2            11            49.51        3332            3381.51            2
    133        134,    SUCCESS        2            18            23.51        3363.01            3386.52            2
    9        10,    SUCCESS        2            15            31.12        3356.81            3387.93            2
    115        116,    SUCCESS        2            2            53.36        3334.84            3388.2            2
    633        634,    SUCCESS        2            2            1.26        3388.2            3389.46            3
    403        404,    SUCCESS        2            7            64.13        3325.96            3390.09            2
    404        405,    SUCCESS        2            14            0.74        3390.09            3390.83            3
    71        72,    SUCCESS        2            9            33.83        3359.5            3393.33            2
    237        238,    SUCCESS        2            9            1.63        3393.33            3394.96            3
    175        176,    SUCCESS        2            9            0.75        3394.96            3395.71            3
    473        474,    SUCCESS        2            8            41.89        3356.36            3398.25            2
    15        16,    SUCCESS        2            12            43.37        3356.15            3399.52            2
    16        17,    SUCCESS        2            14            1.27        3399.52            3400.79            3
    481        482,    SUCCESS        2            1            33.4        3370.97            3404.37            2
    482        483,    SUCCESS        2            4            1.12        3404.37            3405.49            3
    43        44,    SUCCESS        2            16            61.91        3345.79            3407.7            2
    77        78,    SUCCESS        2            3            34.08        3374.21            3408.29            2
    145        146,    SUCCESS        2            18            25.32        3386.52            3411.84            2
    209        210,    SUCCESS        2            18            0.75        3411.84            3412.59            3
    471        472,    SUCCESS        2            0            57.39        3357.83            3415.22            2
    455        456,    SUCCESS        2            17            62.54        3352.88            3415.42            2
    463        464,    SUCCESS        2            5            39.21        3377.15            3416.36            2
    51        52,    SUCCESS        2            13            39.62        3379            3418.62            2
    491        492,    SUCCESS        2            8            26.53        3398.25            3424.78            2
    734        735,    SUCCESS        2            6            53.95        3371.08            3425.03            2
    492        493,    SUCCESS        2            14            0.84        3424.78            3425.62            3
    151        152,    SUCCESS        2            11            45.11        3381.51            3426.62            2
    39        40,    SUCCESS        2            15            38.8        3387.93            3426.73            2
    409        410,    SUCCESS        2            7            37        3390.09            3427.09            2
    233        234,    SUCCESS        2            11            1.39        3426.62            3428.01            3
    91        92,    SUCCESS        2            3            24.22        3408.29            3432.51            2
    23        24,    SUCCESS        2            12            34.49        3399.52            3434.01            2
    565        566,    SUCCESS        2            1            31.69        3404.37            3436.06            2
    221        222,    SUCCESS        2            1            1.57        3436.06            3437.63            3
    625        626,    SUCCESS        2            1            0.67        3437.63            3438.3            3
    347        348,    SUCCESS        2            1            1.6        3438.3            3439.9            3
    747        748,    SUCCESS        2            1            0.55        3439.9            3440.45            3
    687        688,    SUCCESS        2            1            1.25        3440.45            3441.7            3
    26        27,    SUCCESS        2            1            1.03        3441.7            3442.73            3
    757        758,    SUCCESS        2            1            0.78        3442.73            3443.51            3
    361        362,    SUCCESS        2            10            63.92        3379.95            3443.87            2
    398        399,    SUCCESS        2            1            1.17        3443.51            3444.68            3
    82        83,    SUCCESS        2            1            1.21        3444.68            3445.89            3
    378        379,    SUCCESS        2            1            0.98        3445.89            3446.87            3
    48        49,    SUCCESS        2            1            1.39        3446.87            3448.26            3
    385        386,    SUCCESS        2            2            60.18        3389.46            3449.64            2
    44        45,    SUCCESS        2            1            1.54        3448.26            3449.8            3
    349        350,    SUCCESS        2            2            1.4        3449.64            3451.04            3
    386        387,    SUCCESS        2            4            1.46        3449.64            3451.1            3
    152        153,    SUCCESS        2            1            1.57        3449.8            3451.37            3
    611        612,    SUCCESS        2            2            0.63        3451.04            3451.67            3
    771        772,    SUCCESS        2            2            0.56        3451.67            3452.23            3
    407        408,    SUCCESS        2            9            56.84        3395.71            3452.55            2
    651        652,    SUCCESS        2            2            1.24        3452.23            3453.47            3
    637        638,    SUCCESS        2            2            1.48        3453.47            3454.95            3
    537        538,    SUCCESS        2            8            30.28        3424.78            3455.06            2
    641        642,    SUCCESS        2            2            0.98        3454.95            3455.93            3
    239        240,    SUCCESS        2            8            0.98        3455.06            3456.04            3
    125        126,    SUCCESS        2            16            48.34        3407.7            3456.04            2
    275        276,    SUCCESS        2            8            0.65        3456.04            3456.69            3
    727        728,    SUCCESS        2            8            0.78        3456.69            3457.47            3
    781        782,    SUCCESS        2            2            1.65        3455.93            3457.58            3
    399        400,    SUCCESS        2            11            30.29        3428.01            3458.3            2
    619        620,    SUCCESS        2            8            0.94        3457.47            3458.41            3
    90        91,    SUCCESS        2            2            1.59        3457.58            3459.17            3
    400        401,    SUCCESS        2            1            1.53        3458.3            3459.83            3
    333        334,    SUCCESS        2            8            1.57        3458.41            3459.98            3
    581        582,    SUCCESS        2            2            1.2        3459.17            3460.37            3
    299        300,    SUCCESS        2            8            1.19        3459.98            3461.17            3
    731        732,    SUCCESS        2            2            1.34        3460.37            3461.71            3
    376        377,    SUCCESS        2            8            0.94        3461.17            3462.11            3
    483        484,    SUCCESS        2            0            47.29        3415.22            3462.51            2
    32        33,    SUCCESS        2            2            1        3461.71            3462.71            3
    337        338,    SUCCESS        2            8            0.8        3462.11            3462.91            3
    715        716,    SUCCESS        2            8            0.67        3462.91            3463.58            3
    18        19,    SUCCESS        2            2            1.63        3462.71            3464.34            3
    669        670,    SUCCESS        2            8            1.63        3463.58            3465.21            3
    424        425,    SUCCESS        2            8            1.17        3465.21            3466.38            3
    799        800,    SUCCESS        2            8            1.5        3466.38            3467.88            3
    671        672,    SUCCESS        2            8            0.74        3467.88            3468.62            3
    36        37,    SUCCESS        2            8            0.6        3468.62            3469.22            3
    76        77,    SUCCESS        2            8            0.67        3469.22            3469.89            3
    85        86,    SUCCESS        2            12            36.9        3434.01            3470.91            2
    40        41,    SUCCESS        2            8            1.49        3469.89            3471.38            3
    467        468,    SUCCESS        2            5            56.71        3416.36            3473.07            2
    279        280,    SUCCESS        2            5            0.95        3473.07            3474.02            3
    391        392,    SUCCESS        2            18            61.95        3412.59            3474.54            2
    759        760,    SUCCESS        2            5            0.63        3474.02            3474.65            3
    55        56,    SUCCESS        2            15            48.35        3426.73            3475.08            2
    459        460,    SUCCESS        2            17            60.25        3415.42            3475.67            2
    392        393,    SUCCESS        2            1            1.3        3474.54            3475.84            3
    623        624,    SUCCESS        2            5            1.62        3474.65            3476.27            3
    777        778,    SUCCESS        2            5            1.04        3476.27            3477.31            3
    709        710,    SUCCESS        2            5            1.09        3477.31            3478.4            3
    797        798,    SUCCESS        2            5            0.55        3478.4            3478.95            3
    127        128,    SUCCESS        2            16            23.1        3456.04            3479.14            2
    109        110,    SUCCESS        2            13            60.64        3418.62            3479.25            2
    126        127,    SUCCESS        2            5            1.39        3478.95            3480.34            3
    465        466,    SUCCESS        2            10            36.64        3443.87            3480.51            2
    113        114,    SUCCESS        2            3            48.7        3432.51            3481.21            2
    466        467,    SUCCESS        2            2            0.85        3480.51            3481.36            3
    173        174,    SUCCESS        2            3            0.68        3481.21            3481.89            3
    251        252,    SUCCESS        2            3            1.43        3481.89            3483.32            3
    599        600,    SUCCESS        2            3            1.34        3483.32            3484.66            3
    525        526,    SUCCESS        2            7            58.24        3427.09            3485.33            2
    762        763,    SUCCESS        2            6            64.27        3425.03            3489.3            2
    177        178,    SUCCESS        2            6            0.77        3489.3            3490.07            3
    411        412,    SUCCESS        2            18            28.02        3474.54            3502.56            2
    111        112,    SUCCESS        2            12            34.79        3470.91            3505.7            2
    495        496,    SUCCESS        2            0            47.17        3462.51            3509.68            2
    496        497,    SUCCESS        2            4            1.12        3509.68            3510.8            3
    137        138,    SUCCESS        2            13            32.36        3479.25            3511.61            2
    171        172,    SUCCESS        2            13            0.9        3511.61            3512.51            3
    263        264,    SUCCESS        2            13            0.71        3512.51            3513.22            3
    431        432,    SUCCESS        2            11            57.62        3458.3            3515.92            2
    369        370,    SUCCESS        2            3            31.75        3484.66            3516.41            2
    425        426,    SUCCESS        2            9            64.33        3452.55            3516.88            2
    83        84,    SUCCESS        2            15            44.16        3475.08            3519.24            2
    501        502,    SUCCESS        2            10            43.01        3480.51            3523.52            2
    571        572,    SUCCESS        2            17            49.17        3475.67            3524.84            2
    572        573,    SUCCESS        2            14            0.69        3524.84            3525.53            3
    607        608,    SUCCESS        2            17            0.89        3524.84            3525.73            3
    291        292,    SUCCESS        2            17            1.41        3525.73            3527.14            3
    615        616,    SUCCESS        2            17            1.55        3527.14            3528.69            3
    667        668,    SUCCESS        2            17            1.16        3528.69            3529.85            3
    589        590,    SUCCESS        2            17            1.37        3529.85            3531.22            3
    120        121,    SUCCESS        2            17            1.24        3531.22            3532.46            3
    141        142,    SUCCESS        2            16            53.68        3479.14            3532.82            2
    689        690,    SUCCESS        2            17            1.22        3532.46            3533.68            3
    42        43,    SUCCESS        2            17            1.15        3533.68            3534.83            3
    148        149,    SUCCESS        2            17            1.37        3534.83            3536.2            3
    30        31,    SUCCESS        2            17            1.53        3536.2            3537.73            3
    472        473,    SUCCESS        2            17            1.18        3537.73            3538.91            3
    128        129,    SUCCESS        2            17            0.71        3538.91            3539.62            3
    110        111,    SUCCESS        2            17            1.01        3539.62            3540.63            3
    441        442,    SUCCESS        2            11            24.99        3515.92            3540.91            2
    370        371,    SUCCESS        2            17            1.28        3540.63            3541.91            3
    555        556,    SUCCESS        2            7            57.99        3485.33            3543.32            2
    381        382,    SUCCESS        2            6            53.77        3490.07            3543.84            2
    556        557,    SUCCESS        2            19            0.88        3543.32            3544.2            3
    103        104,    SUCCESS        2            15            26.35        3519.24            3545.59            2
    499        500,    SUCCESS        2            0            40.03        3509.68            3549.71            2
    439        440,    SUCCESS        2            18            48.01        3502.56            3550.57            2
    500        501,    SUCCESS        2            19            1.34        3549.71            3551.05            3
    440        441,    SUCCESS        2            4            1.22        3550.57            3551.79            3
    139        140,    SUCCESS        2            12            63.84        3505.7            3569.54            2
    217        218,    SUCCESS        2            12            1.63        3569.54            3571.17            3
    277        278,    SUCCESS        2            12            1.01        3571.17            3572.18            3
    383        384,    SUCCESS        2            16            39.67        3532.82            3572.49            2
    384        385,    SUCCESS        2            14            1.33        3572.49            3573.82            3
    433        434,    SUCCESS        2            3            57.98        3516.41            3574.39            2
    373        374,    SUCCESS        2            13            62.27        3513.22            3575.49            2
    434        435,    SUCCESS        2            19            1.4        3574.39            3575.79            3
    457        458,    SUCCESS        2            9            64.12        3516.88            3581            2
    461        462,    SUCCESS        2            18            34.95        3550.57            3585.52            2
    405        406,    SUCCESS        2            6            41.89        3543.84            3585.73            2
    406        407,    SUCCESS        2            19            0.7        3585.73            3586.43            3
    543        544,    SUCCESS        2            10            62.99        3523.52            3586.51            2
    462        463,    SUCCESS        2            4            1.59        3585.52            3587.11            3
    545        546,    SUCCESS        2            11            51.91        3540.91            3592.82            2
    521        522,    SUCCESS        2            0            43.64        3549.71            3593.35            2
    743        744,    SUCCESS        2            0            1.4        3593.35            3594.75            3
    522        523,    SUCCESS        2            8            1.49        3593.35            3594.84            3
    415        416,    SUCCESS        2            16            23.11        3572.49            3595.6            2
    269        270,    SUCCESS        2            0            0.96        3594.75            3595.71            3
    363        364,    SUCCESS        2            12            24.09        3572.18            3596.27            2
    593        594,    SUCCESS        2            0            1.19        3595.71            3596.9            3
    416        417,    SUCCESS        2            1            1.35        3595.6            3596.95            3
    579        580,    SUCCESS        2            0            0.96        3596.9            3597.86            3
    20        21,    SUCCESS        2            0            1.06        3597.86            3598.92            3
    331        332,    SUCCESS        2            0            0.66        3598.92            3599.58            3
    557        558,    SUCCESS        2            7            56.43        3543.32            3599.75            2
    595        596,    SUCCESS        2            0            0.92        3599.58            3600.5            3
    558        559,    SUCCESS        2            5            1.05        3599.75            3600.8            3
    693        694,    SUCCESS        2            0            0.65        3600.5            3601.15            3
    705        706,    SUCCESS        2            0            1.52        3601.15            3602.67            3
    577        578,    SUCCESS        2            0            1.3        3602.67            3603.97            3
    447        448,    SUCCESS        2            3            29.98        3574.39            3604.37            2
    755        756,    SUCCESS        2            0            1.38        3603.97            3605.35            3
    795        796,    SUCCESS        2            0            1.43        3605.35            3606.78            3
    129        130,    SUCCESS        2            15            61.54        3545.59            3607.13            2
    629        630,    SUCCESS        2            0            0.92        3606.78            3607.7            3
    130        131,    SUCCESS        2            5            0.63        3607.13            3607.76            3
    639        640,    SUCCESS        2            0            0.66        3607.7            3608.36            3
    479        480,    SUCCESS        2            13            33.18        3575.49            3608.67            2
    719        720,    SUCCESS        2            0            1.53        3608.36            3609.89            3
    480        481,    SUCCESS        2            17            1.37        3608.67            3610.04            3
    427        428,    SUCCESS        2            6            25.01        3585.73            3610.74            2
    663        664,    SUCCESS        2            0            1.04        3609.89            3610.93            3
    428        429,    SUCCESS        2            2            1.02        3610.74            3611.76            3
    765        766,    SUCCESS        2            0            1.48        3610.93            3612.41            3
    58        59,    SUCCESS        2            0            1.07        3612.41            3613.48            3
    685        686,    SUCCESS        2            0            0.61        3613.48            3614.09            3
    464        465,    SUCCESS        2            0            1.47        3614.09            3615.56            3
    432        433,    SUCCESS        2            0            1.07        3615.56            3616.63            3
    509        510,    SUCCESS        2            9            38.82        3581            3619.82            2
    510        511,    SUCCESS        2            17            1.47        3619.82            3621.29            3
    429        430,    SUCCESS        2            12            28.24        3596.27            3624.51            2
    430        431,    SUCCESS        2            5            1.52        3624.51            3626.03            3
    551        552,    SUCCESS        2            11            37.91        3592.82            3630.73            2
    563        564,    SUCCESS        2            7            33.06        3599.75            3632.81            2
    493        494,    SUCCESS        2            16            37.63        3595.6            3633.23            2
    241        242,    SUCCESS        2            7            0.74        3632.81            3633.55            3
    494        495,    SUCCESS        2            14            1.07        3633.23            3634.3            3
    211        212,    SUCCESS        2            7            0.9        3633.55            3634.45            3
    617        618,    SUCCESS        2            7            1.32        3634.45            3635.77            3
    357        358,    SUCCESS        2            7            1.02        3635.77            3636.79            3
    621        622,    SUCCESS        2            7            1.46        3636.79            3638.25            3
    38        39,    SUCCESS        2            7            0.69        3638.25            3638.94            3
    601        602,    SUCCESS        2            7            1.47        3638.94            3640.41            3
    697        698,    SUCCESS        2            7            1.59        3640.41            3642            3
    647        648,    SUCCESS        2            7            1.2        3642            3643.2            3
    673        674,    SUCCESS        2            7            1.29        3643.2            3644.49            3
    513        514,    SUCCESS        2            18            59.44        3585.52            3644.96            2
    100        101,    SUCCESS        2            7            1.11        3644.49            3645.6            3
    514        515,    SUCCESS        2            19            0.9        3644.96            3645.86            3
    136        137,    SUCCESS        2            7            1.53        3645.6            3647.13            3
    367        368,    SUCCESS        2            15            40.11        3607.13            3647.24            2
    368        369,    SUCCESS        2            5            1.25        3647.24            3648.49            3
    394        395,    SUCCESS        2            7            1.56        3647.13            3648.69            3
    549        550,    SUCCESS        2            10            63.42        3586.51            3649.93            2
    112        113,    SUCCESS        2            7            1.36        3648.69            3650.05            3
    515        516,    SUCCESS        2            9            30.83        3619.82            3650.65            2
    550        551,    SUCCESS        2            8            0.97        3649.93            3650.9            3
    104        105,    SUCCESS        2            7            1.52        3650.05            3651.57            3
    489        490,    SUCCESS        2            6            47.58        3610.74            3658.32            2
    505        506,    SUCCESS        2            3            54.06        3604.37            3658.43            2
    507        508,    SUCCESS        2            13            49.86        3608.67            3658.54            2
    490        491,    SUCCESS        2            4            0.85        3658.32            3659.17            3
    506        507,    SUCCESS        2            4            1.03        3659.17            3660.2            3
    445        446,    SUCCESS        2            12            42.56        3624.51            3667.07            2
    535        536,    SUCCESS        2            18            28.56        3644.96            3673.52            2
    723        724,    SUCCESS        2            18            1.08        3673.52            3674.6            3
    50        51,    SUCCESS        2            18            1.41        3674.6            3676.01            3
    567        568,    SUCCESS        2            10            26.95        3649.93            3676.88            2
    80        81,    SUCCESS        2            18            1.14        3676.01            3677.15            3
    739        740,    SUCCESS        2            18            0.69        3677.15            3677.84            3
    497        498,    SUCCESS        2            16            44.71        3633.23            3677.95            2
    247        248,    SUCCESS        2            10            1.18        3676.88            3678.06            3
    293        294,    SUCCESS        2            10            0.76        3678.06            3678.82            3
    498        499,    SUCCESS        2            2            1.24        3677.95            3679.19            3
    530        531,    SUCCESS        2            18            1.6        3677.84            3679.44            3
    339        340,    SUCCESS        2            10            0.9        3678.82            3679.72            3
    779        780,    SUCCESS        2            18            1.19        3679.44            3680.63            3
    741        742,    SUCCESS        2            10            1.34        3679.72            3681.06            3
    420        421,    SUCCESS        2            10            0.93        3681.06            3681.99            3
    380        381,    SUCCESS        2            18            1.47        3680.63            3682.1            3
    474        475,    SUCCESS        2            18            0.62        3682.1            3682.72            3
    519        520,    SUCCESS        2            9            32.18        3650.65            3682.83            2
    138        139,    SUCCESS        2            10            1.43        3681.99            3683.41            3
    410        411,    SUCCESS        2            18            0.7        3682.72            3683.41            3
    520        521,    SUCCESS        2            8            0.71        3682.83            3683.54            3
    412        413,    SUCCESS        2            18            0.77        3683.41            3684.18            3
    552        553,    SUCCESS        2            10            0.88        3683.41            3684.29            3
    426        427,    SUCCESS        2            18            1.53        3684.18            3685.71            3
    382        383,    SUCCESS        2            18            1.02        3685.71            3686.73            3
    516        517,    SUCCESS        2            18            0.91        3686.73            3687.64            3
    533        534,    SUCCESS        2            13            30.68        3658.54            3689.22            2
    534        535,    SUCCESS        2            7            0.59        3689.22            3689.81            3
    193        194,    SUCCESS        2            13            1.1        3689.22            3690.32            3
    559        560,    SUCCESS        2            11            59.69        3630.73            3690.43            2
    167        168,    SUCCESS        2            13            1.49        3690.32            3691.81            3
    351        352,    SUCCESS        2            13            1.09        3691.81            3692.9            3
    359        360,    SUCCESS        2            13            1.34        3692.9            3694.24            3
    785        786,    SUCCESS        2            13            1.43        3694.24            3695.67            3
    653        654,    SUCCESS        2            13            0.85        3695.67            3696.52            3
    591        592,    SUCCESS        2            13            1.11        3696.52            3697.63            3
    787        788,    SUCCESS        2            13            1.16        3697.63            3698.79            3
    321        322,    SUCCESS        2            13            0.94        3698.79            3699.73            3
    789        790,    SUCCESS        2            13            1.23        3699.73            3700.96            3
    711        712,    SUCCESS        2            13            0.98        3700.96            3701.94            3
    729        730,    SUCCESS        2            13            0.99        3701.94            3702.93            3
    769        770,    SUCCESS        2            13            1.11        3702.93            3704.04            3
    645        646,    SUCCESS        2            13            1.06        3704.04            3705.1            3
    775        776,    SUCCESS        2            13            1.08        3705.1            3706.18            3
    417        418,    SUCCESS        2            15            59.81        3647.24            3707.05            2
    753        754,    SUCCESS        2            13            1.11        3706.18            3707.29            3
    725        726,    SUCCESS        2            13            0.68        3707.29            3707.97            3
    396        397,    SUCCESS        2            13            0.77        3707.97            3708.74            3
    6        7,    SUCCESS        2            13            1.16        3708.74            3709.9            3
    52        53,    SUCCESS        2            13            1.31        3709.9            3711.21            3
    735        736,    SUCCESS        2            13            1.44        3711.21            3712.65            3
    448        449,    SUCCESS        2            13            0.69        3712.65            3713.34            3
    564        565,    SUCCESS        2            13            1.45        3713.34            3714.79            3
    536        537,    SUCCESS        2            13            0.56        3714.79            3715.35            3
    531        532,    SUCCESS        2            6            57.74        3658.32            3716.06            2
    773        774,    SUCCESS        2            6            1.23        3716.06            3717.29            3
    532        533,    SUCCESS        2            14            1.45        3716.06            3717.51            3
    229        230,    SUCCESS        2            6            0.85        3717.29            3718.14            3
    94        95,    SUCCESS        2            6            1.5        3718.14            3719.64            3
    587        588,    SUCCESS        2            6            0.69        3719.64            3720.33            3
    449        450,    SUCCESS        2            12            53.58        3667.07            3720.65            2
    603        604,    SUCCESS        2            6            0.81        3720.33            3721.14            3
    452        453,    SUCCESS        2            6            0.91        3721.14            3722.05            3
    677        678,    SUCCESS        2            6            0.69        3722.05            3722.74            3
    517        518,    SUCCESS        2            3            64.63        3658.43            3723.05            2
    737        738,    SUCCESS        2            6            0.75        3722.74            3723.49            3
    679        680,    SUCCESS        2            6            1.28        3723.49            3724.77            3
    691        692,    SUCCESS        2            6            1.16        3724.77            3725.93            3
    456        457,    SUCCESS        2            6            0.83        3725.93            3726.76            3
    362        363,    SUCCESS        2            6            0.6        3726.76            3727.36            3
    526        527,    SUCCESS        2            6            0.87        3727.36            3728.23            3
    502        503,    SUCCESS        2            6            0.95        3728.23            3729.18            3
    527        528,    SUCCESS        2            9            47.18        3682.83            3730.01            2
    142        143,    SUCCESS        2            6            1.27        3729.18            3730.45            3
    528        529,    SUCCESS        2            18            1.06        3730.01            3731.07            3
    539        540,    SUCCESS        2            16            60.54        3677.95            3738.48            2
    540        541,    SUCCESS        2            19            0.66        3738.48            3739.15            3
    201        202,    SUCCESS        2            16            1.38        3738.48            3739.86            3
    585        586,    SUCCESS        2            16            1.26        3739.86            3741.12            3
    355        356,    SUCCESS        2            16            0.59        3741.12            3741.71            3
    643        644,    SUCCESS        2            16            1.27        3741.71            3742.98            3
    327        328,    SUCCESS        2            16            0.9        3742.98            3743.88            3
    102        103,    SUCCESS        2            16            1.22        3743.88            3745.1            3
    681        682,    SUCCESS        2            16            0.68        3745.1            3745.78            3
    561        562,    SUCCESS        2            11            55.59        3690.43            3746.02            2
    124        125,    SUCCESS        2            16            0.72        3745.78            3746.5            3
    733        734,    SUCCESS        2            16            0.65        3746.5            3747.15            3
    562        563,    SUCCESS        2            6            1.48        3746.02            3747.5            3
    144        145,    SUCCESS        2            16            0.56        3747.15            3747.71            3
    475        476,    SUCCESS        2            12            27.41        3720.65            3748.06            2
    476        477,    SUCCESS        2            17            0.62        3748.06            3748.68            3
    683        684,    SUCCESS        2            16            1.03        3747.71            3748.74            3
    484        485,    SUCCESS        2            16            0.87        3748.74            3749.61            3
    56        57,    SUCCESS        2            16            0.65        3749.61            3750.26            3
    435        436,    SUCCESS        2            15            43.42        3707.05            3750.47            2
    436        437,    SUCCESS        2            17            0.77        3750.47            3751.24            3
    114        115,    SUCCESS        2            16            1.11        3750.26            3751.37            3
    763        764,    SUCCESS        2            16            1.3        3751.37            3752.67            3
    508        509,    SUCCESS        2            16            0.69        3752.67            3753.36            3
    418        419,    SUCCESS        2            16            1.29        3753.36            3754.65            3
    450        451,    SUCCESS        2            16            1.16        3754.65            3755.81            3
    518        519,    SUCCESS        2            16            0.75        3755.81            3756.56            3
    553        554,    SUCCESS        2            9            33.05        3730.01            3763.06            2
    554        555,    SUCCESS        2            16            0.77        3763.06            3763.83            3
    523        524,    SUCCESS        2            3            46.74        3723.05            3769.79            2
    524        525,    SUCCESS        2            8            1.37        3769.79            3771.17            3
    477        478,    SUCCESS        2            12            32.78        3748.06            3780.84            2
    478        479,    SUCCESS        2            18            1.13        3780.84            3781.97            3
    437        438,    SUCCESS        2            15            36.52        3750.47            3786.99            2
    569        570,    SUCCESS        2            9            27.65        3763.06            3790.71            2
    570        571,    SUCCESS        2            5            1.32        3790.71            3792.03            3
    307        308,    SUCCESS        2            9            1.35        3790.71            3792.06            3
    219        220,    SUCCESS        2            9            1.1        3792.06            3793.16            3
    605        606,    SUCCESS        2            9            1.03        3793.16            3794.19            3
    295        296,    SUCCESS        2            9            1.45        3794.19            3795.64            3
    341        342,    SUCCESS        2            9            0.76        3795.64            3796.4            3
    635        636,    SUCCESS        2            9            0.8        3796.4            3797.2            3
    335        336,    SUCCESS        2            9            1.4        3797.2            3798.6            3
    793        794,    SUCCESS        2            9            1.27        3798.6            3799.87            3
    701        702,    SUCCESS        2            9            1.2        3799.87            3801.07            3
    573        574,    SUCCESS        2            11            55.46        3746.02            3801.48            2
    721        722,    SUCCESS        2            9            0.75        3801.07            3801.82            3
    574        575,    SUCCESS        2            19            0.69        3801.48            3802.17            3
    317        318,    SUCCESS        2            11            0.84        3801.48            3802.32            3
    60        61,    SUCCESS        2            9            0.61        3801.82            3802.43            3
    422        423,    SUCCESS        2            9            0.93        3802.43            3803.36            3
    541        542,    SUCCESS        2            3            33.87        3769.79            3803.66            2
    243        244,    SUCCESS        2            11            1.6        3802.32            3803.92            3
    116        117,    SUCCESS        2            9            1.57        3803.36            3804.93            3
    609        610,    SUCCESS        2            11            1.57        3803.92            3805.49            3
    325        326,    SUCCESS        2            11            0.86        3805.49            3806.35            3
    566        567,    SUCCESS        2            9            1.53        3804.93            3806.46            3
    408        409,    SUCCESS        2            9            0.59        3806.46            3807.05            3
    767        768,    SUCCESS        2            11            0.99        3806.35            3807.34            3
    84        85,    SUCCESS        2            9            0.7        3807.05            3807.75            3
    108        109,    SUCCESS        2            11            1.1        3807.34            3808.44            3
    12        13,    SUCCESS        2            11            0.78        3808.44            3809.22            3
    54        55,    SUCCESS        2            11            1.34        3809.22            3810.56            3
    745        746,    SUCCESS        2            11            1.1        3810.56            3811.66            3
    453        454,    SUCCESS        2            15            25.53        3786.99            3812.52            2
    10        11,    SUCCESS        2            11            1.59        3811.66            3813.25            3
    454        455,    SUCCESS        2            1            1.1        3812.52            3813.62            3
    78        79,    SUCCESS        2            11            0.6        3813.25            3813.85            3
    146        147,    SUCCESS        2            11            1.19        3813.85            3815.04            3
    538        539,    SUCCESS        2            11            1.56        3815.04            3816.6            3
    442        443,    SUCCESS        2            11            1.05        3816.6            3817.65            3
    374        375,    SUCCESS        2            11            0.86        3817.65            3818.51            3
    544        545,    SUCCESS        2            11            1.25        3818.51            3819.76            3
    364        365,    SUCCESS        2            11            1.19        3819.76            3820.95            3
    446        447,    SUCCESS        2            11            0.82        3820.95            3821.77            3
    469        470,    SUCCESS        2            15            22.58        3812.52            3835.1            2
    470        471,    SUCCESS        2            14            0.85        3835.1            3835.95            3
    485        486,    SUCCESS        2            12            55.91        3780.84            3836.75            2
    207        208,    SUCCESS        2            12            0.98        3836.75            3837.73            3
    486        487,    SUCCESS        2            9            1.42        3836.75            3838.17            3
    353        354,    SUCCESS        2            12            0.72        3837.73            3838.45            3
    372        373,    SUCCESS        2            12            0.63        3838.45            3839.08            3
    329        330,    SUCCESS        2            12            1.02        3839.08            3840.1            3
    132        133,    SUCCESS        2            12            1.33        3840.1            3841.43            3
    34        35,    SUCCESS        2            12            0.68        3841.43            3842.11            3
    70        71,    SUCCESS        2            12            1.48        3842.11            3843.59            3
    74        75,    SUCCESS        2            12            1.01        3843.59            3844.6            3
    749        750,    SUCCESS        2            12            1.3        3844.6            3845.9            3
    150        151,    SUCCESS        2            12            1.48        3845.9            3847.38            3
    86        87,    SUCCESS        2            12            1.2        3847.38            3848.58            3
    468        469,    SUCCESS        2            12            0.66        3848.58            3849.24            3
    458        459,    SUCCESS        2            12            0.65        3849.24            3849.89            3
    546        547,    SUCCESS        2            12            0.74        3849.89            3850.63            3
    547        548,    SUCCESS        2            3            53.22        3803.66            3856.88            2
    305        306,    SUCCESS        2            3            1.42        3856.88            3858.3            3
    548        549,    SUCCESS        2            4            1.56        3856.88            3858.45            3
    249        250,    SUCCESS        2            3            1.39        3858.3            3859.69            3
    313        314,    SUCCESS        2            3            1.15        3859.69            3860.84            3
    699        700,    SUCCESS        2            3            1.55        3860.84            3862.39            3
    761        762,    SUCCESS        2            3            1.01        3862.39            3863.4            3
    68        69,    SUCCESS        2            3            0.56        3863.4            3863.96            3
    235        236,    SUCCESS        2            3            1.45        3863.96            3865.41            3
    703        704,    SUCCESS        2            3            1.51        3865.41            3866.92            3
    343        344,    SUCCESS        2            3            0.7        3866.92            3867.62            3
    657        658,    SUCCESS        2            3            0.83        3867.62            3868.45            3
    366        367,    SUCCESS        2            3            1.61        3868.45            3870.06            3
    390        391,    SUCCESS        2            3            1.61        3870.06            3871.67            3
    118        119,    SUCCESS        2            3            1.38        3871.67            3873.05            3
    444        445,    SUCCESS        2            3            0.73        3873.05            3873.78            3
    96        97,    SUCCESS        2            3            0.68        3873.78            3874.46            3
    72        73,    SUCCESS        2            3            0.59        3874.46            3875.05            3
    24        25,    SUCCESS        2            3            1.54        3875.05            3876.59            3
    560        561,    SUCCESS        2            3            0.69        3876.59            3877.28            3
    542        543,    SUCCESS        2            3            1.21        3877.28            3878.49            3
    487        488,    SUCCESS        2            15            48.65        3835.1            3883.75            2
    488        489,    SUCCESS        2            6            0.72        3883.75            3884.47            3
    503        504,    SUCCESS        2            15            63.27        3883.75            3947.02            2
    504        505,    SUCCESS        2            14            0.61        3947.02            3947.63            3
    215        216,    SUCCESS        2            15            0.69        3947.02            3947.71            3
    283        284,    SUCCESS        2            15            1.63        3947.71            3949.34            3
    661        662,    SUCCESS        2            15            0.65        3949.34            3949.99            3
    323        324,    SUCCESS        2            15            0.7        3949.99            3950.69            3
    675        676,    SUCCESS        2            15            0.58        3950.69            3951.27            3
    4        5,    SUCCESS        2            15            0.68        3951.27            3951.95            3
    512        513,    SUCCESS        2            15            1.49        3951.95            3953.44            3
    1        2,    SUCCESS        2            0            6.72        3947.02            3953.74            3
    627        628,    SUCCESS        2            15            0.56        3953.44            3954            3
    665        666,    SUCCESS        2            15            1.61        3954            3955.61            3
    64        65,    SUCCESS        2            15            0.69        3955.61            3956.3            3
    791        792,    SUCCESS        2            15            1.34        3956.3            3957.64            3
    28        29,    SUCCESS        2            15            0.94        3957.64            3958.58            3
    402        403,    SUCCESS        2            15            0.98        3958.58            3959.56            3
    22        23,    SUCCESS        2            15            0.91        3959.56            3960.47            3
    134        135,    SUCCESS        2            15            0.59        3960.47            3961.06            3
    92        93,    SUCCESS        2            15            0.6        3961.06            3961.66            3
    460        461,    SUCCESS        2            15            1        3961.66            3962.66            3
    140        141,    SUCCESS        2            15            0.79        3962.66            3963.45            3
    568        569,    SUCCESS        2            15            1.6        3963.45            3965.05            3
    438        439,    SUCCESS        2            15            0.55        3965.05            3965.6            3
    0        1,    SUCCESS        2            14            6.11        3965.6            3971.71            4