========== OUTPUT ==========
Job ID    Task ID    STATUS    Data center ID    VM ID        Time    Start Time    Finish Time    Depth
    600        Stage-in    SUCCESS        2            9            0.11        0.1            0.21            0
    2        3,    SUCCESS        2            18            2755.47        0.21            2755.68            1
    123        124,    SUCCESS        2            11            2772.45        0.21            2772.66            1
    11        12,    SUCCESS        2            15            41.68        2755.68            2797.36            2
    9        10,    SUCCESS        2            12            47.37        2755.68            2803.05            2
    29        30,    SUCCESS        2            3            50.09        2755.68            2805.78            2
    5        6,    SUCCESS        2            19            51.98        2755.68            2807.66            2
    51        52,    SUCCESS        2            7            54.25        2755.68            2809.93            2
    65        66,    SUCCESS        2            0            56.84        2755.68            2812.52            2
    49        50,    SUCCESS        2            4            58.43        2755.68            2814.11            2
    7        8,    SUCCESS        2            5            61.73        2755.68            2817.41            2
    3        4,    SUCCESS        2            6            64.55        2755.68            2820.24            2
    19        20,    SUCCESS        2            14            66.21        2755.68            2821.89            2
    13        14,    SUCCESS        2            2            66.36        2755.68            2822.04            2
    89        90,    SUCCESS        2            16            68.61        2755.68            2824.3            2
    21        22,    SUCCESS        2            17            73.67        2755.68            2829.35            2
    23        24,    SUCCESS        2            10            75.77        2755.68            2831.45            2
    27        28,    SUCCESS        2            15            35        2797.36            2832.36            2
    55        56,    SUCCESS        2            8            77.49        2755.68            2833.18            2
    15        16,    SUCCESS        2            13            83.64        2755.68            2839.32            2
    47        48,    SUCCESS        2            19            34.54        2807.66            2842.2            2
    17        18,    SUCCESS        2            6            24.35        2820.24            2844.59            2
    111        112,    SUCCESS        2            4            34.26        2814.11            2848.37            2
    63        64,    SUCCESS        2            5            32.34        2817.41            2849.75            2
    75        76,    SUCCESS        2            0            45.69        2812.52            2858.21            2
    184        185,    SUCCESS        2            1            85.92        2772.66            2858.59            2
    232        233,    SUCCESS        2            16            36.96        2824.3            2861.26            2
    25        26,    SUCCESS        2            12            60.26        2803.05            2863.31            2
    33        34,    SUCCESS        2            10            32.42        2831.45            2863.87            2
    57        58,    SUCCESS        2            3            58.46        2805.78            2864.24            2
    71        72,    SUCCESS        2            7            56.34        2809.93            2866.27            2
    81        82,    SUCCESS        2            17            40.14        2829.35            2869.49            2
    130        131,    SUCCESS        2            8            38.77        2833.18            2871.95            2
    433        434,    SUCCESS        2            11            103.36        2772.66            2876.02            1
    126        127,    SUCCESS        2            18            105.58        2772.66            2878.25            2
    35        36,    SUCCESS        2            2            62.81        2822.04            2884.86            2
    140        141,    SUCCESS        2            0            26.87        2858.21            2885.08            2
    115        116,    SUCCESS        2            15            53.03        2832.36            2885.39            2
    256        257,    SUCCESS        2            16            24.53        2861.26            2885.79            2
    12        13,    SUCCESS        2            16            0.86        2885.79            2886.65            3
    41        42,    SUCCESS        2            14            65.02        2821.89            2886.91            2
    128        129,    SUCCESS        2            19            54.88        2842.2            2897.08            2
    278        279,    SUCCESS        2            9            2897.37        0.21            2897.58            1
    93        94,    SUCCESS        2            17            28.91        2869.49            2898.4            2
    45        46,    SUCCESS        2            12            35.9        2863.31            2899.21            2
    154        155,    SUCCESS        2            8            30.7        2871.95            2902.65            2
    8        9,    SUCCESS        2            8            0.97        2902.65            2903.62            3
    43        44,    SUCCESS        2            13            64.74        2839.32            2904.06            2
    61        62,    SUCCESS        2            10            40.54        2863.87            2904.41            2
    14        15,    SUCCESS        2            8            1.22        2903.62            2904.84            3
    59        60,    SUCCESS        2            6            61.43        2844.59            2906.02            2
    90        91,    SUCCESS        2            8            1.49        2904.84            2906.33            3
    95        96,    SUCCESS        2            5            58.99        2849.75            2908.74            2
    434        435,    SUCCESS        2            16            22.2        2886.65            2908.85            2
    146        147,    SUCCESS        2            4            62.63        2848.37            2911.01            2
    172        173,    SUCCESS        2            18            37.65        2878.25            2915.9            2
    194        195,    SUCCESS        2            1            58.1        2858.59            2916.69            2
    77        78,    SUCCESS        2            14            34.86        2886.91            2921.77            2
    67        68,    SUCCESS        2            2            38.37        2884.86            2923.22            2
    83        84,    SUCCESS        2            3            60.58        2864.24            2924.82            2
    53        54,    SUCCESS        2            12            26.95        2899.21            2926.16            2
    69        70,    SUCCESS        2            13            25.46        2904.06            2929.52            2
    79        80,    SUCCESS        2            7            64        2866.27            2930.28            2
    119        120,    SUCCESS        2            15            48.37        2885.39            2933.76            2
    31        32,    SUCCESS        2            11            59.24        2876.02            2935.26            2
    166        167,    SUCCESS        2            0            51.58        2885.08            2936.66            2
    466        467,    SUCCESS        2            8            30.44        2906.33            2936.77            2
    73        74,    SUCCESS        2            9            44.78        2897.58            2942.36            2
    97        98,    SUCCESS        2            14            21.93        2921.77            2943.7            2
    170        171,    SUCCESS        2            4            34.46        2911.01            2945.47            2
    196        197,    SUCCESS        2            18            35.66        2915.9            2951.56            2
    85        86,    SUCCESS        2            10            49.92        2904.41            2954.33            2
    156        157,    SUCCESS        2            19            58.96        2897.08            2956.05            2
    113        114,    SUCCESS        2            5            50.04        2908.74            2958.78            2
    103        104,    SUCCESS        2            17            60.87        2898.4            2959.27            2
    107        108,    SUCCESS        2            6            53.42        2906.02            2959.44            2
    148        149,    SUCCESS        2            2            38.44        2923.22            2961.67            2
    91        92,    SUCCESS        2            12            35.96        2926.16            2962.12            2
    99        100,    SUCCESS        2            7            32.62        2930.28            2962.89            2
    252        253,    SUCCESS        2            1            46.32        2916.69            2963            2
    105        106,    SUCCESS        2            13            36.02        2929.52            2965.54            2
    472        473,    SUCCESS        2            16            58.16        2908.85            2967.01            2
    37        38,    SUCCESS        2            11            33.22        2935.26            2968.49            2
    476        477,    SUCCESS        2            8            38.34        2936.77            2975.11            2
    202        203,    SUCCESS        2            18            25.35        2951.56            2976.91            2
    87        88,    SUCCESS        2            10            23.66        2954.33            2977.99            2
    124        125,    SUCCESS        2            3            55.13        2924.82            2979.95            2
    101        102,    SUCCESS        2            14            38.65        2943.7            2982.35            2
    150        151,    SUCCESS        2            2            23.55        2961.67            2985.22            2
    460        461,    SUCCESS        2            1            25.35        2963            2988.35            2
    158        159,    SUCCESS        2            9            46.45        2942.36            2988.81            2
    136        137,    SUCCESS        2            13            26.13        2965.54            2991.67            2
    52        53,    SUCCESS        2            13            0.56        2991.67            2992.23            3
    176        177,    SUCCESS        2            4            50.82        2945.47            2996.29            2
    109        110,    SUCCESS        2            6            37.28        2959.44            2996.72            2
    164        165,    SUCCESS        2            15            63.61        2933.76            2997.38            2
    142        143,    SUCCESS        2            7            34.87        2962.89            2997.76            2
    20        21,    SUCCESS        2            7            1.59        2997.76            2999.35            3
    160        161,    SUCCESS        2            5            40.82        2958.78            2999.6            2
    24        25,    SUCCESS        2            7            1.46        2999.35            3000.81            3
    16        17,    SUCCESS        2            7            0.63        3000.81            3001.44            3
    192        193,    SUCCESS        2            0            65.08        2936.66            3001.74            2
    168        169,    SUCCESS        2            17            45.87        2959.27            3005.14            2
    568        569,    SUCCESS        2            8            32.96        2975.11            3008.07            2
    121        122,    SUCCESS        2            10            31.91        2977.99            3009.9            2
    258        259,    SUCCESS        2            19            59.09        2956.05            3015.14            2
    76        77,    SUCCESS        2            19            0.6        3015.14            3015.74            3
    39        40,    SUCCESS        2            11            48.43        2968.49            3016.92            2
    480        481,    SUCCESS        2            16            51.14        2967.01            3018.15            2
    210        211,    SUCCESS        2            2            34.88        2985.22            3020.1            2
    178        179,    SUCCESS        2            4            24.58        2996.29            3020.87            2
    117        118,    SUCCESS        2            14            40.24        2982.35            3022.59            2
    506        507,    SUCCESS        2            1            37.41        2988.35            3025.76            2
    144        145,    SUCCESS        2            12            64.01        2962.12            3026.13            2
    182        183,    SUCCESS        2            15            31.7        2997.38            3029.08            2
    230        231,    SUCCESS        2            18            52.45        2976.91            3029.36            2
    58        59,    SUCCESS        2            18            0.62        3029.36            3029.98            3
    162        163,    SUCCESS        2            5            30.49        2999.6            3030.09            2
    188        189,    SUCCESS        2            9            43.14        2988.81            3031.95            2
    438        439,    SUCCESS        2            13            44.93        2992.23            3037.16            2
    180        181,    SUCCESS        2            11            23.99        3016.92            3040.91            2
    212        213,    SUCCESS        2            2            21.86        3020.1            3041.96            2
    138        139,    SUCCESS        2            3            62.58        2979.95            3042.53            2
    132        133,    SUCCESS        2            10            33.7        3009.9            3043.6            2
    526        527,    SUCCESS        2            7            48.46        3001.44            3049.9            2
    200        201,    SUCCESS        2            0            49.73        3001.74            3051.47            2
    508        509,    SUCCESS        2            16            38.23        3018.15            3056.38            2
    134        135,    SUCCESS        2            6            61.71        2996.72            3058.43            2
    174        175,    SUCCESS        2            17            54.24        3005.14            3059.38            2
    452        453,    SUCCESS        2            18            30.59        3029.98            3060.57            2
    299        300,    SUCCESS        2            8            55.42        3008.07            3063.49            2
    190        191,    SUCCESS        2            15            39.26        3029.08            3068.34            2
    204        205,    SUCCESS        2            9            41.71        3031.95            3073.66            2
    291        292,    SUCCESS        2            19            58.67        3015.74            3074.41            2
    250        251,    SUCCESS        2            4            55.36        3020.87            3076.23            2
    345        346,    SUCCESS        2            7            26.93        3049.9            3076.83            2
    224        225,    SUCCESS        2            5            47.19        3030.09            3077.28            2
    198        199,    SUCCESS        2            14            55.97        3022.59            3078.56            2
    536        537,    SUCCESS        2            1            53.03        3025.76            3078.79            2
    186        187,    SUCCESS        2            11            39.48        3040.91            3080.39            2
    456        457,    SUCCESS        2            13            44.91        3037.16            3082.07            2
    532        533,    SUCCESS        2            16            25.85        3056.38            3082.23            2
    152        153,    SUCCESS        2            12            61.7        3026.13            3087.83            2
    50        51,    SUCCESS        2            12            0.76        3087.83            3088.59            3
    18        19,    SUCCESS        2            12            0.83        3088.59            3089.42            3
    264        265,    SUCCESS        2            0            42.29        3051.47            3093.76            2
    218        219,    SUCCESS        2            3            52.4        3042.53            3094.93            2
    214        215,    SUCCESS        2            10            57.96        3043.6            3101.56            2
    226        227,    SUCCESS        2            17            42.52        3059.38            3101.9            2
    220        221,    SUCCESS        2            2            60.78        3041.96            3102.74            2
    112        113,    SUCCESS        2            2            0.73        3102.74            3103.47            3
    82        83,    SUCCESS        2            2            1.09        3103.47            3104.56            3
    222        223,    SUCCESS        2            15            38.1        3068.34            3106.44            2
    323        324,    SUCCESS        2            8            47.17        3063.49            3110.66            2
    268        269,    SUCCESS        2            5            34.84        3077.28            3112.12            2
    10        11,    SUCCESS        2            5            0.85        3112.12            3112.97            3
    234        235,    SUCCESS        2            6            55.61        3058.43            3114.04            2
    48        49,    SUCCESS        2            5            1.18        3112.97            3114.15            3
    331        332,    SUCCESS        2            19            47.42        3074.41            3121.83            2
    458        459,    SUCCESS        2            18            63.3        3060.57            3123.87            2
    454        455,    SUCCESS        2            12            34.59        3089.42            3124.01            2
    216        217,    SUCCESS        2            10            22.93        3101.56            3124.49            2
    586        587,    SUCCESS        2            16            43.45        3082.23            3125.68            2
    464        465,    SUCCESS        2            13            44.35        3082.07            3126.42            2
    246        247,    SUCCESS        2            9            54.65        3073.66            3128.31            2
    242        243,    SUCCESS        2            3            35.04        3094.93            3129.97            2
    272        273,    SUCCESS        2            0            37.35        3093.76            3131.11            2
    66        67,    SUCCESS        2            0            1.4        3131.11            3132.51            3
    4        5,    SUCCESS        2            0            0.77        3132.51            3133.28            3
    185        186,    SUCCESS        2            0            0.57        3133.28            3133.85            3
    131        132,    SUCCESS        2            0            0.63        3133.85            3134.48            3
    440        441,    SUCCESS        2            4            60.28        3076.23            3136.51            2
    361        362,    SUCCESS        2            7            60.82        3076.83            3137.65            2
    54        55,    SUCCESS        2            7            1.1        3137.65            3138.75            3
    104        105,    SUCCESS        2            7            0.91        3138.75            3139.66            3
    88        89,    SUCCESS        2            7            0.86        3139.66            3140.52            3
    206        207,    SUCCESS        2            14            62.24        3078.56            3140.8            2
    177        178,    SUCCESS        2            7            1.08        3140.52            3141.6            3
    135        136,    SUCCESS        2            7            1.49        3141.6            3143.09            3
    584        585,    SUCCESS        2            1            64.78        3078.79            3143.57            2
    265        266,    SUCCESS        2            7            0.67        3143.09            3143.76            3
    208        209,    SUCCESS        2            11            64.55        3080.39            3144.94            2
    30        31,    SUCCESS        2            11            0.7        3144.94            3145.64            3
    444        445,    SUCCESS        2            2            41.67        3104.56            3146.23            2
    26        27,    SUCCESS        2            11            0.96        3145.64            3146.6            3
    470        471,    SUCCESS        2            12            25.84        3124.01            3149.85            2
    436        437,    SUCCESS        2            5            39.45        3114.15            3153.6            2
    592        593,    SUCCESS        2            16            30.12        3125.68            3155.8            2
    248        249,    SUCCESS        2            10            33.95        3124.49            3158.44            2
    482        483,    SUCCESS        2            4            23.32        3136.51            3159.83            2
    409        410,    SUCCESS        2            19            39.33        3121.83            3161.16            2
    240        241,    SUCCESS        2            6            48.98        3114.04            3163.02            2
    238        239,    SUCCESS        2            15            59.88        3106.44            3166.32            2
    244        245,    SUCCESS        2            17            65        3101.9            3166.9            2
    512        513,    SUCCESS        2            0            34.97        3134.48            3169.45            2
    353        354,    SUCCESS        2            8            63.92        3110.66            3174.58            2
    262        263,    SUCCESS        2            3            50.7        3129.97            3180.67            2
    228        229,    SUCCESS        2            14            40.63        3140.8            3181.43            2
    34        35,    SUCCESS        2            3            1.35        3180.67            3182.02            3
    274        275,    SUCCESS        2            9            55.33        3128.31            3183.64            2
    502        503,    SUCCESS        2            18            59.88        3123.87            3183.75            2
    478        479,    SUCCESS        2            2            38.17        3146.23            3184.4            2
    72        73,    SUCCESS        2            9            0.94        3183.64            3184.58            3
    548        549,    SUCCESS        2            13            61.23        3126.42            3187.65            2
    417        418,    SUCCESS        2            19            27.9        3161.16            3189.06            2
    46        47,    SUCCESS        2            19            1.32        3189.06            3190.38            3
    98        99,    SUCCESS        2            19            1.36        3190.38            3191.74            3
    100        101,    SUCCESS        2            19            0.77        3191.74            3192.51            3
    102        103,    SUCCESS        2            19            0.73        3192.51            3193.24            3
    137        138,    SUCCESS        2            19            0.84        3193.24            3194.08            3
    231        232,    SUCCESS        2            19            1.31        3194.08            3195.39            3
    201        202,    SUCCESS        2            19            0.81        3195.39            3196.2            3
    354        355,    SUCCESS        2            19            0.61        3196.2            3196.81            3
    275        276,    SUCCESS        2            19            1.03        3196.81            3197.84            3
    520        521,    SUCCESS        2            0            29.01        3169.45            3198.46            2
    484        485,    SUCCESS        2            4            41        3159.83            3200.83            2
    405        406,    SUCCESS        2            8            27.28        3174.58            3201.86            2
    448        449,    SUCCESS        2            11            55.38        3146.6            3201.97            2
    276        277,    SUCCESS        2            6            39.06        3163.02            3202.08            2
    277        278,    SUCCESS        2            7            0.91        3202.08            3202.99            3
    28        29,    SUCCESS        2            6            1.3        3202.08            3203.38            3
    490        491,    SUCCESS        2            5            52.07        3153.6            3205.67            2
    293        294,    SUCCESS        2            1            62.26        3143.57            3205.83            2
    474        475,    SUCCESS        2            12            57.1        3149.85            3206.95            2
    500        501,    SUCCESS        2            9            22.88        3184.58            3207.46            2
    325        326,    SUCCESS        2            16            55.77        3155.8            3211.57            2
    254        255,    SUCCESS        2            10            53.78        3158.44            3212.22            2
    492        493,    SUCCESS        2            17            48.84        3166.9            3215.74            2
    516        517,    SUCCESS        2            18            34.76        3183.75            3218.51            2
    270        271,    SUCCESS        2            15            54.9        3166.32            3221.22            2
    64        65,    SUCCESS        2            15            0.92        3221.22            3222.14            3
    442        443,    SUCCESS        2            3            44.18        3182.02            3226.2            2
    450        451,    SUCCESS        2            6            29.06        3203.38            3232.44            2
    590        591,    SUCCESS        2            12            26.87        3206.95            3233.82            2
    570        571,    SUCCESS        2            9            31.18        3207.46            3238.64            2
    42        43,    SUCCESS        2            9            1.25        3238.64            3239.89            3
    421        422,    SUCCESS        2            8            38.82        3201.86            3240.68            2
    122        123,    SUCCESS        2            8            0.73        3240.68            3241.41            3
    533        534,    SUCCESS        2            8            1.3        3241.41            3242.71            3
    494        495,    SUCCESS        2            11            40.85        3201.97            3242.82            2
    236        237,    SUCCESS        2            14            61.57        3181.43            3243            2
    215        216,    SUCCESS        2            8            1.6        3242.71            3244.31            3
    441        442,    SUCCESS        2            8            0.68        3244.31            3244.99            3
    451        452,    SUCCESS        2            8            0.93        3244.99            3245.92            3
    237        238,    SUCCESS        2            8            0.63        3245.92            3246.55            3
    486        487,    SUCCESS        2            2            64.48        3184.4            3248.88            2
    540        541,    SUCCESS        2            0            52.22        3198.46            3250.68            2
    554        555,    SUCCESS        2            13            64.33        3187.65            3251.98            2
    297        298,    SUCCESS        2            1            48.5        3205.83            3254.33            2
    462        463,    SUCCESS        2            3            31.86        3226.2            3258.06            2
    544        545,    SUCCESS        2            17            43.33        3215.74            3259.07            2
    463        464,    SUCCESS        2            8            1.15        3258.06            3259.21            3
    518        519,    SUCCESS        2            4            61.23        3200.83            3262.06            2
    339        340,    SUCCESS        2            16            52.6        3211.57            3264.17            2
    260        261,    SUCCESS        2            10            54.69        3212.22            3266.91            2
    542        543,    SUCCESS        2            6            34.72        3232.44            3267.16            2
    504        505,    SUCCESS        2            5            62.48        3205.67            3268.15            2
    6        7,    SUCCESS        2            10            1.45        3266.91            3268.36            3
    505        506,    SUCCESS        2            19            0.7        3268.15            3268.85            3
    22        23,    SUCCESS        2            10            1.47        3268.36            3269.83            3
    524        525,    SUCCESS        2            18            51.43        3218.51            3269.94            2
    56        57,    SUCCESS        2            10            1.22        3269.83            3271.05            3
    496        497,    SUCCESS        2            2            23.26        3248.88            3272.14            2
    530        531,    SUCCESS        2            15            55.74        3222.14            3277.88            2
    281        282,    SUCCESS        2            9            43.31        3239.89            3283.2            2
    598        599,    SUCCESS        2            0            32.63        3250.68            3283.31            2
    279        280,    SUCCESS        2            13            33.43        3251.98            3285.41            2
    562        563,    SUCCESS        2            17            31.4        3259.07            3290.47            2
    594        595,    SUCCESS        2            12            60.19        3233.82            3294.01            2
    514        515,    SUCCESS        2            3            36.06        3258.06            3294.12            2
    266        267,    SUCCESS        2            14            51.12        3243            3294.12            2
    36        37,    SUCCESS        2            12            0.64        3294.01            3294.65            3
    233        234,    SUCCESS        2            14            1.18        3294.12            3295.3            3
    550        551,    SUCCESS        2            11            55.87        3242.82            3298.69            2
    355        356,    SUCCESS        2            1            51.8        3254.33            3306.13            2
    356        357,    SUCCESS        2            19            1.3        3306.13            3307.44            3
    510        511,    SUCCESS        2            2            41.24        3272.14            3313.38            2
    283        284,    SUCCESS        2            9            31.36        3283.2            3314.56            2
    468        469,    SUCCESS        2            10            45.24        3271.05            3316.29            2
    363        364,    SUCCESS        2            12            21.99        3294.65            3316.64            2
    576        577,    SUCCESS        2            4            54.71        3262.06            3316.77            2
    364        365,    SUCCESS        2            7            1.62        3316.64            3318.26            3
    546        547,    SUCCESS        2            5            51.03        3268.15            3319.18            2
    127        128,    SUCCESS        2            5            0.69        3319.18            3319.87            3
    574        575,    SUCCESS        2            6            57.89        3267.16            3325.05            2
    552        553,    SUCCESS        2            18            57.44        3269.94            3327.38            2
    381        382,    SUCCESS        2            16            65.03        3264.17            3329.2            2
    285        286,    SUCCESS        2            13            45.28        3285.41            3330.69            2
    578        579,    SUCCESS        2            17            40.48        3290.47            3330.95            2
    94        95,    SUCCESS        2            13            1.37        3330.69            3332.06            3
    195        196,    SUCCESS        2            17            1.29        3330.95            3332.24            3
    155        156,    SUCCESS        2            13            0.94        3332.06            3333            3
    534        535,    SUCCESS        2            15            55.52        3277.88            3333.4            2
    84        85,    SUCCESS        2            17            1.27        3332.24            3333.51            3
    78        79,    SUCCESS        2            13            1.12        3333            3334.12            3
    151        152,    SUCCESS        2            17            0.9        3333.51            3334.41            3
    189        190,    SUCCESS        2            13            1        3334.12            3335.12            3
    143        144,    SUCCESS        2            17            1.61        3334.41            3336.02            3
    300        301,    SUCCESS        2            13            1.48        3335.12            3336.6            3
    213        214,    SUCCESS        2            17            0.7        3336.02            3336.71            3
    251        252,    SUCCESS        2            17            0.8        3336.71            3337.51            3
    513        514,    SUCCESS        2            13            1.51        3336.6            3338.11            3
    593        594,    SUCCESS        2            17            1.16        3337.51            3338.67            3
    271        272,    SUCCESS        2            13            1.18        3338.11            3339.29            3
    475        476,    SUCCESS        2            17            1.38        3338.67            3340.05            3
    535        536,    SUCCESS        2            13            0.87        3339.29            3340.16            3
    321        322,    SUCCESS        2            0            61.42        3283.31            3344.73            2
    322        323,    SUCCESS        2            13            1.43        3344.73            3346.16            3
    446        447,    SUCCESS        2            14            54.01        3295.3            3349.31            2
    317        318,    SUCCESS        2            9            35.39        3314.56            3349.95            2
    301        302,    SUCCESS        2            4            33.55        3316.77            3350.32            2
    556        557,    SUCCESS        2            3            60.1        3294.12            3354.22            2
    295        296,    SUCCESS        2            6            30.11        3325.05            3355.16            2
    596        597,    SUCCESS        2            11            59.39        3298.69            3358.08            2
    116        117,    SUCCESS        2            11            0.95        3358.08            3359.03            3
    303        304,    SUCCESS        2            5            39.92        3319.87            3359.79            2
    399        400,    SUCCESS        2            16            32.74        3329.2            3361.94            2
    400        401,    SUCCESS        2            17            0.72        3361.94            3362.66            3
    588        589,    SUCCESS        2            18            36.49        3327.38            3363.87            2
    377        378,    SUCCESS        2            12            48.65        3316.64            3365.29            2
    558        559,    SUCCESS        2            2            53.14        3313.38            3366.52            2
    488        489,    SUCCESS        2            10            53.51        3316.29            3369.8            2
    365        366,    SUCCESS        2            1            65.05        3306.13            3371.18            2
    366        367,    SUCCESS        2            8            0.75        3371.18            3371.94            3
    307        308,    SUCCESS        2            4            22.4        3350.32            3372.72            2
    560        561,    SUCCESS        2            15            51.47        3333.4            3384.87            2
    289        290,    SUCCESS        2            11            27.07        3359.03            3386.1            2
    141        142,    SUCCESS        2            15            1.51        3384.87            3386.38            3
    129        130,    SUCCESS        2            15            0.58        3386.38            3386.96            3
    427        428,    SUCCESS        2            0            43.11        3344.73            3387.84            2
    60        61,    SUCCESS        2            0            0.96        3387.84            3388.8            3
    580        581,    SUCCESS        2            3            34.83        3354.22            3389.05            2
    167        168,    SUCCESS        2            0            1.33        3388.8            3390.13            3
    114        115,    SUCCESS        2            0            0.71        3390.13            3390.84            3
    92        93,    SUCCESS        2            0            1.38        3390.84            3392.22            3
    569        570,    SUCCESS        2            0            1.22        3392.22            3393.44            3
    187        188,    SUCCESS        2            0            1.15        3393.44            3394.59            3
    585        586,    SUCCESS        2            0            1.05        3394.59            3395.64            3
    294        295,    SUCCESS        2            0            0.89        3395.64            3396.53            3
    487        488,    SUCCESS        2            0            0.64        3396.53            3397.17            3
    555        556,    SUCCESS        2            0            0.79        3397.17            3397.96            3
    577        578,    SUCCESS        2            0            0.72        3397.96            3398.68            3
    309        310,    SUCCESS        2            6            43.63        3355.16            3398.79            2
    547        548,    SUCCESS        2            0            0.56        3398.68            3399.24            3
    329        330,    SUCCESS        2            9            50.2        3349.95            3400.15            2
    310        311,    SUCCESS        2            17            1.42        3398.79            3400.21            3
    575        576,    SUCCESS        2            0            1.28        3399.24            3400.52            3
    564        565,    SUCCESS        2            2            34.53        3366.52            3401.05            2
    429        430,    SUCCESS        2            16            39.26        3361.94            3401.2            2
    589        590,    SUCCESS        2            0            0.98        3400.52            3401.5            3
    498        499,    SUCCESS        2            14            52.39        3349.31            3401.7            2
    489        490,    SUCCESS        2            0            0.84        3401.5            3402.34            3
    68        69,    SUCCESS        2            16            1.32        3401.2            3402.52            3
    120        121,    SUCCESS        2            16            1.57        3402.52            3404.09            3
    159        160,    SUCCESS        2            16            1.08        3404.09            3405.17            3
    161        162,    SUCCESS        2            16            1.21        3405.17            3406.38            3
    425        426,    SUCCESS        2            12            42.45        3365.29            3407.74            2
    227        228,    SUCCESS        2            16            1.61        3406.38            3407.99            3
    108        109,    SUCCESS        2            12            0.98        3407.74            3408.72            3
    426        427,    SUCCESS        2            7            1.12        3407.74            3408.86            3
    521        522,    SUCCESS        2            16            1.03        3407.99            3409.02            3
    406        407,    SUCCESS        2            16            0.61        3409.02            3409.63            3
    477        478,    SUCCESS        2            12            1.45        3408.72            3410.17            3
    559        560,    SUCCESS        2            16            1.3        3409.63            3410.93            3
    259        260,    SUCCESS        2            12            0.96        3410.17            3411.13            3
    501        502,    SUCCESS        2            12            0.66        3411.13            3411.79            3
    282        283,    SUCCESS        2            12            0.78        3411.79            3412.57            3
    280        281,    SUCCESS        2            12            0.72        3412.57            3413.29            3
    318        319,    SUCCESS        2            12            1.24        3413.29            3414.53            3
    304        305,    SUCCESS        2            12            0.83        3414.53            3415.36            3
    522        523,    SUCCESS        2            10            45.92        3369.8            3415.72            2
    305        306,    SUCCESS        2            18            51.96        3363.87            3415.83            2
    315        316,    SUCCESS        2            4            43.23        3372.72            3415.94            2
    523        524,    SUCCESS        2            16            1.16        3415.72            3416.88            3
    290        291,    SUCCESS        2            12            1.63        3415.36            3416.99            3
    411        412,    SUCCESS        2            1            46.74        3371.18            3417.92            2
    412        413,    SUCCESS        2            8            0.88        3417.92            3418.81            3
    387        388,    SUCCESS        2            5            59.5        3359.79            3419.29            2
    388        389,    SUCCESS        2            7            0.64        3419.29            3419.93            3
    341        342,    SUCCESS        2            3            34.89        3389.05            3423.94            2
    349        350,    SUCCESS        2            9            34.01        3400.15            3434.16            2
    367        368,    SUCCESS        2            11            48.17        3386.1            3434.27            2
    572        573,    SUCCESS        2            14            32.69        3401.7            3434.39            2
    368        369,    SUCCESS        2            12            0.63        3434.27            3434.9            3
    573        574,    SUCCESS        2            7            1.09        3434.39            3435.48            3
    319        320,    SUCCESS        2            6            42.46        3398.79            3441.25            2
    566        567,    SUCCESS        2            2            43.81        3401.05            3444.86            2
    373        374,    SUCCESS        2            15            58.38        3386.96            3445.34            2
    567        568,    SUCCESS        2            0            0.6        3444.86            3445.46            3
    374        375,    SUCCESS        2            17            1.46        3445.34            3446.8            3
    335        336,    SUCCESS        2            14            26.39        3434.39            3460.78            2
    413        414,    SUCCESS        2            5            42.35        3419.29            3461.64            2
    423        424,    SUCCESS        2            1            43.82        3417.92            3461.75            2
    336        337,    SUCCESS        2            19            1.37        3460.78            3462.15            3
    44        45,    SUCCESS        2            5            0.82        3461.64            3462.46            3
    455        456,    SUCCESS        2            1            1.38        3461.75            3463.13            3
    38        39,    SUCCESS        2            5            1.36        3462.46            3463.82            3
    327        328,    SUCCESS        2            18            48.09        3415.83            3463.93            2
    217        218,    SUCCESS        2            1            1.1        3463.13            3464.23            3
    527        528,    SUCCESS        2            5            1.58        3463.82            3465.4            3
    362        363,    SUCCESS        2            1            1.37        3464.23            3465.6            3
    571        572,    SUCCESS        2            1            1.03        3465.6            3466.63            3
    205        206,    SUCCESS        2            5            1.62        3465.4            3467.02            3
    422        423,    SUCCESS        2            1            0.92        3466.63            3467.55            3
    292        293,    SUCCESS        2            5            0.91        3467.02            3467.93            3
    316        317,    SUCCESS        2            1            0.67        3467.55            3468.22            3
    375        376,    SUCCESS        2            6            27.59        3441.25            3468.84            2
    343        344,    SUCCESS        2            4            53.17        3415.94            3469.11            2
    346        347,    SUCCESS        2            5            1.35        3467.93            3469.28            3
    273        274,    SUCCESS        2            5            1.45        3469.28            3470.73            3
    479        480,    SUCCESS        2            5            0.63        3470.73            3471.36            3
    485        486,    SUCCESS        2            5            1.18        3471.36            3472.54            3
    443        444,    SUCCESS        2            5            0.55        3472.54            3473.09            3
    531        532,    SUCCESS        2            5            0.59        3473.09            3473.68            3
    431        432,    SUCCESS        2            9            40.1        3434.16            3474.26            2
    447        448,    SUCCESS        2            5            0.99        3473.68            3474.67            3
    371        372,    SUCCESS        2            11            40.57        3434.27            3474.84            2
    173        174,    SUCCESS        2            11            0.59        3474.84            3475.43            3
    80        81,    SUCCESS        2            9            1.36        3474.26            3475.62            3
    557        558,    SUCCESS        2            5            1.51        3474.67            3476.18            3
    86        87,    SUCCESS        2            11            0.94        3475.43            3476.37            3
    125        126,    SUCCESS        2            9            0.94        3475.62            3476.56            3
    296        297,    SUCCESS        2            5            1.06        3476.18            3477.24            3
    110        111,    SUCCESS        2            11            1.48        3476.37            3477.85            3
    165        166,    SUCCESS        2            9            1.4        3476.56            3477.96            3
    581        582,    SUCCESS        2            5            0.86        3477.24            3478.1            3
    133        134,    SUCCESS        2            9            0.8        3477.96            3478.76            3
    139        140,    SUCCESS        2            11            1.02        3477.85            3478.87            3
    351        352,    SUCCESS        2            3            55.04        3423.94            3478.98            2
    528        529,    SUCCESS        2            10            63.43        3415.72            3479.15            2
    175        176,    SUCCESS        2            11            1.1        3478.87            3479.97            3
    324        325,    SUCCESS        2            9            1.6        3478.76            3480.36            3
    235        236,    SUCCESS        2            9            0.92        3480.36            3481.28            3
    219        220,    SUCCESS        2            11            1.5        3479.97            3481.47            3
    255        256,    SUCCESS        2            9            1.59        3481.28            3482.87            3
    517        518,    SUCCESS        2            11            1.51        3481.47            3482.98            3
    330        331,    SUCCESS        2            9            1.05        3482.87            3483.92            3
    591        592,    SUCCESS        2            11            1.05        3482.98            3484.03            3
    541        542,    SUCCESS        2            11            1.23        3484.03            3485.26            3
    306        307,    SUCCESS        2            9            1.52        3483.92            3485.44            3
    545        546,    SUCCESS        2            11            0.9        3485.26            3486.16            3
    342        343,    SUCCESS        2            9            0.9        3485.44            3486.34            3
    261        262,    SUCCESS        2            11            0.9        3486.16            3487.06            3
    344        345,    SUCCESS        2            9            0.99        3486.34            3487.33            3
    308        309,    SUCCESS        2            11            0.62        3487.06            3487.68            3
    565        566,    SUCCESS        2            11            1.15        3487.68            3488.83            3
    350        351,    SUCCESS        2            11            1.07        3488.83            3489.9            3
    383        384,    SUCCESS        2            4            26.03        3469.11            3495.14            2
    337        338,    SUCCESS        2            14            35.61        3460.78            3496.39            2
    384        385,    SUCCESS        2            16            1.38        3495.14            3496.52            3
    338        339,    SUCCESS        2            5            0.83        3496.39            3497.22            3
    147        148,    SUCCESS        2            14            1.11        3496.39            3497.5            3
    473        474,    SUCCESS        2            14            1.09        3497.5            3498.59            3
    203        204,    SUCCESS        2            14            1.25        3498.59            3499.84            3
    211        212,    SUCCESS        2            14            0.78        3499.84            3500.62            3
    183        184,    SUCCESS        2            14            1.41        3500.62            3502.03            3
    181        182,    SUCCESS        2            14            1.04        3502.03            3503.07            3
    459        460,    SUCCESS        2            14            1.57        3503.07            3504.64            3
    471        472,    SUCCESS        2            14            1.63        3504.64            3506.27            3
    229        230,    SUCCESS        2            14            1.6        3506.27            3507.87            3
    389        390,    SUCCESS        2            15            63.11        3445.34            3508.45            2
    582        583,    SUCCESS        2            2            64.02        3444.86            3508.87            2
    326        327,    SUCCESS        2            14            1.28        3507.87            3509.15            3
    583        584,    SUCCESS        2            19            1.21        3508.87            3510.09            3
    257        258,    SUCCESS        2            2            1.55        3508.87            3510.42            3
    579        580,    SUCCESS        2            14            1.41        3509.15            3510.56            3
    395        396,    SUCCESS        2            3            34.92        3478.98            3513.9            2
    407        408,    SUCCESS        2            6            49.23        3468.84            3518.07            2
    157        158,    SUCCESS        2            6            0.7        3518.07            3518.77            3
    333        334,    SUCCESS        2            18            54.97        3463.93            3518.9            2
    439        440,    SUCCESS        2            6            1.21        3518.77            3519.98            3
    385        386,    SUCCESS        2            4            25.6        3495.14            3520.74            2
    445        446,    SUCCESS        2            6            1.55        3519.98            3521.53            3
    386        387,    SUCCESS        2            0            0.89        3520.74            3521.64            3
    503        504,    SUCCESS        2            6            1.25        3521.53            3522.78            3
    599        600,    SUCCESS        2            6            0.95        3522.78            3523.73            3
    267        268,    SUCCESS        2            6            0.73        3523.73            3524.46            3
    538        539,    SUCCESS        2            10            45.87        3479.15            3525.02            2
    382        383,    SUCCESS        2            6            0.68        3524.46            3525.13            3
    539        540,    SUCCESS        2            14            1.25        3525.02            3526.27            3
    302        303,    SUCCESS        2            6            1.62        3525.13            3526.75            3
    378        379,    SUCCESS        2            6            1.04        3526.75            3527.79            3
    529        530,    SUCCESS        2            6            1.18        3527.79            3528.97            3
    391        392,    SUCCESS        2            15            41.43        3508.45            3549.88            2
    392        393,    SUCCESS        2            0            1.28        3549.88            3551.16            3
    40        41,    SUCCESS        2            15            1.35        3549.88            3551.23            3
    481        482,    SUCCESS        2            15            1.4        3551.23            3552.63            3
    453        454,    SUCCESS        2            15            0.95        3552.63            3553.58            3
    369        370,    SUCCESS        2            18            35.85        3518.9            3554.75            2
    199        200,    SUCCESS        2            15            1.6        3553.58            3555.18            3
    410        411,    SUCCESS        2            15            0.73        3555.18            3555.91            3
    491        492,    SUCCESS        2            15            0.87        3555.91            3556.78            3
    561        562,    SUCCESS        2            15            0.84        3556.78            3557.62            3
    430        431,    SUCCESS        2            15            1.56        3557.62            3559.18            3
    414        415,    SUCCESS        2            15            0.61        3559.18            3559.79            3
    424        425,    SUCCESS        2            15            1.62        3559.79            3561.41            3
    401        402,    SUCCESS        2            4            40.77        3520.74            3561.52            2
    287        288,    SUCCESS        2            10            36.75        3525.02            3561.77            2
    328        329,    SUCCESS        2            15            0.56        3561.41            3561.97            3
    432        433,    SUCCESS        2            15            0.6        3561.97            3562.57            3
    288        289,    SUCCESS        2            11            0.95        3561.77            3562.72            3
    402        403,    SUCCESS        2            8            1.54        3561.52            3563.06            3
    311        312,    SUCCESS        2            2            61.39        3510.42            3571.81            2
    419        420,    SUCCESS        2            3            61.39        3513.9            3575.29            2
    467        468,    SUCCESS        2            3            0.81        3575.29            3576.1            3
    420        421,    SUCCESS        2            12            1.27        3575.29            3576.56            3
    149        150,    SUCCESS        2            3            1.45        3576.1            3577.55            3
    106        107,    SUCCESS        2            3            0.88        3577.55            3578.43            3
    507        508,    SUCCESS        2            3            0.63        3578.43            3579.06            3
    191        192,    SUCCESS        2            3            1.6        3579.06            3580.66            3
    537        538,    SUCCESS        2            3            1.46        3580.66            3582.12            3
    332        333,    SUCCESS        2            3            1.09        3582.12            3583.21            3
    243        244,    SUCCESS        2            3            1.35        3583.21            3584.56            3
    483        484,    SUCCESS        2            3            1.09        3584.56            3585.65            3
    549        550,    SUCCESS        2            3            0.99        3585.65            3586.64            3
    519        520,    SUCCESS        2            3            0.83        3586.64            3587.47            3
    515        516,    SUCCESS        2            3            0.89        3587.47            3588.36            3
    469        470,    SUCCESS        2            3            1.44        3588.36            3589.8            3
    597        598,    SUCCESS        2            3            1.18        3589.8            3590.98            3
    428        429,    SUCCESS        2            3            1.51        3590.98            3592.49            3
    320        321,    SUCCESS        2            3            0.84        3592.49            3593.33            3
    372        373,    SUCCESS        2            3            1        3593.33            3594.33            3
    347        348,    SUCCESS        2            10            44.05        3561.77            3605.82            2
    379        380,    SUCCESS        2            18            51.53        3554.75            3606.28            2
    348        349,    SUCCESS        2            16            0.59        3605.82            3606.41            3
    380        381,    SUCCESS        2            3            1.51        3606.28            3607.79            3
    313        314,    SUCCESS        2            2            38.58        3571.81            3610.39            2
    314        315,    SUCCESS        2            8            1.41        3610.39            3611.81            3
    403        404,    SUCCESS        2            4            64.84        3561.52            3626.36            2
    404        405,    SUCCESS        2            1            1.06        3626.36            3627.42            3
    359        360,    SUCCESS        2            10            28.91        3605.82            3634.73            2
    171        172,    SUCCESS        2            10            0.79        3634.73            3635.52            3
    360        361,    SUCCESS        2            1            1.04        3634.73            3635.77            3
    197        198,    SUCCESS        2            10            0.66        3635.52            3636.18            3
    145        146,    SUCCESS        2            10            1.48        3636.18            3637.66            3
    509        510,    SUCCESS        2            10            0.9        3637.66            3638.56            3
    587        588,    SUCCESS        2            10            0.98        3638.56            3639.54            3
    209        210,    SUCCESS        2            10            0.81        3639.54            3640.35            3
    249        250,    SUCCESS        2            10            0.55        3640.35            3640.9            3
    493        494,    SUCCESS        2            10            0.85        3640.9            3641.75            3
    495        496,    SUCCESS        2            10            0.62        3641.75            3642.37            3
    551        552,    SUCCESS        2            10            0.83        3642.37            3643.2            3
    396        397,    SUCCESS        2            10            1.39        3643.2            3644.59            3
    408        409,    SUCCESS        2            10            0.68        3644.59            3645.27            3
    370        371,    SUCCESS        2            10            1.4        3645.27            3646.67            3
    357        358,    SUCCESS        2            2            41.74        3610.39            3652.13            2
    70        71,    SUCCESS        2            2            1.18        3652.13            3653.31            3
    358        359,    SUCCESS        2            7            1.29        3652.13            3653.43            3
    253        254,    SUCCESS        2            2            1.25        3653.31            3654.56            3
    118        119,    SUCCESS        2            2            1.09        3654.56            3655.65            3
    457        458,    SUCCESS        2            2            1.04        3655.65            3656.69            3
    221        222,    SUCCESS        2            2            1.28        3656.69            3657.97            3
    223        224,    SUCCESS        2            2            0.78        3657.97            3658.75            3
    269        270,    SUCCESS        2            2            0.96        3658.75            3659.71            3
    247        248,    SUCCESS        2            2            1.25        3659.71            3660.96            3
    241        242,    SUCCESS        2            2            0.87        3660.96            3661.83            3
    263        264,    SUCCESS        2            2            0.92        3661.83            3662.75            3
    418        419,    SUCCESS        2            2            1.21        3662.75            3663.96            3
    449        450,    SUCCESS        2            2            1.04        3663.96            3665            3
    340        341,    SUCCESS        2            2            0.96        3665            3665.96            3
    497        498,    SUCCESS        2            2            0.83        3665.96            3666.79            3
    563        564,    SUCCESS        2            2            0.82        3666.79            3667.61            3
    511        512,    SUCCESS        2            2            1.35        3667.61            3668.96            3
    393        394,    SUCCESS        2            18            63.27        3606.28            3669.55            2
    286        287,    SUCCESS        2            2            0.87        3668.96            3669.83            3
    499        500,    SUCCESS        2            2            1.38        3669.83            3671.21            3
    415        416,    SUCCESS        2            4            45.82        3626.36            3672.18            2
    352        353,    SUCCESS        2            2            1.16        3671.21            3672.37            3
    416        417,    SUCCESS        2            3            1.36        3672.18            3673.54            3
    62        63,    SUCCESS        2            4            1.47        3672.18            3673.65            3
    334        335,    SUCCESS        2            2            1.38        3672.37            3673.76            3
    96        97,    SUCCESS        2            4            1.2        3673.65            3674.85            3
    394        395,    SUCCESS        2            2            1.4        3673.76            3675.16            3
    74        75,    SUCCESS        2            4            0.84        3674.85            3675.69            3
    461        462,    SUCCESS        2            4            1.27        3675.69            3676.96            3
    193        194,    SUCCESS        2            4            0.98        3676.96            3677.94            3
    169        170,    SUCCESS        2            4            1.18        3677.94            3679.12            3
    179        180,    SUCCESS        2            4            0.6        3679.12            3679.72            3
    465        466,    SUCCESS        2            4            0.72        3679.72            3680.44            3
    207        208,    SUCCESS        2            4            1.38        3680.44            3681.82            3
    239        240,    SUCCESS        2            4            1.01        3681.82            3682.83            3
    245        246,    SUCCESS        2            4            1.31        3682.83            3684.14            3
    543        544,    SUCCESS        2            4            1.29        3684.14            3685.43            3
    525        526,    SUCCESS        2            4            1.08        3685.43            3686.51            3
    390        391,    SUCCESS        2            4            0.78        3686.51            3687.29            3
    312        313,    SUCCESS        2            4            0.78        3687.29            3688.07            3
    397        398,    SUCCESS        2            18            25.24        3669.55            3694.79            2
    398        399,    SUCCESS        2            13            0.78        3694.79            3695.57            3
    435        436,    SUCCESS        2            18            0.95        3694.79            3695.74            3
    32        33,    SUCCESS        2            18            1.43        3695.74            3697.17            3
    163        164,    SUCCESS        2            18            1.2        3697.17            3698.37            3
    225        226,    SUCCESS        2            18            0.98        3698.37            3699.35            3
    1        2,    SUCCESS        2            17            5.52        3694.79            3700.31            3
    153        154,    SUCCESS        2            18            1.07        3699.35            3700.42            3
    437        438,    SUCCESS        2            18            0.9        3700.42            3701.32            3
    298        299,    SUCCESS        2            18            1.55        3701.32            3702.87            3
    595        596,    SUCCESS        2            18            0.58        3702.87            3703.45            3
    284        285,    SUCCESS        2            18            1.54        3703.45            3704.99            3
    553        554,    SUCCESS        2            18            0.91        3704.99            3705.9            3
    376        377,    SUCCESS        2            18            1.19        3705.9            3707.09            3
    0        1,    SUCCESS        2            6            4.36        3707.09            3711.45            4
