========== OUTPUT ==========
Job ID    Task ID    STATUS    Data center ID    VM ID        Time    Start Time    Finish Time    Depth
    400        Stage-in    SUCCESS        2            9            0.11        0.1            0.21            0
    181        182,    SUCCESS        2            2            2770.09        0.21            2770.3            1
    2        3,    SUCCESS        2            13            2806.5        0.21            2806.71            1
    186        187,    SUCCESS        2            6            43.77        2770.3            2814.07            2
    200        201,    SUCCESS        2            12            47.23        2770.3            2817.53            2
    218        219,    SUCCESS        2            7            50.57        2770.3            2820.87            2
    188        189,    SUCCESS        2            3            50.98        2770.3            2821.28            2
    182        183,    SUCCESS        2            19            60.45        2770.3            2830.74            2
    228        229,    SUCCESS        2            0            62.58        2770.3            2832.88            2
    206        207,    SUCCESS        2            11            67.65        2770.3            2837.95            2
    202        203,    SUCCESS        2            2            67.7        2770.3            2838            2
    184        185,    SUCCESS        2            10            68.55        2770.3            2838.85            2
    194        195,    SUCCESS        2            16            68.98        2770.3            2839.28            2
    198        199,    SUCCESS        2            14            69.26        2770.3            2839.55            2
    290        291,    SUCCESS        2            15            69.39        2770.3            2839.69            2
    252        253,    SUCCESS        2            17            70.58        2770.3            2840.87            2
    232        233,    SUCCESS        2            5            72.08        2770.3            2842.38            2
    196        197,    SUCCESS        2            13            37.93        2806.71            2844.64            2
    208        209,    SUCCESS        2            12            29.45        2817.53            2846.98            2
    234        235,    SUCCESS        2            8            78.89        2770.3            2849.19            2
    212        213,    SUCCESS        2            18            81.66        2770.3            2851.96            2
    190        191,    SUCCESS        2            4            81.88        2770.3            2852.18            2
    248        249,    SUCCESS        2            9            82.01        2770.3            2852.31            2
    222        223,    SUCCESS        2            19            24.9        2830.74            2855.64            2
    220        221,    SUCCESS        2            1            86.76        2770.3            2857.06            2
    192        193,    SUCCESS        2            6            49.32        2814.07            2863.39            2
    224        225,    SUCCESS        2            12            21.85        2846.98            2868.83            2
    242        243,    SUCCESS        2            7            49.42        2820.87            2870.29            2
    250        251,    SUCCESS        2            3            51.38        2821.28            2872.66            2
    216        217,    SUCCESS        2            2            36.18        2838            2874.18            2
    302        303,    SUCCESS        2            16            35.7        2839.28            2874.98            2
    264        265,    SUCCESS        2            17            34.42        2840.87            2875.29            2
    226        227,    SUCCESS        2            18            23.44        2851.96            2875.4            2
    338        339,    SUCCESS        2            9            24.91        2852.31            2877.22            2
    258        259,    SUCCESS        2            8            30.26        2849.19            2879.45            2
    236        237,    SUCCESS        2            1            22.86        2857.06            2879.92            2
    204        205,    SUCCESS        2            10            42.08        2838.85            2880.93            2
    256        257,    SUCCESS        2            13            39.48        2844.64            2884.12            2
    246        247,    SUCCESS        2            4            32.72        2852.18            2884.9            2
    238        239,    SUCCESS        2            0            54.24        2832.88            2887.12            2
    210        211,    SUCCESS        2            11            53.27        2837.95            2891.22            2
    260        261,    SUCCESS        2            3            22.07        2872.66            2894.73            2
    244        245,    SUCCESS        2            14            56.43        2839.55            2895.98            2
    334        335,    SUCCESS        2            15            56.76        2839.69            2896.45            2
    254        255,    SUCCESS        2            5            56        2842.38            2898.38            2
    316        317,    SUCCESS        2            16            26.08        2874.98            2901.06            2
    298        299,    SUCCESS        2            12            39.41        2868.83            2908.24            2
    240        241,    SUCCESS        2            18            37.53        2875.4            2912.93            2
    274        275,    SUCCESS        2            11            22.06        2891.22            2913.28            2
    272        273,    SUCCESS        2            19            59.19        2855.64            2914.83            2
    284        285,    SUCCESS        2            2            43.59        2874.18            2917.77            2
    268        269,    SUCCESS        2            7            47.74        2870.29            2918.03            2
    214        215,    SUCCESS        2            6            59.34        2863.39            2922.73            2
    360        361,    SUCCESS        2            16            26.06        2901.06            2927.12            2
    266        267,    SUCCESS        2            13            44.73        2884.12            2928.85            2
    276        277,    SUCCESS        2            17            55.57        2875.29            2930.86            2
    262        263,    SUCCESS        2            14            35.59        2895.98            2931.57            2
    292        293,    SUCCESS        2            1            53.23        2879.92            2933.15            2
    394        395,    SUCCESS        2            9            58.7        2877.22            2935.92            2
    306        307,    SUCCESS        2            8            57.52        2879.45            2936.97            2
    312        313,    SUCCESS        2            10            60.32        2880.93            2941.25            2
    308        309,    SUCCESS        2            12            33.63        2908.24            2941.87            2
    280        281,    SUCCESS        2            0            55.76        2887.12            2942.88            2
    392        393,    SUCCESS        2            3            50.93        2894.73            2945.66            2
    296        297,    SUCCESS        2            2            31.41        2917.77            2949.18            2
    368        369,    SUCCESS        2            4            64.93        2884.9            2949.83            2
    282        283,    SUCCESS        2            5            55.58        2898.38            2953.96            2
    398        399,    SUCCESS        2            15            63.11        2896.45            2959.56            2
    288        289,    SUCCESS        2            19            50.23        2914.83            2965.06            2
    344        345,    SUCCESS        2            1            32.38        2933.15            2965.53            2
    230        231,    SUCCESS        2            6            44.38        2922.73            2967.11            2
    382        383,    SUCCESS        2            16            40.73        2927.12            2967.85            2
    326        327,    SUCCESS        2            11            58.58        2913.28            2971.86            2
    396        397,    SUCCESS        2            17            41.1        2930.86            2971.97            2
    286        287,    SUCCESS        2            13            45.28        2928.85            2974.13            2
    21        22,    SUCCESS        2            3            29.46        2945.66            2975.12            2
    310        311,    SUCCESS        2            18            62.93        2912.93            2975.86            2
    322        323,    SUCCESS        2            10            35.02        2941.25            2976.27            2
    270        271,    SUCCESS        2            7            62.25        2918.03            2980.28            2
    348        349,    SUCCESS        2            12            40.87        2941.87            2982.74            2
    314        315,    SUCCESS        2            2            37.7        2949.18            2986.88            2
    328        329,    SUCCESS        2            8            53.4        2936.97            2990.37            2
    294        295,    SUCCESS        2            14            61.61        2931.57            2993.18            2
    57        58,    SUCCESS        2            16            25.89        2967.85            2993.74            2
    3        4,    SUCCESS        2            9            58.26        2935.92            2994.18            2
    366        367,    SUCCESS        2            1            29.02        2965.53            2994.55            2
    324        325,    SUCCESS        2            0            55.57        2942.88            2998.45            2
    11        12,    SUCCESS        2            5            47.8        2953.96            3001.76            2
    300        301,    SUCCESS        2            13            32.1        2974.13            3006.23            2
    376        377,    SUCCESS        2            4            56.79        2949.83            3006.62            2
    43        44,    SUCCESS        2            3            31.72        2975.12            3006.84            2
    378        379,    SUCCESS        2            10            31.96        2976.27            3008.23            2
    7        8,    SUCCESS        2            12            32.38        2982.74            3015.12            2
    19        20,    SUCCESS        2            15            56.59        2959.56            3016.15            2
    278        279,    SUCCESS        2            7            36.8        2980.28            3017.08            2
    320        321,    SUCCESS        2            18            41.56        2975.86            3017.42            2
    318        319,    SUCCESS        2            14            24.87        2993.18            3018.05            2
    356        357,    SUCCESS        2            2            33.26        2986.88            3020.14            2
    330        331,    SUCCESS        2            19            55.9        2965.06            3020.96            2
    5        6,    SUCCESS        2            1            27.69        2994.55            3022.24            2
    304        305,    SUCCESS        2            6            60.37        2967.11            3027.48            2
    332        333,    SUCCESS        2            11            60.4        2971.86            3032.26            2
    51        52,    SUCCESS        2            17            62.58        2971.97            3034.55            2
    336        337,    SUCCESS        2            8            44.54        2990.37            3034.91            2
    9        10,    SUCCESS        2            9            44.11        2994.18            3038.29            2
    372        373,    SUCCESS        2            0            46.35        2998.45            3044.8            2
    53        54,    SUCCESS        2            3            41.94        3006.84            3048.78            2
    17        18,    SUCCESS        2            6            22.22        3027.48            3049.7            2
    127        128,    SUCCESS        2            16            58.27        2993.74            3052.01            2
    352        353,    SUCCESS        2            7            35.21        3017.08            3052.29            2
    189        190,    SUCCESS        2            16            0.86        3052.01            3052.87            3
    358        359,    SUCCESS        2            13            46.93        3006.23            3053.16            2
    47        48,    SUCCESS        2            10            45.25        3008.23            3053.48            2
    15        16,    SUCCESS        2            4            47.24        3006.62            3053.86            2
    29        30,    SUCCESS        2            12            38.9        3015.12            3054.02            2
    207        208,    SUCCESS        2            16            1.47        3052.87            3054.34            3
    55        56,    SUCCESS        2            5            53.03        3001.76            3054.79            2
    45        46,    SUCCESS        2            15            39.03        3016.15            3055.18            2
    213        214,    SUCCESS        2            16            1.38        3054.34            3055.72            3
    49        50,    SUCCESS        2            1            33.74        3022.24            3055.98            2
    241        242,    SUCCESS        2            16            1.01        3055.72            3056.73            3
    201        202,    SUCCESS        2            1            1.18        3055.98            3057.16            3
    223        224,    SUCCESS        2            1            0.66        3057.16            3057.82            3
    307        308,    SUCCESS        2            16            1.59        3056.73            3058.32            3
    225        226,    SUCCESS        2            1            1.28        3057.82            3059.1            3
    325        326,    SUCCESS        2            16            1.62        3058.32            3059.94            3
    350        351,    SUCCESS        2            8            25.19        3034.91            3060.1            2
    59        60,    SUCCESS        2            17            26.06        3034.55            3060.61            2
    247        248,    SUCCESS        2            1            1.62        3059.1            3060.72            3
    301        302,    SUCCESS        2            16            0.89        3059.94            3060.83            3
    335        336,    SUCCESS        2            1            0.98        3060.72            3061.7            3
    321        322,    SUCCESS        2            16            0.98        3060.83            3061.81            3
    273        274,    SUCCESS        2            1            0.66        3061.7            3062.36            3
    337        338,    SUCCESS        2            16            1        3061.81            3062.81            3
    395        396,    SUCCESS        2            1            0.93        3062.36            3063.29            3
    4        5,    SUCCESS        2            1            1.35        3063.29            3064.64            3
    50        51,    SUCCESS        2            1            1.14        3064.64            3065.78            3
    342        343,    SUCCESS        2            14            49.79        3018.05            3067.84            2
    343        344,    SUCCESS        2            1            0.66        3067.84            3068.5            3
    340        341,    SUCCESS        2            18            52.87        3017.42            3070.29            2
    354        355,    SUCCESS        2            11            40.44        3032.26            3072.7            2
    384        385,    SUCCESS        2            2            55.03        3020.14            3075.17            2
    380        381,    SUCCESS        2            19            58.33        3020.96            3079.29            2
    37        38,    SUCCESS        2            12            25.51        3054.02            3079.53            2
    71        72,    SUCCESS        2            6            29.94        3049.7            3079.64            2
    72        73,    SUCCESS        2            1            1.16        3079.64            3080.8            3
    67        68,    SUCCESS        2            10            31.94        3053.48            3085.42            2
    23        24,    SUCCESS        2            13            32.72        3053.16            3085.88            2
    83        84,    SUCCESS        2            3            37.37        3048.78            3086.15            2
    79        80,    SUCCESS        2            5            31.6        3054.79            3086.39            2
    89        90,    SUCCESS        2            4            39.12        3053.86            3092.98            2
    25        26,    SUCCESS        2            7            43.55        3052.29            3095.84            2
    13        14,    SUCCESS        2            2            22.74        3075.17            3097.91            2
    147        148,    SUCCESS        2            8            38.82        3060.1            3098.92            2
    195        196,    SUCCESS        2            8            1.26        3098.92            3100.18            3
    291        292,    SUCCESS        2            8            0.82        3100.18            3101            3
    27        28,    SUCCESS        2            0            57.04        3044.8            3101.84            2
    99        100,    SUCCESS        2            9            64.17        3038.29            3102.46            2
    233        234,    SUCCESS        2            8            1.61        3101            3102.61            3
    75        76,    SUCCESS        2            15            48.67        3055.18            3103.85            2
    77        78,    SUCCESS        2            6            24.31        3079.64            3103.96            2
    269        270,    SUCCESS        2            8            1.45        3102.61            3104.07            3
    364        365,    SUCCESS        2            14            36.63        3067.84            3104.47            2
    277        278,    SUCCESS        2            8            0.96        3104.07            3105.03            3
    91        92,    SUCCESS        2            12            26.18        3079.53            3105.71            2
    309        310,    SUCCESS        2            8            1.43        3105.03            3106.46            3
    30        31,    SUCCESS        2            8            1.14        3106.46            3107.6            3
    68        69,    SUCCESS        2            8            0.59        3107.6            3108.19            3
    80        81,    SUCCESS        2            8            1.22        3108.19            3109.41            3
    26        27,    SUCCESS        2            8            0.65        3109.41            3110.06            3
    65        66,    SUCCESS        2            17            53.94        3060.61            3114.55            2
    87        88,    SUCCESS        2            10            32.35        3085.42            3117.77            2
    137        138,    SUCCESS        2            4            30.16        3092.98            3123.14            2
    119        120,    SUCCESS        2            5            40.38        3086.39            3126.77            2
    362        363,    SUCCESS        2            11            55.88        3072.7            3128.58            2
    81        82,    SUCCESS        2            0            29.5        3101.84            3131.34            2
    33        34,    SUCCESS        2            19            53.49        3079.29            3132.78            2
    346        347,    SUCCESS        2            18            63.16        3070.29            3133.45            2
    93        94,    SUCCESS        2            3            49.24        3086.15            3135.39            2
    105        106,    SUCCESS        2            6            32.77        3103.96            3136.73            2
    374        375,    SUCCESS        2            14            34.68        3104.47            3139.15            2
    375        376,    SUCCESS        2            8            1.2        3139.15            3140.35            3
    131        132,    SUCCESS        2            7            46.57        3095.84            3142.41            2
    41        42,    SUCCESS        2            13            64.25        3085.88            3150.13            2
    63        64,    SUCCESS        2            19            23.31        3132.78            3156.09            2
    73        74,    SUCCESS        2            2            58.61        3097.91            3156.52            2
    85        86,    SUCCESS        2            15            55.07        3103.85            3158.92            2
    185        186,    SUCCESS        2            15            1.04        3158.92            3159.96            3
    193        194,    SUCCESS        2            15            0.68        3159.96            3160.64            3
    267        268,    SUCCESS        2            15            0.6        3160.64            3161.24            3
    393        394,    SUCCESS        2            15            1.51        3161.24            3162.75            3
    311        312,    SUCCESS        2            15            0.97        3162.75            3163.72            3
    16        17,    SUCCESS        2            15            0.66        3163.72            3164.38            3
    66        67,    SUCCESS        2            15            1.04        3164.38            3165.42            3
    42        43,    SUCCESS        2            15            1.36        3165.42            3166.78            3
    177        178,    SUCCESS        2            9            64.86        3102.46            3167.32            2
    125        126,    SUCCESS        2            0            36.9        3131.34            3168.24            2
    111        112,    SUCCESS        2            12            62.92        3105.71            3168.63            2
    103        104,    SUCCESS        2            10            51.85        3117.77            3169.62            2
    187        188,    SUCCESS        2            0            1.52        3168.24            3169.76            3
    107        108,    SUCCESS        2            3            34.72        3135.39            3170.11            2
    370        371,    SUCCESS        2            18            36.76        3133.45            3170.22            2
    251        252,    SUCCESS        2            0            0.93        3169.76            3170.69            3
    285        286,    SUCCESS        2            0            0.79        3170.69            3171.48            3
    305        306,    SUCCESS        2            0            0.72        3171.48            3172.2            3
    359        360,    SUCCESS        2            0            0.79        3172.2            3172.99            3
    143        144,    SUCCESS        2            17            58.55        3114.55            3173.1            2
    115        116,    SUCCESS        2            6            36.62        3136.73            3173.35            2
    217        218,    SUCCESS        2            6            0.85        3173.35            3174.2            3
    126        127,    SUCCESS        2            0            1.59        3172.99            3174.58            3
    355        356,    SUCCESS        2            6            1.02        3174.2            3175.22            3
    347        348,    SUCCESS        2            6            0.75        3175.22            3175.97            3
    144        145,    SUCCESS        2            6            0.7        3175.97            3176.67            3
    155        156,    SUCCESS        2            4            56.34        3123.14            3179.48            2
    123        124,    SUCCESS        2            5            58.7        3126.77            3185.47            2
    197        198,    SUCCESS        2            5            1.34        3185.47            3186.81            3
    265        266,    SUCCESS        2            5            1.02        3186.81            3187.83            3
    386        387,    SUCCESS        2            14            49.15        3139.15            3188.3            2
    239        240,    SUCCESS        2            5            1.09        3187.83            3188.92            3
    387        388,    SUCCESS        2            1            1.61        3188.3            3189.91            3
    215        216,    SUCCESS        2            5            1.49        3188.92            3190.41            3
    369        370,    SUCCESS        2            5            1.24        3190.41            3191.65            3
    390        391,    SUCCESS        2            11            63.27        3128.58            3191.85            2
    391        392,    SUCCESS        2            6            1.06        3191.85            3192.91            3
    173        174,    SUCCESS        2            7            50.63        3142.41            3193.04            2
    399        400,    SUCCESS        2            5            1.5        3191.65            3193.15            3
    113        114,    SUCCESS        2            2            37.06        3156.52            3193.58            2
    211        212,    SUCCESS        2            7            0.77        3193.04            3193.81            3
    323        324,    SUCCESS        2            5            1.49        3193.15            3194.64            3
    289        290,    SUCCESS        2            7            1.43        3193.81            3195.24            3
    315        316,    SUCCESS        2            5            1.56        3194.64            3196.2            3
    271        272,    SUCCESS        2            7            1.24        3195.24            3196.48            3
    12        13,    SUCCESS        2            7            0.75        3196.48            3197.23            3
    357        358,    SUCCESS        2            5            1.14        3196.2            3197.34            3
    10        11,    SUCCESS        2            7            0.65        3197.23            3197.88            3
    78        79,    SUCCESS        2            5            0.99        3197.34            3198.33            3
    159        160,    SUCCESS        2            17            25.8        3173.1            3198.9            2
    351        352,    SUCCESS        2            7            1.13        3197.88            3199.01            3
    88        89,    SUCCESS        2            5            1.18        3198.33            3199.51            3
    259        260,    SUCCESS        2            17            0.74        3198.9            3199.64            3
    365        366,    SUCCESS        2            7            1.57        3199.01            3200.58            3
    156        157,    SUCCESS        2            5            1.45        3199.51            3200.96            3
    295        296,    SUCCESS        2            17            1.43        3199.64            3201.07            3
    108        109,    SUCCESS        2            7            0.71        3200.58            3201.29            3
    28        29,    SUCCESS        2            17            1.59        3201.07            3202.66            3
    100        101,    SUCCESS        2            17            1.31        3202.66            3203.97            3
    174        175,    SUCCESS        2            17            1.1        3203.97            3205.07            3
    117        118,    SUCCESS        2            10            36        3169.62            3205.62            2
    114        115,    SUCCESS        2            17            1.42        3205.07            3206.49            3
    121        122,    SUCCESS        2            13            61.17        3150.13            3211.3            2
    122        123,    SUCCESS        2            5            1.03        3211.3            3212.33            3
    249        250,    SUCCESS        2            13            1.4        3211.3            3212.7            3
    297        298,    SUCCESS        2            13            1.32        3212.7            3214.02            3
    95        96,    SUCCESS        2            19            58.2        3156.09            3214.29            2
    279        280,    SUCCESS        2            13            1.35        3214.02            3215.37            3
    373        374,    SUCCESS        2            13            1.04        3215.37            3216.41            3
    353        354,    SUCCESS        2            13            1.25        3216.41            3217.66            3
    179        180,    SUCCESS        2            9            50.45        3167.32            3217.77            2
    381        382,    SUCCESS        2            13            0.77        3217.66            3218.43            3
    303        304,    SUCCESS        2            9            1.43        3217.77            3219.2            3
    92        93,    SUCCESS        2            13            0.92        3218.43            3219.35            3
    293        294,    SUCCESS        2            9            0.66        3219.2            3219.86            3
    327        328,    SUCCESS        2            9            1.26        3219.86            3221.12            3
    165        166,    SUCCESS        2            4            42.4        3179.48            3221.88            2
    20        21,    SUCCESS        2            9            1.6        3221.12            3222.72            3
    166        167,    SUCCESS        2            8            1.39        3221.88            3223.27            3
    120        121,    SUCCESS        2            9            1.54        3222.72            3224.26            3
    175        176,    SUCCESS        2            3            54.26        3170.11            3224.37            2
    176        177,    SUCCESS        2            9            1.27        3224.37            3225.64            3
    219        220,    SUCCESS        2            3            1.31        3224.37            3225.68            3
    257        258,    SUCCESS        2            3            1.18        3225.68            3226.86            3
    31        32,    SUCCESS        2            18            57.84        3170.22            3228.06            2
    255        256,    SUCCESS        2            3            1.6        3226.86            3228.46            3
    32        33,    SUCCESS        2            6            1.4        3228.06            3229.46            3
    349        350,    SUCCESS        2            3            1.11        3228.46            3229.57            3
    388        389,    SUCCESS        2            14            41.38        3188.3            3229.68            2
    329        330,    SUCCESS        2            3            0.68        3229.57            3230.25            3
    133        134,    SUCCESS        2            12            61.73        3168.63            3230.36            2
    389        390,    SUCCESS        2            15            0.87        3229.68            3230.55            3
    367        368,    SUCCESS        2            3            0.88        3230.25            3231.13            3
    134        135,    SUCCESS        2            7            0.86        3230.36            3231.22            3
    52        53,    SUCCESS        2            3            0.56        3231.13            3231.69            3
    385        386,    SUCCESS        2            3            1.15        3231.69            3232.84            3
    94        95,    SUCCESS        2            3            1.09        3232.84            3233.93            3
    64        65,    SUCCESS        2            3            1.46        3233.93            3235.39            3
    96        97,    SUCCESS        2            3            1.37        3235.39            3236.76            3
    69        70,    SUCCESS        2            11            45.3        3191.85            3237.15            2
    70        71,    SUCCESS        2            8            0.88        3237.15            3238.03            3
    129        130,    SUCCESS        2            10            44.05        3205.62            3249.67            2
    169        170,    SUCCESS        2            4            28.09        3221.88            3249.97            2
    130        131,    SUCCESS        2            13            1.14        3249.67            3250.81            3
    170        171,    SUCCESS        2            9            1.4        3249.97            3251.37            3
    203        204,    SUCCESS        2            4            1.51        3249.97            3251.48            3
    199        200,    SUCCESS        2            4            0.6        3251.48            3252.08            3
    209        210,    SUCCESS        2            4            1.14        3252.08            3253.22            3
    139        140,    SUCCESS        2            2            60.5        3193.58            3254.08            2
    235        236,    SUCCESS        2            4            1.51        3253.22            3254.73            3
    317        318,    SUCCESS        2            2            1.2        3254.08            3255.28            3
    275        276,    SUCCESS        2            4            0.66        3254.73            3255.39            3
    231        232,    SUCCESS        2            2            1.53        3255.28            3256.81            3
    281        282,    SUCCESS        2            4            1.53        3255.39            3256.92            3
    383        384,    SUCCESS        2            2            0.64        3256.81            3257.45            3
    149        150,    SUCCESS        2            19            43.87        3214.29            3258.16            2
    345        346,    SUCCESS        2            4            1.35        3256.92            3258.27            3
    377        378,    SUCCESS        2            2            0.97        3257.45            3258.42            3
    24        25,    SUCCESS        2            4            0.63        3258.27            3258.9            3
    339        340,    SUCCESS        2            19            0.87        3258.16            3259.03            3
    14        15,    SUCCESS        2            4            0.55        3258.9            3259.45            3
    331        332,    SUCCESS        2            2            1.3        3258.42            3259.72            3
    124        125,    SUCCESS        2            4            0.72        3259.45            3260.17            3
    299        300,    SUCCESS        2            19            1.49        3259.03            3260.52            3
    160        161,    SUCCESS        2            2            1.25        3259.72            3260.97            3
    46        47,    SUCCESS        2            19            1.3        3260.52            3261.82            3
    86        87,    SUCCESS        2            19            0.84        3261.82            3262.66            3
    371        372,    SUCCESS        2            19            1.44        3262.66            3264.1            3
    35        36,    SUCCESS        2            14            35.86        3229.68            3265.54            2
    180        181,    SUCCESS        2            19            1.55        3264.1            3265.65            3
    135        136,    SUCCESS        2            12            37.32        3230.36            3267.68            2
    136        137,    SUCCESS        2            19            1.43        3267.68            3269.11            3
    97        98,    SUCCESS        2            11            43.2        3237.15            3280.35            2
    98        99,    SUCCESS        2            19            1.1        3280.35            3281.45            3
    39        40,    SUCCESS        2            18            58.98        3228.06            3287.04            2
    40        41,    SUCCESS        2            16            1.46        3287.04            3288.5            3
    145        146,    SUCCESS        2            12            22.03        3267.68            3289.71            2
    146        147,    SUCCESS        2            8            1.13        3289.71            3290.84            3
    61        62,    SUCCESS        2            14            30.31        3265.54            3295.85            2
    62        63,    SUCCESS        2            16            0.98        3295.85            3296.83            3
    141        142,    SUCCESS        2            10            50.9        3249.67            3300.57            2
    101        102,    SUCCESS        2            11            29.83        3280.35            3310.18            2
    102        103,    SUCCESS        2            4            0.64        3310.18            3310.82            3
    163        164,    SUCCESS        2            18            30.86        3287.04            3317.9            2
    151        152,    SUCCESS        2            12            28.37        3289.71            3318.08            2
    164        165,    SUCCESS        2            19            0.55        3317.9            3318.45            3
    183        184,    SUCCESS        2            18            1.51        3317.9            3319.41            3
    229        230,    SUCCESS        2            18            1.59        3319.41            3321            3
    227        228,    SUCCESS        2            18            1.23        3321            3322.23            3
    283        284,    SUCCESS        2            18            1.47        3322.23            3323.7            3
    287        288,    SUCCESS        2            18            0.72        3323.7            3324.42            3
    379        380,    SUCCESS        2            18            1.29        3324.42            3325.71            3
    8        9,    SUCCESS        2            18            1.12        3325.71            3326.83            3
    18        19,    SUCCESS        2            18            0.82        3326.83            3327.65            3
    56        57,    SUCCESS        2            18            1.29        3327.65            3328.94            3
    341        342,    SUCCESS        2            18            1.51        3328.94            3330.45            3
    76        77,    SUCCESS        2            18            1.12        3330.45            3331.57            3
    132        133,    SUCCESS        2            18            0.89        3331.57            3332.46            3
    140        141,    SUCCESS        2            18            1.16        3332.46            3333.62            3
    161        162,    SUCCESS        2            10            50.6        3300.57            3351.17            2
    167        168,    SUCCESS        2            14            55.52        3295.85            3351.37            2
    253        254,    SUCCESS        2            10            0.97        3351.17            3352.14            3
    205        206,    SUCCESS        2            14            0.88        3351.37            3352.25            3
    162        163,    SUCCESS        2            15            1.42        3351.17            3352.59            3
    261        262,    SUCCESS        2            14            0.81        3352.25            3353.06            3
    191        192,    SUCCESS        2            10            1.11        3352.14            3353.25            3
    22        23,    SUCCESS        2            14            0.63        3353.06            3353.69            3
    243        244,    SUCCESS        2            10            1.23        3353.25            3354.48            3
    58        59,    SUCCESS        2            14            0.95        3353.69            3354.64            3
    319        320,    SUCCESS        2            10            0.8        3354.48            3355.28            3
    44        45,    SUCCESS        2            14            1.32        3354.64            3355.96            3
    138        139,    SUCCESS        2            10            0.79        3355.28            3356.07            3
    333        334,    SUCCESS        2            14            0.94        3355.96            3356.9            3
    363        364,    SUCCESS        2            10            1.16        3356.07            3357.23            3
    82        83,    SUCCESS        2            10            1.06        3357.23            3358.29            3
    60        61,    SUCCESS        2            14            1.5        3356.9            3358.4            3
    84        85,    SUCCESS        2            14            0.7        3358.4            3359.1            3
    178        179,    SUCCESS        2            10            1.09        3358.29            3359.38            3
    90        91,    SUCCESS        2            14            1.05        3359.1            3360.15            3
    112        113,    SUCCESS        2            10            1.18        3359.38            3360.56            3
    104        105,    SUCCESS        2            10            0.83        3360.56            3361.39            3
    106        107,    SUCCESS        2            14            1.63        3360.15            3361.78            3
    116        117,    SUCCESS        2            10            1.25        3361.39            3362.64            3
    36        37,    SUCCESS        2            14            1.17        3361.78            3362.95            3
    118        119,    SUCCESS        2            10            1.29        3362.64            3363.93            3
    142        143,    SUCCESS        2            14            1.36        3362.95            3364.31            3
    152        153,    SUCCESS        2            14            0.68        3364.31            3364.99            3
    150        151,    SUCCESS        2            10            1.45        3363.93            3365.38            3
    168        169,    SUCCESS        2            14            0.73        3364.99            3365.72            3
    109        110,    SUCCESS        2            11            63.6        3310.18            3373.78            2
    110        111,    SUCCESS        2            18            1.39        3373.78            3375.17            3
    171        172,    SUCCESS        2            12            58.12        3318.08            3376.2            2
    172        173,    SUCCESS        2            8            0.89        3376.2            3377.09            3
    245        246,    SUCCESS        2            12            1.29        3376.2            3377.49            3
    263        264,    SUCCESS        2            12            0.77        3377.49            3378.26            3
    313        314,    SUCCESS        2            12            0.71        3378.26            3378.97            3
    48        49,    SUCCESS        2            12            0.61        3378.97            3379.58            3
    38        39,    SUCCESS        2            12            1.06        3379.58            3380.64            3
    34        35,    SUCCESS        2            12            0.99        3380.64            3381.63            3
    74        75,    SUCCESS        2            12            0.63        3381.63            3382.26            3
    153        154,    SUCCESS        2            11            24.02        3373.78            3397.8            2
    154        155,    SUCCESS        2            6            0.73        3397.8            3398.53            3
    157        158,    SUCCESS        2            11            47.27        3397.8            3445.07            2
    221        222,    SUCCESS        2            11            0.93        3445.07            3446            3
    1        2,    SUCCESS        2            17            0.93        3445.07            3446            3
    237        238,    SUCCESS        2            11            1.03        3446            3447.03            3
    361        362,    SUCCESS        2            11            1.01        3447.03            3448.04            3
    397        398,    SUCCESS        2            11            0.69        3448.04            3448.73            3
    6        7,    SUCCESS        2            11            1.58        3448.73            3450.31            3
    54        55,    SUCCESS        2            11            1.17        3450.31            3451.48            3
    128        129,    SUCCESS        2            11            1.29        3451.48            3452.77            3
    148        149,    SUCCESS        2            11            1.02        3452.77            3453.79            3
    158        159,    SUCCESS        2            11            1.43        3453.79            3455.22            3
    0        1,    SUCCESS        2            3            0.67        3455.22            3455.89            4
