========== OUTPUT ==========
Job ID    Task ID    STATUS    Data center ID    VM ID        Time    Start Time    Finish Time    Depth
    200        Stage-in    SUCCESS        2            5            0.11        0.1            0.21            0
    2        3,    SUCCESS        2            9            2777.26        0.21            2777.47            1
    5        6,    SUCCESS        2            18            54.22        2777.47            2831.69            2
    11        12,    SUCCESS        2            14            55.73        2777.47            2833.2            2
    49        50,    SUCCESS        2            9            57.95        2777.47            2835.42            2
    9        10,    SUCCESS        2            0            58        2777.47            2835.47            2
    69        70,    SUCCESS        2            11            59.34        2777.47            2836.81            2
    17        18,    SUCCESS        2            16            59.69        2777.47            2837.16            2
    13        14,    SUCCESS        2            2            60.37        2777.47            2837.84            2
    70        71,    SUCCESS        2            17            1.04        2836.81            2837.85            3
    18        19,    SUCCESS        2            17            0.88        2837.85            2838.73            3
    61        62,    SUCCESS        2            6            61.87        2777.47            2839.34            2
    37        38,    SUCCESS        2            10            67.03        2777.47            2844.5            2
    63        64,    SUCCESS        2            13            67.72        2777.47            2845.19            2
    3        4,    SUCCESS        2            1            67.77        2777.47            2845.24            2
    15        16,    SUCCESS        2            12            67.88        2777.47            2845.35            2
    50        51,    SUCCESS        2            13            1.53        2845.19            2846.72            3
    91        92,    SUCCESS        2            8            2851.3        0.21            2851.51            1
    35        36,    SUCCESS        2            4            74.24        2777.47            2851.71            2
    7        8,    SUCCESS        2            5            76.56        2777.47            2854.03            2
    33        34,    SUCCESS        2            7            78.12        2777.47            2855.59            2
    25        26,    SUCCESS        2            14            25.98        2833.2            2859.18            2
    23        24,    SUCCESS        2            3            82.45        2777.47            2859.92            2
    31        32,    SUCCESS        2            2            30.14        2837.84            2867.97            2
    57        58,    SUCCESS        2            10            27.79        2844.5            2872.29            2
    27        28,    SUCCESS        2            15            96.75        2777.47            2874.22            2
    77        78,    SUCCESS        2            11            42.66        2836.81            2879.47            2
    51        52,    SUCCESS        2            16            42.66        2837.16            2879.82            2
    64        65,    SUCCESS        2            16            1.18        2879.82            2881            3
    71        72,    SUCCESS        2            18            50.41        2831.69            2882.1            2
    19        20,    SUCCESS        2            12            37.59        2845.35            2882.94            2
    16        17,    SUCCESS        2            18            1.03        2882.1            2883.13            3
    4        5,    SUCCESS        2            12            0.8        2882.94            2883.74            3
    75        76,    SUCCESS        2            9            48.49        2835.42            2883.91            2
    55        56,    SUCCESS        2            14            26.63        2859.18            2885.81            2
    43        44,    SUCCESS        2            0            51.39        2835.47            2886.86            2
    47        48,    SUCCESS        2            4            37.22        2851.71            2888.93            2
    6        7,    SUCCESS        2            4            0.61        2888.93            2889.54            3
    12        13,    SUCCESS        2            4            0.74        2889.54            2890.28            3
    39        40,    SUCCESS        2            1            52.37        2845.24            2897.61            2
    92        93,    SUCCESS        2            19            54.1        2851.51            2905.6            2
    53        54,    SUCCESS        2            7            54.93        2855.59            2910.52            2
    96        97,    SUCCESS        2            3            52.5        2859.92            2912.42            2
    79        80,    SUCCESS        2            10            40.32        2872.29            2912.61            2
    29        30,    SUCCESS        2            15            41.48        2874.22            2915.7            2
    21        22,    SUCCESS        2            5            62.46        2854.03            2916.49            2
    150        151,    SUCCESS        2            8            65.12        2851.51            2916.63            2
    10        11,    SUCCESS        2            5            0.57        2916.49            2917.06            3
    89        90,    SUCCESS        2            11            46.12        2879.47            2925.59            2
    45        46,    SUCCESS        2            0            39.75        2886.86            2926.61            2
    14        15,    SUCCESS        2            0            1.3        2926.61            2927.91            3
    134        135,    SUCCESS        2            13            77.81        2851.51            2929.32            2
    67        68,    SUCCESS        2            14            45.85        2885.81            2931.66            2
    81        82,    SUCCESS        2            9            48.42        2883.91            2932.33            2
    98        99,    SUCCESS        2            6            80.88        2851.51            2932.39            2
    87        88,    SUCCESS        2            2            65.02        2867.97            2932.99            2
    38        39,    SUCCESS        2            9            0.84        2932.33            2933.17            3
    62        63,    SUCCESS        2            14            1.62        2931.66            2933.28            3
    140        141,    SUCCESS        2            18            53.39        2883.13            2936.52            2
    156        157,    SUCCESS        2            16            56.84        2881            2937.84            2
    141        142,    SUCCESS        2            3            1.61        2936.52            2938.13            3
    152        153,    SUCCESS        2            12            55.3        2883.74            2939.04            2
    100        101,    SUCCESS        2            17            88.67        2851.51            2940.18            2
    198        199,    SUCCESS        2            5            24.01        2917.06            2941.07            2
    93        94,    SUCCESS        2            5            0.82        2941.07            2941.89            3
    118        119,    SUCCESS        2            4            54.29        2890.28            2944.57            2
    126        127,    SUCCESS        2            19            41.78        2905.6            2947.38            2
    164        165,    SUCCESS        2            9            22.18        2933.17            2955.35            2
    85        86,    SUCCESS        2            10            43.27        2912.61            2955.88            2
    90        91,    SUCCESS        2            9            1.5        2955.35            2956.85            3
    65        66,    SUCCESS        2            1            60.04        2897.61            2957.65            2
    154        155,    SUCCESS        2            13            28.51        2929.32            2957.83            2
    99        100,    SUCCESS        2            9            1.2        2956.85            2958.05            3
    153        154,    SUCCESS        2            9            0.94        2958.05            2958.99            3
    108        109,    SUCCESS        2            14            26.03        2933.28            2959.31            2
    41        42,    SUCCESS        2            15            44.71        2915.7            2960.41            2
    114        115,    SUCCESS        2            7            50.59        2910.52            2961.11            2
    42        43,    SUCCESS        2            5            0.85        2960.41            2961.26            3
    101        102,    SUCCESS        2            7            1.18        2961.11            2962.29            3
    109        110,    SUCCESS        2            7            1.09        2962.29            2963.38            3
    124        125,    SUCCESS        2            17            27.44        2940.18            2967.62            2
    36        37,    SUCCESS        2            17            1.23        2967.62            2968.85            3
    34        35,    SUCCESS        2            17            1.19        2968.85            2970.04            3
    58        59,    SUCCESS        2            17            0.74        2970.04            2970.78            3
    20        21,    SUCCESS        2            17            1.39        2970.78            2972.17            3
    86        87,    SUCCESS        2            17            1.18        2972.17            2973.35            3
    128        129,    SUCCESS        2            19            27.13        2947.38            2974.51            2
    129        130,    SUCCESS        2            18            1.03        2974.51            2975.55            3
    162        163,    SUCCESS        2            11            50.11        2925.59            2975.7            2
    120        121,    SUCCESS        2            6            48.78        2932.39            2981.17            2
    73        74,    SUCCESS        2            1            30.78        2957.65            2988.43            2
    180        181,    SUCCESS        2            2            56.07        2932.99            2989.06            2
    181        182,    SUCCESS        2            17            0.97        2989.06            2990.03            3
    174        175,    SUCCESS        2            13            32.9        2957.83            2990.73            2
    172        173,    SUCCESS        2            16            53.45        2937.84            2991.29            2
    175        176,    SUCCESS        2            17            1.45        2990.73            2992.18            3
    102        103,    SUCCESS        2            0            64.78        2927.91            2992.69            2
    78        79,    SUCCESS        2            16            1.54        2991.29            2992.83            3
    56        57,    SUCCESS        2            16            0.59        2992.83            2993.42            3
    166        167,    SUCCESS        2            4            48.96        2944.57            2993.53            2
    116        117,    SUCCESS        2            10            38.17        2955.88            2994.05            2
    97        98,    SUCCESS        2            4            0.69        2993.53            2994.22            3
    135        136,    SUCCESS        2            4            0.77        2994.22            2994.99            3
    157        158,    SUCCESS        2            16            1.68        2993.42            2995.1            3
    117        118,    SUCCESS        2            7            1.32        2994.05            2995.37            3
    165        166,    SUCCESS        2            16            1.59        2995.1            2996.69            3
    103        104,    SUCCESS        2            16            0.94        2996.69            2997.63            3
    136        137,    SUCCESS        2            19            26.11        2974.51            3000.62            2
    176        177,    SUCCESS        2            12            64.64        2939.04            3003.68            2
    170        171,    SUCCESS        2            11            28.31        2975.7            3004.01            2
    171        172,    SUCCESS        2            4            0.93        3004.01            3004.94            3
    26        27,    SUCCESS        2            11            1.01        3004.01            3005.02            3
    46        47,    SUCCESS        2            11            0.99        3005.02            3006.01            3
    59        60,    SUCCESS        2            15            46.77        2960.41            3007.18            2
    130        131,    SUCCESS        2            14            48.66        2959.31            3007.97            2
    131        132,    SUCCESS        2            8            0.58        3007.97            3008.55            3
    132        133,    SUCCESS        2            6            31.25        2981.17            3012.42            2
    110        111,    SUCCESS        2            0            28.79        2992.69            3021.48            2
    178        179,    SUCCESS        2            13            35.64        2990.73            3026.37            2
    138        139,    SUCCESS        2            19            39.71        3000.62            3040.33            2
    104        105,    SUCCESS        2            15            33.52        3007.18            3040.7            2
    188        189,    SUCCESS        2            2            53.67        2989.06            3042.73            2
    83        84,    SUCCESS        2            1            54.5        2988.43            3042.93            2
    24        25,    SUCCESS        2            2            0.58        3042.73            3043.31            3
    54        55,    SUCCESS        2            2            1.12        3043.31            3044.43            3
    22        23,    SUCCESS        2            2            0.59        3044.43            3045.02            3
    121        122,    SUCCESS        2            2            1.4        3045.02            3046.42            3
    194        195,    SUCCESS        2            12            45.5        3003.68            3049.18            2
    195        196,    SUCCESS        2            7            0.92        3049.18            3050.1            3
    184        185,    SUCCESS        2            10            56.95        2994.05            3051            2
    30        31,    SUCCESS        2            10            0.87        3051            3051.87            3
    68        69,    SUCCESS        2            10            1.13        3051.87            3053            3
    119        120,    SUCCESS        2            10            0.84        3053            3053.84            3
    112        113,    SUCCESS        2            0            32.59        3021.48            3054.07            2
    125        126,    SUCCESS        2            10            0.67        3053.84            3054.51            3
    113        114,    SUCCESS        2            11            1.38        3054.07            3055.45            3
    105        106,    SUCCESS        2            10            1.05        3054.51            3055.56            3
    185        186,    SUCCESS        2            10            0.65        3055.56            3056.21            3
    160        161,    SUCCESS        2            6            44        3012.42            3056.42            2
    161        162,    SUCCESS        2            17            0.86        3056.42            3057.28            3
    192        193,    SUCCESS        2            13            34        3026.37            3060.37            2
    193        194,    SUCCESS        2            3            0.6        3060.37            3060.97            3
    155        156,    SUCCESS        2            13            0.67        3060.37            3061.04            3
    179        180,    SUCCESS        2            13            0.96        3061.04            3062            3
    189        190,    SUCCESS        2            13            0.63        3062            3062.63            3
    84        85,    SUCCESS        2            13            1.07        3062.63            3063.7            3
    122        123,    SUCCESS        2            15            24.16        3040.7            3064.86            2
    144        145,    SUCCESS        2            14            57.58        3007.97            3065.55            2
    44        45,    SUCCESS        2            14            0.98        3065.55            3066.53            3
    145        146,    SUCCESS        2            4            1.07        3065.55            3066.62            3
    48        49,    SUCCESS        2            14            1.12        3066.53            3067.65            3
    151        152,    SUCCESS        2            14            1.56        3067.65            3069.21            3
    82        83,    SUCCESS        2            14            1.25        3069.21            3070.46            3
    88        89,    SUCCESS        2            14            1.47        3070.46            3071.93            3
    133        134,    SUCCESS        2            14            1.52        3071.93            3073.45            3
    139        140,    SUCCESS        2            14            0.76        3073.45            3074.21            3
    148        149,    SUCCESS        2            19            41.35        3040.33            3081.68            2
    40        41,    SUCCESS        2            19            0.89        3081.68            3082.57            3
    149        150,    SUCCESS        2            2            1.31        3081.68            3083            3
    173        174,    SUCCESS        2            19            1.06        3082.57            3083.63            3
    123        124,    SUCCESS        2            19            0.87        3083.63            3084.5            3
    196        197,    SUCCESS        2            12            41.25        3049.18            3090.43            2
    197        198,    SUCCESS        2            11            1.03        3090.43            3091.46            3
    76        77,    SUCCESS        2            12            1.53        3090.43            3091.96            3
    115        116,    SUCCESS        2            12            0.85        3091.96            3092.81            3
    74        75,    SUCCESS        2            12            0.87        3092.81            3093.68            3
    94        95,    SUCCESS        2            1            51.1        3042.93            3094.03            2
    95        96,    SUCCESS        2            13            0.65        3094.03            3094.68            3
    177        178,    SUCCESS        2            12            1.48        3093.68            3095.16            3
    168        169,    SUCCESS        2            6            50.69        3056.42            3107.11            2
    169        170,    SUCCESS        2            9            0.71        3107.11            3107.82            3
    186        187,    SUCCESS        2            0            56.83        3054.07            3110.9            2
    28        29,    SUCCESS        2            0            0.7        3110.9            3111.6            3
    187        188,    SUCCESS        2            13            1.35        3110.9            3112.25            3
    80        81,    SUCCESS        2            0            0.88        3111.6            3112.48            3
    60        61,    SUCCESS        2            0            1.24        3112.48            3113.72            3
    111        112,    SUCCESS        2            0            0.99        3113.72            3114.71            3
    146        147,    SUCCESS        2            15            60.47        3064.86            3125.33            2
    147        148,    SUCCESS        2            14            1.12        3125.33            3126.45            3
    106        107,    SUCCESS        2            1            37.64        3094.03            3131.67            2
    107        108,    SUCCESS        2            9            0.6        3131.67            3132.27            3
    158        159,    SUCCESS        2            15            31.38        3125.33            3156.71            2
    159        160,    SUCCESS        2            0            0.56        3156.71            3157.27            3
    182        183,    SUCCESS        2            6            55.54        3107.11            3162.65            2
    8        9,    SUCCESS        2            6            1.39        3162.65            3164.04            3
    72        73,    SUCCESS        2            6            1.3        3164.04            3165.34            3
    127        128,    SUCCESS        2            6            0.86        3165.34            3166.2            3
    163        164,    SUCCESS        2            6            0.82        3166.2            3167.02            3
    167        168,    SUCCESS        2            6            1.29        3167.02            3168.31            3
    137        138,    SUCCESS        2            6            0.77        3168.31            3169.08            3
    183        184,    SUCCESS        2            6            1.31        3169.08            3170.39            3
    142        143,    SUCCESS        2            1            56.19        3131.67            3187.86            2
    32        33,    SUCCESS        2            1            0.72        3187.86            3188.58            3
    143        144,    SUCCESS        2            12            1.01        3187.86            3188.87            3
    52        53,    SUCCESS        2            1            0.81        3188.58            3189.39            3
    66        67,    SUCCESS        2            1            1.56        3189.39            3190.95            3
    190        191,    SUCCESS        2            15            56.42        3156.71            3213.13            2
    199        200,    SUCCESS        2            15            1.06        3213.13            3214.19            3
    191        192,    SUCCESS        2            13            1.25        3213.13            3214.38            3
    0        1,    SUCCESS        2            9            0.76        3214.38            3215.14            4
    1        2,    SUCCESS        2            3            2.03        3213.13            3215.16            3
