========== OUTPUT ==========
Job ID    Task ID    STATUS    Data center ID    VM ID        Time    Start Time    Finish Time    Depth
    300        Stage-in    SUCCESS        2            17            0.11        0.1            0.21            0
    2        3,    SUCCESS        2            13            2739.51        0.21            2739.72            1
    137        138,    SUCCESS        2            12            2757.41        0.21            2757.62            1
    9        10,    SUCCESS        2            1            41.19        2739.72            2780.91            2
    11        12,    SUCCESS        2            7            41.5        2739.72            2781.22            2
    33        34,    SUCCESS        2            10            45.59        2739.72            2785.31            2
    17        18,    SUCCESS        2            17            46.86        2739.72            2786.58            2
    119        120,    SUCCESS        2            15            47.38        2739.72            2787.1            2
    29        30,    SUCCESS        2            0            49.26        2739.72            2788.98            2
    3        4,    SUCCESS        2            9            49.54        2739.72            2789.25            2
    61        62,    SUCCESS        2            14            50.36        2739.72            2790.08            2
    123        124,    SUCCESS        2            12            33.07        2757.62            2790.69            2
    7        8,    SUCCESS        2            18            52.83        2739.72            2792.55            2
    13        14,    SUCCESS        2            5            53.02        2739.72            2792.74            2
    45        46,    SUCCESS        2            13            54.29        2739.72            2794.01            2
    37        38,    SUCCESS        2            4            57.47        2739.72            2797.19            2
    5        6,    SUCCESS        2            8            58.32        2739.72            2798.04            2
    65        66,    SUCCESS        2            19            61.38        2739.72            2801.1            2
    69        70,    SUCCESS        2            6            62.55        2739.72            2802.27            2
    15        16,    SUCCESS        2            16            64.76        2739.72            2804.48            2
    31        32,    SUCCESS        2            2            67.06        2739.72            2806.78            2
    21        22,    SUCCESS        2            11            67.11        2739.72            2806.83            2
    41        42,    SUCCESS        2            17            27.48        2786.58            2814.06            2
    89        90,    SUCCESS        2            3            75.6        2739.72            2815.32            2
    27        28,    SUCCESS        2            8            21.71        2798.04            2819.75            2
    19        20,    SUCCESS        2            9            37.34        2789.25            2826.59            2
    91        92,    SUCCESS        2            13            33.6        2794.01            2827.61            2
    43        44,    SUCCESS        2            7            46.5        2781.22            2827.72            2
    208        209,    SUCCESS        2            12            38.12        2790.69            2828.81            2
    59        60,    SUCCESS        2            4            36.94        2797.19            2834.13            2
    51        52,    SUCCESS        2            10            50.98        2785.31            2836.29            2
    25        26,    SUCCESS        2            18            44.57        2792.55            2837.12            2
    184        185,    SUCCESS        2            15            51.23        2787.1            2838.33            2
    83        84,    SUCCESS        2            14            48.37        2790.08            2838.45            2
    35        36,    SUCCESS        2            1            58.52        2780.91            2839.43            2
    95        96,    SUCCESS        2            19            42.2        2801.1            2843.3            2
    55        56,    SUCCESS        2            17            32.44        2814.06            2846.5            2
    117        118,    SUCCESS        2            3            31.74        2815.32            2847.06            2
    188        189,    SUCCESS        2            5            55.66        2792.74            2848.4            2
    53        54,    SUCCESS        2            8            32.56        2819.75            2852.31            2
    79        80,    SUCCESS        2            0            65.06        2788.98            2854.04            2
    146        147,    SUCCESS        2            11            48.89        2806.83            2855.72            2
    93        94,    SUCCESS        2            13            33.59        2827.61            2861.2            2
    103        104,    SUCCESS        2            1            24.58        2839.43            2864.01            2
    81        82,    SUCCESS        2            6            61.85        2802.27            2864.12            2
    194        195,    SUCCESS        2            2            61.07        2806.78            2867.85            2
    23        24,    SUCCESS        2            16            63.75        2804.48            2868.23            2
    66        67,    SUCCESS        2            2            1.05        2867.85            2868.9            3
    185        186,    SUCCESS        2            2            0.72        2868.9            2869.62            3
    24        25,    SUCCESS        2            2            1.49        2869.62            2871.11            3
    115        116,    SUCCESS        2            14            33.05        2838.45            2871.5            2
    121        122,    SUCCESS        2            17            25.3        2846.5            2871.8            2
    39        40,    SUCCESS        2            9            47.02        2826.59            2873.61            2
    77        78,    SUCCESS        2            10            42.75        2836.29            2879.04            2
    196        197,    SUCCESS        2            15            42.65        2838.33            2880.98            2
    160        161,    SUCCESS        2            19            40.08        2843.3            2883.38            2
    101        102,    SUCCESS        2            4            50.3        2834.13            2884.43            2
    161        162,    SUCCESS        2            2            1.6        2883.38            2884.98            3
    67        68,    SUCCESS        2            7            58.42        2827.72            2886.14            2
    264        265,    SUCCESS        2            12            57.81        2828.81            2886.62            2
    18        19,    SUCCESS        2            12            1.35        2886.62            2887.97            3
    96        97,    SUCCESS        2            12            0.63        2887.97            2888.6            3
    180        181,    SUCCESS        2            11            33.54        2855.72            2889.26            2
    94        95,    SUCCESS        2            12            0.85        2888.6            2889.45            3
    87        88,    SUCCESS        2            6            25.75        2864.12            2889.87            2
    104        105,    SUCCESS        2            12            1.51        2889.45            2890.96            3
    195        196,    SUCCESS        2            12            1.47        2890.96            2892.43            3
    97        98,    SUCCESS        2            16            29.13        2868.23            2897.36            2
    140        141,    SUCCESS        2            13            38.35        2861.2            2899.55            2
    47        48,    SUCCESS        2            18            62.54        2837.12            2899.66            2
    192        193,    SUCCESS        2            14            28.86        2871.5            2900.36            2
    127        128,    SUCCESS        2            0            49.16        2854.04            2903.2            2
    105        106,    SUCCESS        2            10            25.52        2879.04            2904.56            2
    216        217,    SUCCESS        2            5            56.64        2848.4            2905.04            2
    150        151,    SUCCESS        2            3            61.8        2847.06            2908.86            2
    63        64,    SUCCESS        2            8            62.05        2852.31            2914.36            2
    170        171,    SUCCESS        2            1            50.49        2864.01            2914.5            2
    49        50,    SUCCESS        2            9            42.71        2873.61            2916.33            2
    142        143,    SUCCESS        2            17            54.59        2871.8            2926.39            2
    111        112,    SUCCESS        2            16            30.96        2897.36            2928.32            2
    107        108,    SUCCESS        2            7            45.97        2886.14            2932.11            2
    182        183,    SUCCESS        2            19            48.95        2883.38            2932.33            2
    256        257,    SUCCESS        2            11            44.94        2889.26            2934.2            2
    198        199,    SUCCESS        2            14            34.4        2900.36            2934.76            2
    125        126,    SUCCESS        2            6            48.12        2889.87            2937.99            2
    260        261,    SUCCESS        2            5            33.58        2905.04            2938.62            2
    22        23,    SUCCESS        2            5            0.8        2938.62            2939.42            3
    228        229,    SUCCESS        2            15            59.17        2880.98            2940.15            2
    78        79,    SUCCESS        2            5            0.85        2939.42            2940.27            3
    162        163,    SUCCESS        2            4            56.62        2884.43            2941.05            2
    156        157,    SUCCESS        2            0            39.07        2903.2            2942.27            2
    163        164,    SUCCESS        2            2            1.63        2941.05            2942.68            3
    85        86,    SUCCESS        2            9            26.46        2916.33            2942.79            2
    71        72,    SUCCESS        2            8            34.52        2914.36            2948.88            2
    144        145,    SUCCESS        2            13            49.44        2899.55            2948.99            2
    57        58,    SUCCESS        2            18            59.85        2899.66            2959.51            2
    154        155,    SUCCESS        2            3            51.55        2908.86            2960.41            2
    258        259,    SUCCESS        2            11            30.68        2934.2            2964.88            2
    254        255,    SUCCESS        2            15            25.86        2940.15            2966.01            2
    12        13,    SUCCESS        2            11            1.53        2964.88            2966.41            3
    42        43,    SUCCESS        2            15            0.92        2966.01            2966.93            3
    30        31,    SUCCESS        2            11            0.63        2966.41            2967.04            3
    155        156,    SUCCESS        2            15            0.98        2966.93            2967.91            3
    8        9,    SUCCESS        2            11            0.98        2967.04            2968.02            3
    113        114,    SUCCESS        2            16            40.65        2928.32            2968.97            2
    204        205,    SUCCESS        2            14            34.52        2934.76            2969.28            2
    14        15,    SUCCESS        2            11            1.42        2968.02            2969.44            3
    152        153,    SUCCESS        2            10            65.1        2904.56            2969.66            2
    92        93,    SUCCESS        2            11            1.41        2969.44            2970.85            3
    88        89,    SUCCESS        2            11            1.36        2970.85            2972.21            3
    48        49,    SUCCESS        2            11            0.8        2972.21            2973.01            3
    128        129,    SUCCESS        2            11            0.84        2973.01            2973.85            3
    259        260,    SUCCESS        2            11            0.82        2973.85            2974.67            3
    212        213,    SUCCESS        2            1            60.36        2914.5            2974.86            2
    46        47,    SUCCESS        2            1            0.8        2974.86            2975.66            3
    129        130,    SUCCESS        2            9            36.28        2942.79            2979.07            2
    202        203,    SUCCESS        2            7            47.32        2932.11            2979.43            2
    4        5,    SUCCESS        2            7            1.51        2979.43            2980.94            3
    203        204,    SUCCESS        2            2            1.56        2979.43            2980.99            3
    82        83,    SUCCESS        2            7            1.28        2980.94            2982.22            3
    257        258,    SUCCESS        2            7            1.6        2982.22            2983.82            3
    153        154,    SUCCESS        2            7            0.58        2983.82            2984.4            3
    164        165,    SUCCESS        2            4            43.74        2941.05            2984.79            2
    178        179,    SUCCESS        2            0            43.44        2942.27            2985.71            2
    224        225,    SUCCESS        2            19            55.97        2932.33            2988.3            2
    225        226,    SUCCESS        2            5            0.66        2988.3            2988.96            3
    214        215,    SUCCESS        2            17            62.7        2926.39            2989.09            2
    131        132,    SUCCESS        2            6            59.99        2937.99            2997.98            2
    230        231,    SUCCESS        2            13            49.17        2948.99            2998.16            2
    231        232,    SUCCESS        2            7            0.91        2998.16            2999.07            3
    132        133,    SUCCESS        2            1            1.16        2997.98            2999.14            3
    158        159,    SUCCESS        2            3            44.82        2960.41            3005.23            2
    159        160,    SUCCESS        2            1            1.05        3005.23            3006.28            3
    99        100,    SUCCESS        2            8            60.26        2948.88            3009.14            2
    176        177,    SUCCESS        2            4            26.75        2984.79            3011.54            2
    73        74,    SUCCESS        2            18            52.13        2959.51            3011.65            2
    240        241,    SUCCESS        2            14            47.4        2969.28            3016.68            2
    38        39,    SUCCESS        2            14            1.08        3016.68            3017.76            3
    241        242,    SUCCESS        2            11            1.24        3016.68            3017.92            3
    186        187,    SUCCESS        2            10            48.55        2969.66            3018.21            2
    20        21,    SUCCESS        2            14            0.61        3017.76            3018.37            3
    52        53,    SUCCESS        2            14            0.88        3018.37            3019.25            3
    197        198,    SUCCESS        2            14            1        3019.25            3020.25            3
    151        152,    SUCCESS        2            14            1.4        3020.25            3021.65            3
    64        65,    SUCCESS        2            14            0.65        3021.65            3022.3            3
    232        233,    SUCCESS        2            13            27.63        2998.16            3025.79            2
    133        134,    SUCCESS        2            16            58.83        2968.97            3027.8            2
    242        243,    SUCCESS        2            19            44.47        2988.3            3032.77            2
    172        173,    SUCCESS        2            8            25.5        3009.14            3034.64            2
    173        174,    SUCCESS        2            7            1.59        3034.64            3036.23            3
    138        139,    SUCCESS        2            9            58.34        2979.07            3037.41            2
    206        207,    SUCCESS        2            0            54.52        2985.71            3040.23            2
    207        208,    SUCCESS        2            15            1.1        3040.23            3041.33            3
    168        169,    SUCCESS        2            3            44.39        3005.23            3049.62            2
    169        170,    SUCCESS        2            2            0.56        3049.62            3050.18            3
    226        227,    SUCCESS        2            17            64.23        2989.09            3053.32            2
    227        228,    SUCCESS        2            12            0.62        3053.32            3053.94            3
    280        281,    SUCCESS        2            10            38.89        3018.21            3057.1            2
    281        282,    SUCCESS        2            14            1.11        3057.1            3058.21            3
    181        182,    SUCCESS        2            10            1.25        3057.1            3058.35            3
    145        146,    SUCCESS        2            10            1.55        3058.35            3059.9            3
    165        166,    SUCCESS        2            10            1.05        3059.9            3060.95            3
    166        167,    SUCCESS        2            6            64.65        2997.98            3062.63            2
    167        168,    SUCCESS        2            1            1.61        3062.63            3064.24            3
    190        191,    SUCCESS        2            8            31.8        3034.64            3066.44            2
    135        136,    SUCCESS        2            16            39.41        3027.8            3067.21            2
    246        247,    SUCCESS        2            13            42.21        3025.79            3068            2
    174        175,    SUCCESS        2            9            31.05        3037.41            3068.46            2
    175        176,    SUCCESS        2            10            1        3068.46            3069.46            3
    75        76,    SUCCESS        2            18            58.15        3011.65            3069.8            2
    250        251,    SUCCESS        2            4            59.76        3011.54            3071.3            2
    251        252,    SUCCESS        2            7            1.36        3071.3            3072.66            3
    120        121,    SUCCESS        2            4            1.58        3071.3            3072.88            3
    108        109,    SUCCESS        2            4            0.96        3072.88            3073.84            3
    218        219,    SUCCESS        2            3            25.62        3049.62            3075.24            2
    215        216,    SUCCESS        2            4            1.52        3073.84            3075.36            3
    219        220,    SUCCESS        2            5            1.06        3075.24            3076.3            3
    247        248,    SUCCESS        2            4            1.15        3075.36            3076.51            3
    248        249,    SUCCESS        2            19            49.4        3032.77            3082.17            2
    249        250,    SUCCESS        2            12            1.34        3082.17            3083.51            3
    236        237,    SUCCESS        2            0            44.46        3040.23            3084.69            2
    26        27,    SUCCESS        2            0            1.09        3084.69            3085.78            3
    106        107,    SUCCESS        2            0            1.11        3085.78            3086.89            3
    171        172,    SUCCESS        2            0            0.85        3086.89            3087.74            3
    112        113,    SUCCESS        2            0            1.39        3087.74            3089.13            3
    229        230,    SUCCESS        2            0            0.91        3089.13            3090.04            3
    157        158,    SUCCESS        2            0            1.01        3090.04            3091.05            3
    136        137,    SUCCESS        2            0            0.91        3091.05            3091.96            3
    76        77,    SUCCESS        2            0            1.41        3091.96            3093.37            3
    109        110,    SUCCESS        2            18            29.21        3069.8            3099.01            2
    110        111,    SUCCESS        2            4            1.42        3099.01            3100.43            3
    200        201,    SUCCESS        2            6            41.01        3062.63            3103.64            2
    201        202,    SUCCESS        2            12            1.08        3103.64            3104.72            3
    148        149,    SUCCESS        2            16            42.31        3067.21            3109.52            2
    149        150,    SUCCESS        2            11            1.22        3109.52            3110.74            3
    220        221,    SUCCESS        2            9            45.94        3068.46            3114.4            2
    238        239,    SUCCESS        2            17            64.35        3053.32            3117.67            2
    262        263,    SUCCESS        2            8            53.01        3066.44            3119.45            2
    263        264,    SUCCESS        2            4            0.56        3119.45            3120.01            3
    6        7,    SUCCESS        2            8            1.37        3119.45            3120.82            3
    141        142,    SUCCESS        2            8            1.42        3120.82            3122.24            3
    143        144,    SUCCESS        2            8            1.31        3122.24            3123.55            3
    282        283,    SUCCESS        2            3            49.44        3075.24            3124.68            2
    205        206,    SUCCESS        2            8            1.38        3123.55            3124.93            3
    266        267,    SUCCESS        2            18            26.21        3099.01            3125.22            2
    267        268,    SUCCESS        2            1            0.9        3125.22            3126.12            3
    283        284,    SUCCESS        2            5            1.48        3124.68            3126.16            3
    10        11,    SUCCESS        2            3            1.55        3124.68            3126.23            3
    213        214,    SUCCESS        2            8            1.53        3124.93            3126.46            3
    28        29,    SUCCESS        2            3            1.41        3126.23            3127.64            3
    134        135,    SUCCESS        2            8            1.29        3126.46            3127.75            3
    54        55,    SUCCESS        2            3            0.55        3127.64            3128.19            3
    237        238,    SUCCESS        2            8            0.88        3127.75            3128.63            3
    58        59,    SUCCESS        2            3            1.47        3128.19            3129.66            3
    100        101,    SUCCESS        2            3            1.05        3129.66            3130.71            3
    288        289,    SUCCESS        2            13            62.86        3068            3130.86            2
    139        140,    SUCCESS        2            3            1.08        3130.71            3131.79            3
    289        290,    SUCCESS        2            12            0.99        3130.86            3131.85            3
    244        245,    SUCCESS        2            9            31        3114.4            3145.4            2
    245        246,    SUCCESS        2            8            1.6        3145.4            3147            3
    274        275,    SUCCESS        2            19            64.98        3082.17            3147.15            2
    275        276,    SUCCESS        2            2            0.72        3147.15            3147.87            3
    210        211,    SUCCESS        2            6            44.59        3103.64            3148.23            2
    211        212,    SUCCESS        2            10            0.68        3148.23            3148.91            3
    234        235,    SUCCESS        2            16            51.44        3109.52            3160.96            2
    272        273,    SUCCESS        2            17            53.26        3117.67            3170.93            2
    273        274,    SUCCESS        2            0            0.8        3170.93            3171.73            3
    276        277,    SUCCESS        2            19            30.13        3147.15            3177.28            2
    268        269,    SUCCESS        2            18            53.17        3125.22            3178.39            2
    277        278,    SUCCESS        2            5            1.39        3177.28            3178.67            3
    292        293,    SUCCESS        2            13            48.58        3130.86            3179.44            2
    293        294,    SUCCESS        2            2            0.57        3179.44            3180.01            3
    252        253,    SUCCESS        2            16            38.69        3160.96            3199.65            2
    34        35,    SUCCESS        2            16            0.57        3199.65            3200.22            3
    209        210,    SUCCESS        2            16            0.61        3200.22            3200.83            3
    60        61,    SUCCESS        2            16            1.15        3200.83            3201.98            3
    102        103,    SUCCESS        2            16            1.31        3201.98            3203.29            3
    298        299,    SUCCESS        2            13            24.96        3179.44            3204.4            2
    68        69,    SUCCESS        2            16            1.57        3203.29            3204.86            3
    299        300,    SUCCESS        2            15            1        3204.4            3205.4            3
    261        262,    SUCCESS        2            16            0.81        3204.86            3205.67            3
    36        37,    SUCCESS        2            13            1.56        3204.4            3205.96            3
    222        223,    SUCCESS        2            6            58.17        3148.23            3206.4            2
    255        256,    SUCCESS        2            16            1.02        3205.67            3206.69            3
    223        224,    SUCCESS        2            2            0.79        3206.4            3207.19            3
    239        240,    SUCCESS        2            16            0.79        3206.69            3207.48            3
    147        148,    SUCCESS        2            13            1.63        3205.96            3207.59            3
    40        41,    SUCCESS        2            13            0.71        3207.59            3208.3            3
    286        287,    SUCCESS        2            17            37.97        3170.93            3208.9            2
    296        297,    SUCCESS        2            9            64.08        3145.4            3209.48            2
    177        178,    SUCCESS        2            13            1.56        3208.3            3209.86            3
    287        288,    SUCCESS        2            14            1.27        3208.9            3210.17            3
    124        125,    SUCCESS        2            17            1.62        3208.9            3210.52            3
    235        236,    SUCCESS        2            13            1.1        3209.86            3210.96            3
    297        298,    SUCCESS        2            12            1.52        3209.48            3211            3
    32        33,    SUCCESS        2            9            1.59        3209.48            3211.07            3
    16        17,    SUCCESS        2            17            0.96        3210.52            3211.48            3
    189        190,    SUCCESS        2            9            0.95        3211.07            3212.02            3
    90        91,    SUCCESS        2            17            1.11        3211.48            3212.59            3
    122        123,    SUCCESS        2            9            1.37        3212.02            3213.39            3
    44        45,    SUCCESS        2            17            1.58        3212.59            3214.17            3
    84        85,    SUCCESS        2            17            0.64        3214.17            3214.81            3
    193        194,    SUCCESS        2            9            1.53        3213.39            3214.92            3
    294        295,    SUCCESS        2            19            38.05        3177.28            3215.33            2
    118        119,    SUCCESS        2            17            0.87        3214.81            3215.68            3
    295        296,    SUCCESS        2            8            0.94        3215.33            3216.27            3
    183        184,    SUCCESS        2            9            1.6        3214.92            3216.52            3
    62        63,    SUCCESS        2            19            1.45        3215.33            3216.78            3
    217        218,    SUCCESS        2            17            1.22        3215.68            3216.89            3
    80        81,    SUCCESS        2            19            0.78        3216.78            3217.56            3
    243        244,    SUCCESS        2            9            1.21        3216.52            3217.73            3
    199        200,    SUCCESS        2            17            1.2        3216.89            3218.09            3
    116        117,    SUCCESS        2            19            0.64        3217.56            3218.2            3
    221        222,    SUCCESS        2            9            0.71        3217.73            3218.44            3
    269        270,    SUCCESS        2            9            0.75        3218.44            3219.19            3
    72        73,    SUCCESS        2            17            1.2        3218.09            3219.3            3
    126        127,    SUCCESS        2            19            1.26        3218.2            3219.46            3
    114        115,    SUCCESS        2            17            1.26        3219.3            3220.56            3
    86        87,    SUCCESS        2            19            1.61        3219.46            3221.07            3
    179        180,    SUCCESS        2            17            1.34        3220.56            3221.9            3
    74        75,    SUCCESS        2            19            1.41        3221.07            3222.48            3
    270        271,    SUCCESS        2            18            44.5        3178.39            3222.89            2
    187        188,    SUCCESS        2            19            0.68        3222.48            3223.16            3
    271        272,    SUCCESS        2            0            0.56        3222.89            3223.45            3
    278        279,    SUCCESS        2            6            28.32        3206.4            3234.72            2
    279        280,    SUCCESS        2            3            1.34        3234.72            3236.06            3
    284        285,    SUCCESS        2            6            40.48        3234.72            3275.2            2
    285        286,    SUCCESS        2            9            1.27        3275.2            3276.47            3
    56        57,    SUCCESS        2            6            1.47        3275.2            3276.67            3
    290        291,    SUCCESS        2            18            54.18        3222.89            3277.07            2
    130        131,    SUCCESS        2            6            1.22        3276.67            3277.89            3
    291        292,    SUCCESS        2            19            1.17        3277.07            3278.24            3
    70        71,    SUCCESS        2            18            1.62        3277.07            3278.69            3
    233        234,    SUCCESS        2            6            1.18        3277.89            3279.07            3
    191        192,    SUCCESS        2            6            0.67        3279.07            3279.74            3
    1        2,    SUCCESS        2            7            2.9        3277.07            3279.97            3
    265        266,    SUCCESS        2            18            1.39        3278.69            3280.08            3
    253        254,    SUCCESS        2            6            1.22        3279.74            3280.96            3
    98        99,    SUCCESS        2            18            1.49        3280.08            3281.57            3
    50        51,    SUCCESS        2            18            0.83        3281.57            3282.4            3
    0        1,    SUCCESS        2            10            2.06        3282.4            3284.46            4
