========== OUTPUT ==========
Job ID    Task ID    STATUS    Data center ID    VM ID        Time    Start Time    Finish Time    Depth
    500        Stage-in    SUCCESS        2            0            0.11        0.1            0.21            0
    234        235,    SUCCESS        2            14            2747.08        0.21            2747.29            1
    115        116,    SUCCESS        2            13            2795.48        0.21            2795.69            1
    251        252,    SUCCESS        2            2            56.94        2747.29            2804.23            2
    241        242,    SUCCESS        2            16            57.94        2747.29            2805.23            2
    243        244,    SUCCESS        2            7            62.87        2747.29            2810.16            2
    239        240,    SUCCESS        2            14            63.59        2747.29            2810.88            2
    275        276,    SUCCESS        2            18            68.75        2747.29            2816.04            2
    289        290,    SUCCESS        2            19            72.92        2747.29            2820.2            2
    253        254,    SUCCESS        2            10            75.12        2747.29            2822.41            2
    351        352,    SUCCESS        2            9            75.85        2747.29            2823.14            2
    247        248,    SUCCESS        2            8            76.48        2747.29            2823.76            2
    255        256,    SUCCESS        2            6            76.68        2747.29            2823.97            2
    249        250,    SUCCESS        2            17            80.43        2747.29            2827.72            2
    235        236,    SUCCESS        2            11            81.2        2747.29            2828.48            2
    285        286,    SUCCESS        2            14            23.24        2810.88            2834.12            2
    301        302,    SUCCESS        2            12            87.83        2747.29            2835.12            2
    295        296,    SUCCESS        2            15            89.32        2747.29            2836.61            2
    323        324,    SUCCESS        2            0            92.45        2747.29            2839.73            2
    257        258,    SUCCESS        2            1            93.09        2747.29            2840.38            2
    237        238,    SUCCESS        2            5            94.93        2747.29            2842.22            2
    277        278,    SUCCESS        2            18            27.11        2816.04            2843.15            2
    245        246,    SUCCESS        2            16            45.21        2805.23            2850.44            2
    297        298,    SUCCESS        2            7            48.6        2810.16            2858.76            2
    116        117,    SUCCESS        2            9            36.36        2823.14            2859.5            2
    319        320,    SUCCESS        2            2            56.24        2804.23            2860.47            2
    303        304,    SUCCESS        2            10            40.71        2822.41            2863.12            2
    359        360,    SUCCESS        2            12            28.28        2835.12            2863.4            2
    259        260,    SUCCESS        2            6            41.04        2823.97            2865.01            2
    2        3,    SUCCESS        2            4            2866.54        0.21            2866.75            1
    299        300,    SUCCESS        2            11            38.38        2828.48            2866.86            2
    321        322,    SUCCESS        2            19            51.35        2820.2            2871.55            2
    313        314,    SUCCESS        2            14            37.67        2834.12            2871.79            2
    311        312,    SUCCESS        2            15            40.51        2836.61            2877.12            2
    269        270,    SUCCESS        2            8            58.5        2823.76            2882.26            2
    329        330,    SUCCESS        2            18            41.39        2843.15            2884.54            2
    265        266,    SUCCESS        2            1            44.27        2840.38            2884.65            2
    273        274,    SUCCESS        2            17            58.54        2827.72            2886.26            2
    339        340,    SUCCESS        2            2            28.2        2860.47            2888.67            2
    327        328,    SUCCESS        2            0            52.75        2839.73            2892.48            2
    122        123,    SUCCESS        2            3            101.43        2795.69            2897.12            2
    261        262,    SUCCESS        2            16            46.79        2850.44            2897.23            2
    140        141,    SUCCESS        2            9            39.33        2859.5            2898.83            2
    347        348,    SUCCESS        2            7            45.65        2858.76            2904.41            2
    286        287,    SUCCESS        2            7            0.69        2904.41            2905.1            3
    260        261,    SUCCESS        2            7            1.28        2905.1            2906.38            3
    287        288,    SUCCESS        2            5            64.57        2842.22            2906.79            2
    184        185,    SUCCESS        2            12            44.96        2863.4            2908.36            2
    331        332,    SUCCESS        2            18            25.61        2884.54            2910.15            2
    307        308,    SUCCESS        2            4            47.15        2866.75            2913.9            2
    315        316,    SUCCESS        2            10            52.53        2863.12            2915.65            2
    148        149,    SUCCESS        2            19            44.41        2871.55            2915.97            2
    144        145,    SUCCESS        2            14            46        2871.79            2917.79            2
    343        344,    SUCCESS        2            11            53.23        2866.86            2920.1            2
    281        282,    SUCCESS        2            6            55.2        2865.01            2920.21            2
    212        213,    SUCCESS        2            9            23.88        2898.83            2922.71            2
    324        325,    SUCCESS        2            9            1.06        2922.71            2923.77            3
    238        239,    SUCCESS        2            9            1.42        2923.77            2925.19            3
    117        118,    SUCCESS        2            9            0.61        2925.19            2925.8            3
    130        131,    SUCCESS        2            3            29.46        2897.12            2926.58            2
    361        362,    SUCCESS        2            1            46.22        2884.65            2930.87            2
    156        157,    SUCCESS        2            2            47.1        2888.67            2935.77            2
    367        368,    SUCCESS        2            13            142.27        2795.69            2937.96            1
    134        135,    SUCCESS        2            15            62.72        2877.12            2939.84            2
    271        272,    SUCCESS        2            8            58.58        2882.26            2940.85            2
    214        215,    SUCCESS        2            12            32.6        2908.36            2940.96            2
    126        127,    SUCCESS        2            5            34.41        2906.79            2941.2            2
    240        241,    SUCCESS        2            12            1        2940.96            2941.96            3
    236        237,    SUCCESS        2            12            1.07        2941.96            2943.03            3
    291        292,    SUCCESS        2            17            57.93        2886.26            2944.19            2
    337        338,    SUCCESS        2            10            32.57        2915.65            2948.22            2
    152        153,    SUCCESS        2            14            31.63        2917.79            2949.42            2
    283        284,    SUCCESS        2            16            52.46        2897.23            2949.69            2
    132        133,    SUCCESS        2            0            63.04        2892.48            2955.53            2
    365        366,    SUCCESS        2            6            35.59        2920.21            2955.8            2
    150        151,    SUCCESS        2            19            41.25        2915.97            2957.22            2
    335        336,    SUCCESS        2            18            47.87        2910.15            2958.02            2
    138        139,    SUCCESS        2            3            32.42        2926.58            2959            2
    355        356,    SUCCESS        2            11            40.07        2920.1            2960.17            2
    309        310,    SUCCESS        2            4            50.98        2913.9            2964.88            2
    37        38,    SUCCESS        2            12            24.56        2943.03            2967.59            2
    263        264,    SUCCESS        2            13            30.33        2937.96            2968.29            2
    312        313,    SUCCESS        2            12            0.9        2967.59            2968.49            3
    288        289,    SUCCESS        2            12            0.95        2968.49            2969.44            3
    45        46,    SUCCESS        2            7            63.66        2906.38            2970.04            2
    15        16,    SUCCESS        2            9            46.48        2925.8            2972.28            2
    124        125,    SUCCESS        2            1            47.41        2930.87            2978.28            2
    166        167,    SUCCESS        2            19            24.42        2957.22            2981.64            2
    276        277,    SUCCESS        2            19            1.44        2981.64            2983.08            3
    118        119,    SUCCESS        2            11            23.02        2960.17            2983.19            2
    278        279,    SUCCESS        2            19            0.73        2983.08            2983.81            3
    172        173,    SUCCESS        2            15            44.6        2939.84            2984.44            2
    182        183,    SUCCESS        2            3            28.37        2959            2987.37            2
    188        189,    SUCCESS        2            2            51.79        2935.77            2987.56            2
    352        353,    SUCCESS        2            2            1.13        2987.56            2988.69            3
    304        305,    SUCCESS        2            2            1.43        2988.69            2990.12            3
    360        361,    SUCCESS        2            2            1.2        2990.12            2991.32            3
    128        129,    SUCCESS        2            6            35.63        2955.8            2991.43            2
    168        169,    SUCCESS        2            14            42.01        2949.42            2991.43            2
    279        280,    SUCCESS        2            8            51.53        2940.85            2992.38            2
    293        294,    SUCCESS        2            16            43.74        2949.69            2993.43            2
    349        350,    SUCCESS        2            17            50.88        2944.19            2995.07            2
    71        72,    SUCCESS        2            7            26.76        2970.04            2996.8            2
    270        271,    SUCCESS        2            7            1.06        2996.8            2997.86            3
    162        163,    SUCCESS        2            0            42.76        2955.53            2998.29            2
    210        211,    SUCCESS        2            1            26.02        2978.28            3004.3            2
    178        179,    SUCCESS        2            5            63.39        2941.2            3004.59            2
    43        44,    SUCCESS        2            9            35.8        2972.28            3008.08            2
    363        364,    SUCCESS        2            10            61.96        2948.22            3010.18            2
    450        451,    SUCCESS        2            12            40.92        2969.44            3010.36            2
    120        121,    SUCCESS        2            18            52.66        2958.02            3010.68            2
    244        245,    SUCCESS        2            10            1.24        3010.18            3011.42            3
    336        337,    SUCCESS        2            12            1.16        3010.36            3011.53            3
    176        177,    SUCCESS        2            15            27.19        2984.44            3011.64            2
    256        257,    SUCCESS        2            10            0.71        3011.42            3012.13            3
    173        174,    SUCCESS        2            12            1.27        3011.53            3012.8            3
    267        268,    SUCCESS        2            13            47.3        2968.29            3015.59            2
    158        159,    SUCCESS        2            11            33.99        2983.19            3017.18            2
    35        36,    SUCCESS        2            6            26.36        2991.43            3017.79            2
    317        318,    SUCCESS        2            8            25.56        2992.38            3017.94            2
    190        191,    SUCCESS        2            3            35.25        2987.37            3022.62            2
    142        143,    SUCCESS        2            17            33.22        2995.07            3028.29            2
    325        326,    SUCCESS        2            4            63.81        2964.88            3028.69            2
    222        223,    SUCCESS        2            1            28.67        3004.3            3032.97            2
    21        22,    SUCCESS        2            19            50.14        2983.81            3033.95            2
    246        247,    SUCCESS        2            1            1.09        3032.97            3034.06            3
    113        114,    SUCCESS        2            10            25.22        3012.13            3037.35            2
    262        263,    SUCCESS        2            10            1.04        3037.35            3038.39            3
    170        171,    SUCCESS        2            0            40.58        2998.29            3038.87            2
    305        306,    SUCCESS        2            13            23.43        3015.59            3039.02            2
    220        221,    SUCCESS        2            15            27.49        3011.64            3039.13            2
    290        291,    SUCCESS        2            0            0.87        3038.87            3039.74            3
    306        307,    SUCCESS        2            12            0.82        3039.02            3039.84            3
    254        255,    SUCCESS        2            0            0.6        3039.74            3040.34            3
    252        253,    SUCCESS        2            15            1.42        3039.13            3040.55            3
    23        24,    SUCCESS        2            2            49.34        2991.32            3040.66            2
    198        199,    SUCCESS        2            5            41.8        3004.59            3046.39            2
    136        137,    SUCCESS        2            18            40.15        3010.68            3050.83            2
    230        231,    SUCCESS        2            3            28.64        3022.62            3051.26            2
    192        193,    SUCCESS        2            14            60.66        2991.43            3052.09            2
    432        433,    SUCCESS        2            7            55.88        2997.86            3053.74            2
    333        334,    SUCCESS        2            16            61.84        2993.43            3055.27            2
    95        96,    SUCCESS        2            1            24.22        3034.06            3058.28            2
    330        331,    SUCCESS        2            1            1        3058.28            3059.28            3
    53        54,    SUCCESS        2            9            59.89        3008.08            3067.97            2
    79        80,    SUCCESS        2            6            54.18        3017.79            3071.97            2
    282        283,    SUCCESS        2            6            1.29        3071.97            3073.26            3
    63        64,    SUCCESS        2            19            39.5        3033.95            3073.45            2
    164        165,    SUCCESS        2            11            56.38        3017.18            3073.56            2
    357        358,    SUCCESS        2            16            23.33        3055.27            3078.6            2
    345        346,    SUCCESS        2            8            60.87        3017.94            3078.81            2
    194        195,    SUCCESS        2            17            50.99        3028.29            3079.28            2
    55        56,    SUCCESS        2            2            39.82        3040.66            3080.48            2
    204        205,    SUCCESS        2            14            31.75        3052.09            3083.84            2
    302        303,    SUCCESS        2            14            0.78        3083.84            3084.62            3
    258        259,    SUCCESS        2            14            1.12        3084.62            3085.74            3
    468        469,    SUCCESS        2            7            35.63        3053.74            3089.37            2
    133        134,    SUCCESS        2            7            0.58        3089.37            3089.95            3
    341        342,    SUCCESS        2            4            62.13        3028.69            3090.82            2
    350        351,    SUCCESS        2            7            0.99        3089.95            3090.94            3
    114        115,    SUCCESS        2            7            1.24        3090.94            3092.18            3
    372        373,    SUCCESS        2            10            57.18        3038.39            3095.57            2
    97        98,    SUCCESS        2            3            44.42        3051.26            3095.68            2
    206        207,    SUCCESS        2            5            50.01        3046.39            3096.4            2
    376        377,    SUCCESS        2            1            37.52        3059.28            3096.8            2
    27        28,    SUCCESS        2            18            46.37        3050.83            3097.2            2
    5        6,    SUCCESS        2            15            58.38        3040.55            3098.93            2
    328        329,    SUCCESS        2            15            1.11        3098.93            3100.04            3
    160        161,    SUCCESS        2            13            62.5        3039.02            3101.52            2
    3        4,    SUCCESS        2            0            64.82        3040.34            3105.15            2
    196        197,    SUCCESS        2            17            26.19        3079.28            3105.47            2
    81        82,    SUCCESS        2            9            44.61        3067.97            3112.58            2
    75        76,    SUCCESS        2            2            35.54        3080.48            3116.02            2
    180        181,    SUCCESS        2            16            39.59        3078.6            3118.19            2
    109        110,    SUCCESS        2            14            34.94        3085.74            3120.68            2
    382        383,    SUCCESS        2            10            25.82        3095.57            3121.39            2
    89        90,    SUCCESS        2            19            50.31        3073.45            3123.76            2
    213        214,    SUCCESS        2            19            0.74        3123.76            3124.5            3
    131        132,    SUCCESS        2            19            1.24        3124.5            3125.74            3
    146        147,    SUCCESS        2            8            52.98        3078.81            3131.79            2
    29        30,    SUCCESS        2            0            28.66        3105.15            3133.81            2
    107        108,    SUCCESS        2            3            38.52        3095.68            3134.2            2
    30        31,    SUCCESS        2            7            0.74        3133.81            3134.56            3
    218        219,    SUCCESS        2            11            61.17        3073.56            3134.73            2
    108        109,    SUCCESS        2            12            0.88        3134.2            3135.08            3
    314        315,    SUCCESS        2            3            0.99        3134.2            3135.19            3
    242        243,    SUCCESS        2            11            1.2        3134.73            3135.93            3
    348        349,    SUCCESS        2            3            1        3135.19            3136.19            3
    208        209,    SUCCESS        2            17            30.88        3105.47            3136.35            2
    430        431,    SUCCESS        2            6            63.76        3073.26            3137.02            2
    298        299,    SUCCESS        2            11            1.57        3135.93            3137.5            3
    157        158,    SUCCESS        2            3            1.42        3136.19            3137.61            3
    139        140,    SUCCESS        2            6            0.81        3137.02            3137.83            3
    69        70,    SUCCESS        2            5            42.11        3096.4            3138.51            2
    38        39,    SUCCESS        2            6            0.79        3137.83            3138.62            3
    300        301,    SUCCESS        2            5            0.89        3138.51            3139.4            3
    105        106,    SUCCESS        2            9            27.46        3112.58            3140.04            2
    308        309,    SUCCESS        2            9            0.87        3140.04            3140.91            3
    362        363,    SUCCESS        2            9            1.27        3140.91            3142.18            3
    353        354,    SUCCESS        2            4            54.05        3090.82            3144.87            2
    47        48,    SUCCESS        2            18            50.39        3097.2            3147.59            2
    224        225,    SUCCESS        2            16            33.91        3118.19            3152.1            2
    386        387,    SUCCESS        2            19            26.62        3125.74            3152.36            2
    398        399,    SUCCESS        2            15            53.62        3100.04            3153.66            2
    225        226,    SUCCESS        2            6            1.63        3152.1            3153.73            3
    33        34,    SUCCESS        2            0            22.38        3133.81            3156.19            2
    34        35,    SUCCESS        2            12            1.07        3156.19            3157.27            3
    388        389,    SUCCESS        2            1            61.76        3096.8            3158.56            2
    186        187,    SUCCESS        2            13            58.81        3101.52            3160.33            2
    101        102,    SUCCESS        2            11            28.71        3137.5            3166.21            2
    226        227,    SUCCESS        2            17            31.8        3136.35            3168.15            2
    227        228,    SUCCESS        2            12            0.96        3168.15            3169.11            3
    77        78,    SUCCESS        2            2            59.54        3116.02            3175.56            2
    123        124,    SUCCESS        2            2            0.7        3175.56            3176.26            3
    420        421,    SUCCESS        2            14            60.21        3120.68            3180.89            2
    458        459,    SUCCESS        2            10            62.37        3121.39            3183.76            2
    402        403,    SUCCESS        2            5            44.95        3139.4            3184.35            2
    426        427,    SUCCESS        2            19            33.83        3152.36            3186.19            2
    427        428,    SUCCESS        2            7            1.01        3186.19            3187.2            3
    406        407,    SUCCESS        2            1            28.99        3158.56            3187.55            2
    448        449,    SUCCESS        2            3            51.14        3137.61            3188.75            2
    51        52,    SUCCESS        2            18            41.43        3147.59            3189.02            2
    228        229,    SUCCESS        2            8            64.95        3131.79            3196.74            2
    49        50,    SUCCESS        2            0            43.31        3156.19            3199.5            2
    374        375,    SUCCESS        2            2            26.95        3176.26            3203.21            2
    375        376,    SUCCESS        2            12            0.71        3203.21            3203.92            3
    200        201,    SUCCESS        2            13            45.73        3160.33            3206.06            2
    154        155,    SUCCESS        2            4            61.32        3144.87            3206.19            2
    392        393,    SUCCESS        2            9            64.25        3142.18            3206.43            2
    167        168,    SUCCESS        2            9            0.88        3206.43            3207.31            3
    482        483,    SUCCESS        2            10            23.71        3183.76            3207.47            2
    428        429,    SUCCESS        2            15            54.43        3153.66            3208.09            2
    191        192,    SUCCESS        2            9            0.97        3207.31            3208.28            3
    193        194,    SUCCESS        2            9            1.42        3208.28            3209.7            3
    408        409,    SUCCESS        2            1            22.45        3187.55            3210            2
    80        81,    SUCCESS        2            9            0.91        3209.7            3210.61            3
    354        355,    SUCCESS        2            9            0.62        3210.61            3211.23            3
    390        391,    SUCCESS        2            11            45.13        3166.21            3211.34            2
    434        435,    SUCCESS        2            19            27.44        3186.19            3213.63            2
    7        8,    SUCCESS        2            16            62.11        3152.1            3214.21            2
    232        233,    SUCCESS        2            17            48.89        3168.15            3217.04            2
    248        249,    SUCCESS        2            17            1.47        3217.04            3218.51            3
    250        251,    SUCCESS        2            17            1.08        3218.51            3219.59            3
    416        417,    SUCCESS        2            5            36.77        3184.35            3221.12            2
    444        445,    SUCCESS        2            14            47.73        3180.89            3228.62            2
    67        68,    SUCCESS        2            18            39.86        3189.02            3228.88            2
    452        453,    SUCCESS        2            3            40.24        3188.75            3228.99            2
    68        69,    SUCCESS        2            7            1.45        3228.88            3230.33            3
    57        58,    SUCCESS        2            0            32.78        3199.5            3232.28            2
    39        40,    SUCCESS        2            8            36.04        3196.74            3232.78            2
    380        381,    SUCCESS        2            2            32.72        3203.21            3235.93            2
    174        175,    SUCCESS        2            4            33.79        3206.19            3239.98            2
    175        176,    SUCCESS        2            7            1.45        3239.98            3241.43            3
    13        14,    SUCCESS        2            17            25.12        3219.59            3244.71            2
    14        15,    SUCCESS        2            12            1.32        3244.71            3246.03            3
    11        12,    SUCCESS        2            16            35.2        3214.21            3249.41            2
    484        485,    SUCCESS        2            10            42.05        3207.47            3249.52            2
    464        465,    SUCCESS        2            5            29.28        3221.12            3250.4            2
    322        323,    SUCCESS        2            16            1.19        3249.41            3250.6            3
    446        447,    SUCCESS        2            1            40.71        3210            3250.71            2
    135        136,    SUCCESS        2            10            1.3        3249.52            3250.82            3
    344        345,    SUCCESS        2            16            0.93        3250.6            3251.53            3
    447        448,    SUCCESS        2            9            0.89        3250.71            3251.6            3
    264        265,    SUCCESS        2            10            0.95        3250.82            3251.77            3
    211        212,    SUCCESS        2            10            1.12        3251.77            3252.89            3
    179        180,    SUCCESS        2            10            1.3        3252.89            3254.19            3
    99        100,    SUCCESS        2            8            22.47        3232.78            3255.25            2
    187        188,    SUCCESS        2            10            1.17        3254.19            3255.36            3
    73        74,    SUCCESS        2            18            26.61        3228.88            3255.49            2
    40        41,    SUCCESS        2            10            0.64        3255.36            3256            3
    274        275,    SUCCESS        2            8            1.14        3255.25            3256.39            3
    381        382,    SUCCESS        2            10            0.6        3256            3256.6            3
    74        75,    SUCCESS        2            12            1.13        3255.49            3256.62            3
    332        333,    SUCCESS        2            8            0.65        3256.39            3257.04            3
    396        397,    SUCCESS        2            11            45.81        3211.34            3257.15            2
    145        146,    SUCCESS        2            8            0.69        3257.04            3257.73            3
    216        217,    SUCCESS        2            13            53.32        3206.06            3259.38            2
    296        297,    SUCCESS        2            13            1.54        3259.38            3260.92            3
    320        321,    SUCCESS        2            13            0.85        3260.92            3261.77            3
    438        439,    SUCCESS        2            15            55.04        3208.09            3263.13            2
    486        487,    SUCCESS        2            19            57.5        3213.63            3271.13            2
    46        47,    SUCCESS        2            19            0.68        3271.13            3271.81            3
    470        471,    SUCCESS        2            14            43.35        3228.62            3271.97            2
    215        216,    SUCCESS        2            14            0.74        3271.97            3272.71            3
    169        170,    SUCCESS        2            19            1.57        3271.81            3273.38            3
    16        17,    SUCCESS        2            14            1.13        3272.71            3273.84            3
    490        491,    SUCCESS        2            3            45.5        3228.99            3274.49            2
    364        365,    SUCCESS        2            19            1.61        3273.38            3274.99            3
    44        45,    SUCCESS        2            14            1.56        3273.84            3275.4            3
    338        339,    SUCCESS        2            3            1.2        3274.49            3275.69            3
    159        160,    SUCCESS        2            14            0.93        3275.4            3276.33            3
    451        452,    SUCCESS        2            19            1.45        3274.99            3276.44            3
    119        120,    SUCCESS        2            3            1        3275.69            3276.69            3
    147        148,    SUCCESS        2            14            0.7        3276.33            3277.03            3
    394        395,    SUCCESS        2            2            41.22        3235.93            3277.15            2
    36        37,    SUCCESS        2            19            1.13        3276.44            3277.57            3
    183        184,    SUCCESS        2            3            1.3        3276.69            3277.99            3
    391        392,    SUCCESS        2            14            1.08        3277.03            3278.11            3
    223        224,    SUCCESS        2            19            1.05        3277.57            3278.62            3
    326        327,    SUCCESS        2            3            1.51        3277.99            3279.5            3
    205        206,    SUCCESS        2            19            1.32        3278.62            3279.94            3
    161        162,    SUCCESS        2            19            0.66        3279.94            3280.6            3
    377        378,    SUCCESS        2            3            1.24        3279.5            3280.74            3
    70        71,    SUCCESS        2            19            0.82        3280.6            3281.42            3
    378        379,    SUCCESS        2            16            30        3251.53            3281.53            2
    229        230,    SUCCESS        2            3            1        3280.74            3281.74            3
    379        380,    SUCCESS        2            9            1.04        3281.53            3282.57            3
    435        436,    SUCCESS        2            3            1.01        3281.74            3282.75            3
    48        49,    SUCCESS        2            19            1.59        3281.42            3283.01            3
    87        88,    SUCCESS        2            18            30.04        3255.49            3285.53            2
    472        473,    SUCCESS        2            5            35.63        3250.4            3286.03            2
    149        150,    SUCCESS        2            18            1.23        3285.53            3286.76            3
    202        203,    SUCCESS        2            4            47.66        3239.98            3287.64            2
    83        84,    SUCCESS        2            0            56.65        3232.28            3288.93            2
    17        18,    SUCCESS        2            13            27.37        3261.77            3289.14            2
    18        19,    SUCCESS        2            10            1.14        3289.14            3290.28            3
    462        463,    SUCCESS        2            1            40.72        3250.71            3291.43            2
    19        20,    SUCCESS        2            17            55.08        3244.71            3299.79            2
    454        455,    SUCCESS        2            11            56.41        3257.15            3313.56            2
    400        401,    SUCCESS        2            18            27.24        3286.76            3314            2
    171        172,    SUCCESS        2            11            1.61        3313.56            3315.17            3
    424        425,    SUCCESS        2            8            58.15        3257.73            3315.88            2
    488        489,    SUCCESS        2            15            53.08        3263.13            3316.21            2
    24        25,    SUCCESS        2            11            1.21        3315.17            3316.38            3
    284        285,    SUCCESS        2            15            1.17        3316.21            3317.38            3
    489        490,    SUCCESS        2            9            1.21        3316.21            3317.42            3
    334        335,    SUCCESS        2            11            1.33        3316.38            3317.71            3
    64        65,    SUCCESS        2            11            1.02        3317.71            3318.73            3
    358        359,    SUCCESS        2            15            1.46        3317.38            3318.84            3
    4        5,    SUCCESS        2            15            0.86        3318.84            3319.7            3
    459        460,    SUCCESS        2            11            1.16        3318.73            3319.89            3
    181        182,    SUCCESS        2            15            0.73        3319.7            3320.43            3
    50        51,    SUCCESS        2            11            0.65        3319.89            3320.54            3
    155        156,    SUCCESS        2            11            0.88        3320.54            3321.42            3
    25        26,    SUCCESS        2            17            21.74        3299.79            3321.53            2
    480        481,    SUCCESS        2            5            35.62        3286.03            3321.64            2
    449        450,    SUCCESS        2            15            1.33        3320.43            3321.76            3
    26        27,    SUCCESS        2            19            0.76        3321.53            3322.29            3
    127        128,    SUCCESS        2            5            0.79        3321.64            3322.43            3
    429        430,    SUCCESS        2            15            0.81        3321.76            3322.57            3
    491        492,    SUCCESS        2            11            1.26        3321.42            3322.68            3
    384        385,    SUCCESS        2            16            41.43        3281.53            3322.96            2
    425        426,    SUCCESS        2            11            0.59        3322.68            3323.27            3
    125        126,    SUCCESS        2            5            0.94        3322.43            3323.38            3
    217        218,    SUCCESS        2            15            1.14        3322.57            3323.71            3
    492        493,    SUCCESS        2            1            32.39        3291.43            3323.82            2
    280        281,    SUCCESS        2            5            1.38        3323.38            3324.76            3
    356        357,    SUCCESS        2            1            1.18        3323.82            3325            3
    487        488,    SUCCESS        2            15            1.4        3323.71            3325.11            3
    318        319,    SUCCESS        2            5            0.87        3324.76            3325.63            3
    221        222,    SUCCESS        2            1            0.95        3325            3325.95            3
    342        343,    SUCCESS        2            1            0.89        3325.95            3326.84            3
    231        232,    SUCCESS        2            5            1.38        3325.63            3327.01            3
    469        470,    SUCCESS        2            5            0.61        3327.01            3327.62            3
    387        388,    SUCCESS        2            1            0.95        3326.84            3327.79            3
    403        404,    SUCCESS        2            5            0.9        3327.62            3328.52            3
    61        62,    SUCCESS        2            13            39.72        3289.14            3328.86            2
    481        482,    SUCCESS        2            5            0.57        3328.52            3329.09            3
    78        79,    SUCCESS        2            1            1.41        3327.79            3329.2            3
    9        10,    SUCCESS        2            4            41.96        3287.64            3329.6            2
    407        408,    SUCCESS        2            1            1.37        3329.2            3330.57            3
    58        59,    SUCCESS        2            1            1.05        3330.57            3331.62            3
    203        204,    SUCCESS        2            1            0.8        3331.62            3332.42            3
    493        494,    SUCCESS        2            1            0.8        3332.42            3333.22            3
    404        405,    SUCCESS        2            2            58.06        3277.15            3335.21            2
    405        406,    SUCCESS        2            14            1.56        3335.21            3336.77            3
    85        86,    SUCCESS        2            0            60.17        3288.93            3349.1            2
    266        267,    SUCCESS        2            0            1.52        3349.1            3350.62            3
    340        341,    SUCCESS        2            0            1.37        3350.62            3351.99            3
    436        437,    SUCCESS        2            8            43.87        3315.88            3359.75            2
    437        438,    SUCCESS        2            11            0.57        3359.75            3360.32            3
    91        92,    SUCCESS        2            13            33.24        3328.86            3362.1            2
    92        93,    SUCCESS        2            12            0.81        3362.1            3362.91            3
    418        419,    SUCCESS        2            16            41.61        3322.96            3364.57            2
    419        420,    SUCCESS        2            11            1.02        3364.57            3365.59            3
    442        443,    SUCCESS        2            18            53.76        3314            3367.76            2
    443        444,    SUCCESS        2            11            0.65        3367.76            3368.41            3
    41        42,    SUCCESS        2            4            46.34        3329.6            3375.94            2
    42        43,    SUCCESS        2            5            1.02        3375.94            3376.96            3
    31        32,    SUCCESS        2            17            65.03        3321.53            3386.56            2
    494        495,    SUCCESS        2            8            27.18        3359.75            3386.93            2
    316        317,    SUCCESS        2            17            1.07        3386.56            3387.63            3
    292        293,    SUCCESS        2            8            1.59        3386.93            3388.52            3
    310        311,    SUCCESS        2            8            0.94        3388.52            3389.46            3
    143        144,    SUCCESS        2            8            1.09        3389.46            3390.55            3
    197        198,    SUCCESS        2            8            0.73        3390.55            3391.28            3
    460        461,    SUCCESS        2            0            40.68        3351.99            3392.67            2
    82        83,    SUCCESS        2            8            1.58        3391.28            3392.86            3
    410        411,    SUCCESS        2            2            58.3        3335.21            3393.51            2
    498        499,    SUCCESS        2            18            25.86        3367.76            3393.62            2
    52        53,    SUCCESS        2            8            1.03        3392.86            3393.89            3
    499        500,    SUCCESS        2            10            0.61        3393.62            3394.23            3
    411        412,    SUCCESS        2            9            1.18        3393.51            3394.69            3
    272        273,    SUCCESS        2            18            1.35        3393.62            3394.97            3
    393        394,    SUCCESS        2            8            1.58        3393.89            3395.47            3
    401        402,    SUCCESS        2            8            0.86        3395.47            3396.33            3
    121        122,    SUCCESS        2            18            1.47        3394.97            3396.44            3
    56        57,    SUCCESS        2            18            1.6        3396.44            3398.04            3
    98        99,    SUCCESS        2            18            0.92        3398.04            3398.96            3
    207        208,    SUCCESS        2            18            1.41        3398.96            3400.37            3
    389        390,    SUCCESS        2            18            1.2        3400.37            3401.57            3
    102        103,    SUCCESS        2            18            0.71        3401.57            3402.28            3
    8        9,    SUCCESS        2            18            1.42        3402.28            3403.7            3
    453        454,    SUCCESS        2            18            1.13        3403.7            3404.83            3
    12        13,    SUCCESS        2            18            1.2        3404.83            3406.03            3
    471        472,    SUCCESS        2            18            1.33        3406.03            3407.36            3
    10        11,    SUCCESS        2            18            0.78        3407.36            3408.14            3
    32        33,    SUCCESS        2            18            1.52        3408.14            3409.66            3
    466        467,    SUCCESS        2            16            50.17        3364.57            3414.74            2
    177        178,    SUCCESS        2            16            0.87        3414.74            3415.61            3
    59        60,    SUCCESS        2            4            40.47        3375.94            3416.41            2
    165        166,    SUCCESS        2            16            1.52        3415.61            3417.13            3
    383        384,    SUCCESS        2            16            0.83        3417.13            3417.96            3
    397        398,    SUCCESS        2            16            0.63        3417.96            3418.59            3
    473        474,    SUCCESS        2            16            1.4        3418.59            3419.99            3
    368        369,    SUCCESS        2            17            37.77        3387.63            3425.4            2
    369        370,    SUCCESS        2            18            0.75        3425.4            3426.15            3
    93        94,    SUCCESS        2            13            64.29        3362.1            3426.39            2
    94        95,    SUCCESS        2            14            1.62        3426.39            3428.01            3
    478        479,    SUCCESS        2            0            51.47        3392.67            3444.14            2
    199        200,    SUCCESS        2            0            1.09        3444.14            3445.23            3
    479        480,    SUCCESS        2            3            1.47        3444.14            3445.62            3
    28        29,    SUCCESS        2            0            1.44        3445.23            3446.67            3
    445        446,    SUCCESS        2            0            1.02        3446.67            3447.69            3
    88        89,    SUCCESS        2            0            0.9        3447.69            3448.59            3
    463        464,    SUCCESS        2            0            1.61        3448.59            3450.2            3
    496        497,    SUCCESS        2            2            61.89        3393.51            3455.4            2
    65        66,    SUCCESS        2            4            39.36        3416.41            3455.77            2
    497        498,    SUCCESS        2            1            1.25        3455.4            3456.65            3
    268        269,    SUCCESS        2            2            1.55        3455.4            3456.95            3
    66        67,    SUCCESS        2            0            1.29        3455.77            3457.06            3
    22        23,    SUCCESS        2            2            1.53        3456.95            3458.48            3
    76        77,    SUCCESS        2            2            1.32        3458.48            3459.8            3
    110        111,    SUCCESS        2            2            1.36        3459.8            3461.16            3
    90        91,    SUCCESS        2            2            0.63        3461.16            3461.79            3
    370        371,    SUCCESS        2            17            36.74        3425.4            3462.14            2
    219        220,    SUCCESS        2            2            1.2        3461.79            3462.99            3
    371        372,    SUCCESS        2            16            1.34        3462.14            3463.48            3
    201        202,    SUCCESS        2            2            1.01        3462.99            3464            3
    439        440,    SUCCESS        2            2            1.6        3464            3465.6            3
    455        456,    SUCCESS        2            2            1.53        3465.6            3467.13            3
    86        87,    SUCCESS        2            2            0.8        3467.13            3467.93            3
    467        468,    SUCCESS        2            2            0.99        3467.93            3468.92            3
    440        441,    SUCCESS        2            13            47.3        3426.39            3473.69            2
    441        442,    SUCCESS        2            6            0.64        3473.69            3474.33            3
    103        104,    SUCCESS        2            4            28.64        3455.77            3484.41            2
    104        105,    SUCCESS        2            11            0.76        3484.41            3485.17            3
    412        413,    SUCCESS        2            17            37.49        3462.14            3499.63            2
    413        414,    SUCCESS        2            10            1.01        3499.63            3500.64            3
    456        457,    SUCCESS        2            13            29.18        3473.69            3502.87            2
    457        458,    SUCCESS        2            9            0.95        3502.87            3503.82            3
    153        154,    SUCCESS        2            13            1.28        3502.87            3504.15            3
    294        295,    SUCCESS        2            13            0.66        3504.15            3504.81            3
    163        164,    SUCCESS        2            13            1.53        3504.81            3506.34            3
    54        55,    SUCCESS        2            13            1.56        3506.34            3507.9            3
    373        374,    SUCCESS        2            13            1.11        3507.9            3509.01            3
    6        7,    SUCCESS        2            13            1.06        3509.01            3510.07            3
    431        432,    SUCCESS        2            13            0.85        3510.07            3510.92            3
    106        107,    SUCCESS        2            13            1.19        3510.92            3512.11            3
    485        486,    SUCCESS        2            13            1.46        3512.11            3513.57            3
    465        466,    SUCCESS        2            13            1.09        3513.57            3514.66            3
    495        496,    SUCCESS        2            13            0.88        3514.66            3515.54            3
    461        462,    SUCCESS        2            13            1.46        3515.54            3517            3
    60        61,    SUCCESS        2            13            1.01        3517            3518.01            3
    111        112,    SUCCESS        2            4            41.86        3484.41            3526.27            2
    141        142,    SUCCESS        2            4            1.23        3526.27            3527.5            3
    185        186,    SUCCESS        2            4            1.27        3527.5            3528.77            3
    129        130,    SUCCESS        2            4            0.55        3528.77            3529.32            3
    72        73,    SUCCESS        2            4            1.34        3529.32            3530.66            3
    137        138,    SUCCESS        2            4            1.13        3530.66            3531.79            3
    346        347,    SUCCESS        2            4            1.36        3531.79            3533.15            3
    195        196,    SUCCESS        2            4            1.6        3533.15            3534.75            3
    209        210,    SUCCESS        2            4            0.59        3534.75            3535.34            3
    399        400,    SUCCESS        2            4            1.37        3535.34            3536.71            3
    421        422,    SUCCESS        2            4            1.01        3536.71            3537.72            3
    409        410,    SUCCESS        2            4            1.29        3537.72            3539.01            3
    233        234,    SUCCESS        2            4            1.49        3539.01            3540.5            3
    84        85,    SUCCESS        2            4            0.97        3540.5            3541.47            3
    20        21,    SUCCESS        2            4            1.26        3541.47            3542.73            3
    385        386,    SUCCESS        2            4            1.25        3542.73            3543.98            3
    62        63,    SUCCESS        2            4            1.32        3543.98            3545.3            3
    414        415,    SUCCESS        2            17            63.73        3499.63            3563.36            2
    415        416,    SUCCESS        2            8            0.7        3563.36            3564.06            3
    422        423,    SUCCESS        2            17            55.37        3563.36            3618.73            2
    423        424,    SUCCESS        2            5            1.4        3618.73            3620.13            3
    474        475,    SUCCESS        2            17            26.84        3618.73            3645.57            2
    475        476,    SUCCESS        2            18            0.7        3645.57            3646.27            3
    476        477,    SUCCESS        2            17            49.67        3645.57            3695.24            2
    477        478,    SUCCESS        2            13            0.8        3695.24            3696.04            3
    366        367,    SUCCESS        2            17            0.85        3695.24            3696.09            3
    151        152,    SUCCESS        2            17            1.46        3696.09            3697.55            3
    189        190,    SUCCESS        2            17            0.75        3697.55            3698.3            3
    433        434,    SUCCESS        2            17            0.71        3698.3            3699.01            3
    1        2,    SUCCESS        2            10            4.03        3695.24            3699.27            3
    96        97,    SUCCESS        2            17            1.62        3699.01            3700.63            3
    483        484,    SUCCESS        2            17            1.1        3700.63            3701.73            3
    417        418,    SUCCESS        2            17            1.24        3701.73            3702.97            3
    100        101,    SUCCESS        2            17            1.02        3702.97            3703.99            3
    395        396,    SUCCESS        2            17            0.67        3703.99            3704.66            3
    112        113,    SUCCESS        2            17            1.06        3704.66            3705.72            3
    0        1,    SUCCESS        2            15            2.26        3705.72            3707.98            4
