========== OUTPUT ==========
Job ID    Task ID    STATUS    Data center ID    VM ID        Time    Start Time    Finish Time    Depth
    484        Stage-in    SUCCESS        2            8            0.11        0.1            0.21            0
    11        12,    SUCCESS        2            17            1.1        0.21            1.31            1
    33        34,    SUCCESS        2            9            1.16        0.21            1.37            1
    3        4,    SUCCESS        2            19            1.16        0.21            1.37            1
    45        46,    SUCCESS        2            16            1.27        0.21            1.48            1
    10        11,    SUCCESS        2            3            1.32        0.21            1.53            1
    9        10,    SUCCESS        2            13            1.32        0.21            1.53            1
    1        2,    SUCCESS        2            0            1.36        0.21            1.57            1
    16        17,    SUCCESS        2            4            1.4        0.21            1.61            1
    8        9,    SUCCESS        2            6            1.49        0.21            1.7            1
    6        7,    SUCCESS        2            10            1.57        0.21            1.78            1
    32        33,    SUCCESS        2            15            1.65        0.21            1.86            1
    4        5,    SUCCESS        2            18            1.65        0.21            1.86            1
    30        31,    SUCCESS        2            1            1.67        0.21            1.88            1
    36        37,    SUCCESS        2            8            1.85        0.21            2.06            1
    5        6,    SUCCESS        2            2            1.92        0.21            2.13            1
    44        45,    SUCCESS        2            11            1.92        0.21            2.13            1
    92        93,    SUCCESS        2            9            0.8        1.37            2.17            1
    31        32,    SUCCESS        2            5            2.06        0.21            2.27            1
    2        3,    SUCCESS        2            14            2.07        0.21            2.28            1
    12        13,    SUCCESS        2            17            1.04        1.31            2.35            1
    132        133,    SUCCESS        2            1            0.69        1.88            2.57            1
    48        49,    SUCCESS        2            4            1.07        1.61            2.68            1
    61        62,    SUCCESS        2            0            1.22        1.57            2.79            1
    34        35,    SUCCESS        2            15            1.04        1.86            2.9            1
    15        16,    SUCCESS        2            19            1.53        1.37            2.9            1
    39        40,    SUCCESS        2            3            1.48        1.53            3.01            1
    13        14,    SUCCESS        2            13            1.59        1.53            3.12            1
    40        41,    SUCCESS        2            8            1.17        2.06            3.23            1
    162        163,    SUCCESS        2            16            1.75        1.48            3.23            1
    29        30,    SUCCESS        2            6            1.64        1.7            3.34            1
    165        166,    SUCCESS        2            1            0.88        2.57            3.45            1
    7        8,    SUCCESS        2            18            1.59        1.86            3.45            1
    93        94,    SUCCESS        2            11            1.47        2.13            3.6            1
    107        108,    SUCCESS        2            9            1.54        2.17            3.71            1
    35        36,    SUCCESS        2            5            1.55        2.27            3.82            1
    68        69,    SUCCESS        2            17            1.58        2.35            3.93            1
    130        131,    SUCCESS        2            0            1.25        2.79            4.04            1
    47        48,    SUCCESS        2            6            0.81        3.34            4.15            1
    38        39,    SUCCESS        2            19            1.36        2.9            4.26            1
    62        63,    SUCCESS        2            3            1.53        3.01            4.54            1
    79        80,    SUCCESS        2            8            1.42        3.23            4.65            1
    42        43,    SUCCESS        2            18            1.2        3.45            4.65            1
    41        42,    SUCCESS        2            5            0.94        3.82            4.76            1
    14        15,    SUCCESS        2            13            1.64        3.12            4.76            1
    253        254,    SUCCESS        2            1            1.42        3.45            4.87            1
    129        130,    SUCCESS        2            9            1.27        3.71            4.98            1
    99        100,    SUCCESS        2            11            1.38        3.6            4.98            1
    180        181,    SUCCESS        2            16            1.75        3.23            4.98            1
    134        135,    SUCCESS        2            0            1.32        4.04            5.36            1
    77        78,    SUCCESS        2            5            0.71        4.76            5.47            1
    64        65,    SUCCESS        2            18            0.93        4.65            5.58            1
    94        95,    SUCCESS        2            3            1.15        4.54            5.69            1
    65        66,    SUCCESS        2            6            1.73        4.15            5.88            1
    108        109,    SUCCESS        2            8            1.41        4.65            6.06            1
    254        255,    SUCCESS        2            1            1.32        4.87            6.19            1
    161        162,    SUCCESS        2            9            1.32        4.98            6.3            1
    105        106,    SUCCESS        2            11            1.43        4.98            6.41            1
    216        217,    SUCCESS        2            16            1.54        4.98            6.52            1
    97        98,    SUCCESS        2            3            0.95        5.69            6.64            1
    128        129,    SUCCESS        2            6            0.93        5.88            6.81            1
    126        127,    SUCCESS        2            5            1.5        5.47            6.97            1
    73        74,    SUCCESS        2            18            1.5        5.58            7.08            1
    255        256,    SUCCESS        2            1            1.33        6.19            7.52            1
    164        165,    SUCCESS        2            6            0.9        6.81            7.71            1
    135        136,    SUCCESS        2            8            1.76        6.06            7.82            1
    123        124,    SUCCESS        2            3            1.3        6.64            7.94            1
    167        168,    SUCCESS        2            11            1.67        6.41            8.08            1
    288        289,    SUCCESS        2            16            1.67        6.52            8.19            1
    100        101,    SUCCESS        2            18            1.22        7.08            8.3            1
    257        258,    SUCCESS        2            1            1.42        7.52            8.94            1
    127        128,    SUCCESS        2            3            1.11        7.94            9.05            1
    189        190,    SUCCESS        2            11            0.97        8.08            9.05            1
    136        137,    SUCCESS        2            8            1.84        7.82            9.66            1
    291        292,    SUCCESS        2            16            1.66        8.19            9.85            1
    101        102,    SUCCESS        2            18            1.75        8.3            10.05            1
    152        153,    SUCCESS        2            3            1.11        9.05            10.16            1
    407        408,    SUCCESS        2            16            1.17        9.85            11.02            1
    156        157,    SUCCESS        2            3            0.97        10.16            11.13            1
    181        182,    SUCCESS        2            3            1.11        11.13            12.24            1
    409        410,    SUCCESS        2            16            1.41        11.02            12.43            1
    182        183,    SUCCESS        2            3            1.4        12.24            13.64            1
    426        427,    SUCCESS        2            16            1.46        12.43            13.89            1
    273        274,    SUCCESS        2            3            1.25        13.64            14.89            1
    431        432,    SUCCESS        2            16            1.58        13.89            15.47            1
    283        284,    SUCCESS        2            3            1.06        14.89            15.95            1
    461        462,    SUCCESS        2            16            1.57        15.47            17.04            1
    344        345,    SUCCESS        2            3            1.44        15.95            17.39            1
    469        470,    SUCCESS        2            16            0.95        17.04            17.99            1
    370        371,    SUCCESS        2            3            1.79        17.39            19.18            1
    472        473,    SUCCESS        2            16            1.53        17.99            19.52            1
    375        376,    SUCCESS        2            3            1.32        19.18            20.5            1
    462        463,    SUCCESS        2            3            1.33        20.5            21.83            1
    19        20,    SUCCESS        2            2            29.78        2.13            31.91            1
    37        38,    SUCCESS        2            2            1.7        31.91            33.61            1
    43        44,    SUCCESS        2            2            1.26        33.61            34.87            1
    72        73,    SUCCESS        2            2            0.95        34.87            35.82            1
    51        52,    SUCCESS        2            4            33.8        2.68            36.48            1
    110        111,    SUCCESS        2            2            1.35        35.82            37.17            1
    63        64,    SUCCESS        2            4            1.32        36.48            37.8            1
    133        134,    SUCCESS        2            2            1.36        37.17            38.53            1
    18        19,    SUCCESS        2            12            38.73        0.21            38.94            1
    66        67,    SUCCESS        2            4            1.25        37.8            39.05            1
    46        47,    SUCCESS        2            12            0.94        38.94            39.88            1
    102        103,    SUCCESS        2            4            1.48        39.05            40.53            1
    104        105,    SUCCESS        2            4            1.6        40.53            42.13            1
    81        82,    SUCCESS        2            13            43.35        4.76            48.11            1
    137        138,    SUCCESS        2            13            0.87        48.11            48.98            1
    169        170,    SUCCESS        2            0            44.58        5.36            49.94            1
    139        140,    SUCCESS        2            8            40.39        9.66            50.05            1
    150        151,    SUCCESS        2            13            1.43        48.98            50.41            1
    260        261,    SUCCESS        2            1            41.62        8.94            50.56            1
    195        196,    SUCCESS        2            0            1.1        49.94            51.04            1
    223        224,    SUCCESS        2            13            0.82        50.41            51.23            1
    151        152,    SUCCESS        2            8            1.53        50.05            51.58            1
    258        259,    SUCCESS        2            0            1.18        51.04            52.22            1
    190        191,    SUCCESS        2            8            1.19        51.58            52.77            1
    339        340,    SUCCESS        2            13            1.76        51.23            52.99            1
    363        364,    SUCCESS        2            13            1.16        52.99            54.15            1
    194        195,    SUCCESS        2            8            1.55        52.77            54.32            1
    410        411,    SUCCESS        2            13            0.92        54.15            55.07            1
    214        215,    SUCCESS        2            8            1.21        54.32            55.53            1
    434        435,    SUCCESS        2            13            0.94        55.07            56.01            1
    457        458,    SUCCESS        2            13            0.87        56.01            56.88            1
    274        275,    SUCCESS        2            8            1.6        55.53            57.13            1
    464        465,    SUCCESS        2            13            1.33        56.88            58.21            1
    475        476,    SUCCESS        2            16            56.1        19.52            75.62            1
    50        51,    SUCCESS        2            12            48.92        39.88            88.8            1
    71        72,    SUCCESS        2            12            1.29        88.8            90.09            1
    98        99,    SUCCESS        2            12            1.26        90.09            91.35            1
    153        154,    SUCCESS        2            12            1.43        91.35            92.78            1
    187        188,    SUCCESS        2            12            1.25        92.78            94.03            1
    212        213,    SUCCESS        2            12            0.96        94.03            94.99            1
    215        216,    SUCCESS        2            12            1.3        94.99            96.29            1
    217        218,    SUCCESS        2            12            0.75        96.29            97.04            1
    140        141,    SUCCESS        2            2            66.19        38.53            104.72            1
    166        167,    SUCCESS        2            2            0.8        104.72            105.52            1
    196        197,    SUCCESS        2            2            1.69        105.52            107.21            1
    248        249,    SUCCESS        2            2            1.09        107.21            108.3            1
    250        251,    SUCCESS        2            2            1.47        108.3            109.77            1
    282        283,    SUCCESS        2            2            1.1        109.77            110.87            1
    311        312,    SUCCESS        2            2            1.72        110.87            112.59            1
    312        313,    SUCCESS        2            2            0.83        112.59            113.42            1
    261        262,    SUCCESS        2            1            74.21        50.56            124.77            1
    271        272,    SUCCESS        2            1            1.64        124.77            126.41            1
    230        231,    SUCCESS        2            12            30.27        97.04            127.31            1
    337        338,    SUCCESS        2            1            1.72        126.41            128.13            1
    244        245,    SUCCESS        2            12            1.28        127.31            128.59            1
    347        348,    SUCCESS        2            1            1.34        128.13            129.47            1
    246        247,    SUCCESS        2            12            1.58        128.59            130.17            1
    256        257,    SUCCESS        2            12            1.31        130.17            131.48            1
    281        282,    SUCCESS        2            12            1.32        131.48            132.8            1
    322        323,    SUCCESS        2            2            71.75        113.42            185.17            1
    345        346,    SUCCESS        2            2            1.49        185.17            186.66            1
    352        353,    SUCCESS        2            1            67.21        129.47            196.68            1
    373        374,    SUCCESS        2            1            1.5        196.68            198.18            1
    383        384,    SUCCESS        2            1            64.53        198.18            262.71            1
    405        406,    SUCCESS        2            1            1.28        262.71            263.99            1
    414        415,    SUCCESS        2            1            37.59        263.99            301.58            1
    49        50,    SUCCESS        2            7            779.24        0.21            779.45            1
    69        70,    SUCCESS        2            7            1.58        779.45            781.03            1
    70        71,    SUCCESS        2            7            1.14        781.03            782.17            1
    76        77,    SUCCESS        2            7            1.04        782.17            783.21            1
    82        83,    SUCCESS        2            7            51.65        783.21            834.86            1
    95        96,    SUCCESS        2            7            1.52        834.86            836.38            1
    109        110,    SUCCESS        2            7            1.36        836.38            837.74            1
    292        293,    SUCCESS        2            8            869.7        57.13            926.83            1
    310        311,    SUCCESS        2            8            1.62        926.83            928.45            1
    317        318,    SUCCESS        2            8            1.44        928.45            929.89            1
    319        320,    SUCCESS        2            8            0.94        929.89            930.83            1
    342        343,    SUCCESS        2            8            1.51        930.83            932.34            1
    367        368,    SUCCESS        2            8            1.47        932.34            933.81            1
    368        369,    SUCCESS        2            8            1.1        933.81            934.91            1
    378        379,    SUCCESS        2            8            1.16        934.91            936.07            1
    402        403,    SUCCESS        2            8            1.18        936.07            937.25            1
    259        260,    SUCCESS        2            0            1005.65        52.22            1057.87            1
    308        309,    SUCCESS        2            0            1.65        1057.87            1059.52            1
    376        377,    SUCCESS        2            0            1.03        1059.52            1060.55            1
    382        383,    SUCCESS        2            0            41.31        1060.55            1101.86            1
    403        404,    SUCCESS        2            0            1.12        1101.86            1102.98            1
    425        426,    SUCCESS        2            0            1.64        1102.98            1104.62            1
    427        428,    SUCCESS        2            0            1.22        1104.62            1105.84            1
    0        1,    SUCCESS        2            0            0.11        1105.84            1105.95            2
    111        112,    SUCCESS        2            17            1570.1        3.93            1574.03            1
    188        189,    SUCCESS        2            17            1.34        1574.03            1575.37            1
    17        18,    SUCCESS        2            10            1589.02        1.78            1590.8            1
    131        132,    SUCCESS        2            10            1.3        1590.8            1592.1            1
    154        155,    SUCCESS        2            10            1.06        1592.1            1593.16            1
    193        194,    SUCCESS        2            10            1.18        1593.16            1594.34            1
    225        226,    SUCCESS        2            10            0.83        1594.34            1595.17            1
    309        310,    SUCCESS        2            10            1.4        1595.17            1596.57            1
    374        375,    SUCCESS        2            10            0.86        1596.57            1597.43            1
    379        380,    SUCCESS        2            10            0.74        1597.43            1598.17            1
    396        397,    SUCCESS        2            10            1.37        1598.17            1599.54            1
    399        400,    SUCCESS        2            10            1.76        1599.54            1601.3            1
    428        429,    SUCCESS        2            10            1.45        1601.3            1602.75            1
    440        441,    SUCCESS        2            10            1.56        1602.75            1604.31            1
    453        454,    SUCCESS        2            10            0.9        1604.31            1605.21            1
    323        324,    SUCCESS        2            12            1519.2        132.8            1652            1
    202        203,    SUCCESS        2            17            76.63        1575.37            1652            1
    338        339,    SUCCESS        2            12            0.65        1652            1652.65            1
    213        214,    SUCCESS        2            17            1.39        1652            1653.39            1
    366        367,    SUCCESS        2            12            0.85        1652.65            1653.5            1
    397        398,    SUCCESS        2            12            1.56        1653.5            1655.06            1
    218        219,    SUCCESS        2            17            1.81        1653.39            1655.2            1
    412        413,    SUCCESS        2            12            1.07        1655.06            1656.13            1
    220        221,    SUCCESS        2            17            1.85        1655.2            1657.05            1
    439        440,    SUCCESS        2            12            1.03        1656.13            1657.16            1
    241        242,    SUCCESS        2            17            1.45        1657.05            1658.5            1
    459        460,    SUCCESS        2            12            1.66        1657.16            1658.82            1
    279        280,    SUCCESS        2            17            0.66        1658.5            1659.16            1
    280        281,    SUCCESS        2            17            0.95        1659.16            1660.11            1
    441        442,    SUCCESS        2            1            1405.27        301.58            1706.85            1
    138        139,    SUCCESS        2            5            1707.21        6.97            1714.18            1
    183        184,    SUCCESS        2            5            1.02        1714.18            1715.2            1
    168        169,    SUCCESS        2            9            1709.82        6.3            1716.12            1
    221        222,    SUCCESS        2            5            1.32        1715.2            1716.52            1
    184        185,    SUCCESS        2            9            1.12        1716.12            1717.24            1
    226        227,    SUCCESS        2            5            1.03        1716.52            1717.55            1
    219        220,    SUCCESS        2            9            1.7        1717.24            1718.94            1
    83        84,    SUCCESS        2            15            1750.92        2.9            1753.82            1
    103        104,    SUCCESS        2            15            1.56        1753.82            1755.38            1
    112        113,    SUCCESS        2            15            47.02        1755.38            1802.4            1
    163        164,    SUCCESS        2            15            1.57        1802.4            1803.97            1
    201        202,    SUCCESS        2            15            29.03        1803.97            1833            1
    200        201,    SUCCESS        2            11            1922.53        9.05            1931.58            1
    224        225,    SUCCESS        2            11            0.66        1931.58            1932.24            1
    476        477,    SUCCESS        2            16            1862.61        75.62            1938.23            1
    231        232,    SUCCESS        2            11            55.42        1932.24            1987.66            1
    272        273,    SUCCESS        2            11            1.29        1987.66            1988.95            1
    335        336,    SUCCESS        2            11            1.06        1988.95            1990.01            1
    171        172,    SUCCESS        2            6            2011.8        7.71            2019.51            1
    199        200,    SUCCESS        2            6            1.11        2019.51            2020.62            1
    228        229,    SUCCESS        2            6            1.58        2020.62            2022.2            1
    242        243,    SUCCESS        2            6            1.42        2022.2            2023.62            1
    276        277,    SUCCESS        2            6            0.77        2023.62            2024.39            1
    307        308,    SUCCESS        2            6            1.52        2024.39            2025.91            1
    315        316,    SUCCESS        2            6            1.44        2025.91            2027.35            1
    341        342,    SUCCESS        2            6            1.85        2027.35            2029.2            1
    395        396,    SUCCESS        2            6            1.26        2029.2            2030.46            1
    398        399,    SUCCESS        2            6            1.12        2030.46            2031.58            1
    52        53,    SUCCESS        2            19            2658.09        4.26            2662.35            1
    74        75,    SUCCESS        2            19            1.5        2662.35            2663.85            1
    78        79,    SUCCESS        2            19            1.69        2663.85            2665.54            1
    141        142,    SUCCESS        2            7            1836.92        837.74            2674.66            1
    186        187,    SUCCESS        2            7            1.37        2674.66            2676.03            1
    198        199,    SUCCESS        2            7            0.73        2676.03            2676.76            1
    247        248,    SUCCESS        2            7            1.36        2676.76            2678.12            1
    286        287,    SUCCESS        2            7            1.24        2678.12            2679.36            1
    289        290,    SUCCESS        2            7            1.23        2679.36            2680.59            1
    290        291,    SUCCESS        2            7            1.36        2680.59            2681.95            1
    306        307,    SUCCESS        2            7            1.42        2681.95            2683.37            1
    313        314,    SUCCESS        2            7            1.36        2683.37            2684.73            1
    353        354,    SUCCESS        2            2            2501.82        186.66            2688.48            1
    401        402,    SUCCESS        2            2            0.99        2688.48            2689.47            1
    432        433,    SUCCESS        2            2            1.63        2689.47            2691.1            1
    455        456,    SUCCESS        2            2            1.15        2691.1            2692.25            1
    456        457,    SUCCESS        2            2            1.5        2692.25            2693.75            1
    470        471,    SUCCESS        2            2            1.23        2693.75            2694.98            1
    321        322,    SUCCESS        2            7            40.8        2684.73            2725.53            1
    333        334,    SUCCESS        2            7            1.18        2725.53            2726.71            1
    334        335,    SUCCESS        2            7            1.01        2726.71            2727.72            1
    377        378,    SUCCESS        2            7            1.73        2727.72            2729.45            1
    411        412,    SUCCESS        2            7            1.56        2729.45            2731.01            1
    436        437,    SUCCESS        2            7            1.3        2731.01            2732.31            1
    458        459,    SUCCESS        2            7            1.28        2732.31            2733.59            1
    460        461,    SUCCESS        2            7            1.01        2733.59            2734.6            1
    113        114,    SUCCESS        2            19            71.59        2665.54            2737.13            1
    158        159,    SUCCESS        2            19            1.44        2737.13            2738.57            1
    320        321,    SUCCESS        2            17            1115.15        1660.11            2775.26            1
    336        337,    SUCCESS        2            17            0.91        2775.26            2776.17            1
    340        341,    SUCCESS        2            17            1.32        2776.17            2777.49            1
    474        475,    SUCCESS        2            7            43.85        2734.6            2778.45            1
    369        370,    SUCCESS        2            17            1.41        2777.49            2778.9            1
    170        171,    SUCCESS        2            19            40.52        2738.57            2779.09            1
    191        192,    SUCCESS        2            19            1.01        2779.09            2780.1            1
    192        193,    SUCCESS        2            19            0.86        2780.1            2780.96            1
    227        228,    SUCCESS        2            19            1.53        2780.96            2782.49            1
    243        244,    SUCCESS        2            19            0.78        2782.49            2783.27            1
    284        285,    SUCCESS        2            19            0.82        2783.27            2784.09            1
    114        115,    SUCCESS        2            18            2787.34        10.05            2797.39            1
    124        125,    SUCCESS        2            18            1.66        2797.39            2799.05            1
    125        126,    SUCCESS        2            18            1.32        2799.05            2800.37            1
    203        204,    SUCCESS        2            4            2758.35        42.13            2800.48            1
    197        198,    SUCCESS        2            18            1.24        2800.37            2801.61            1
    249        250,    SUCCESS        2            4            1.7        2800.48            2802.18            1
    251        252,    SUCCESS        2            4            0.95        2802.18            2803.13            1
    285        286,    SUCCESS        2            4            1.52        2803.13            2804.65            1
    287        288,    SUCCESS        2            4            1.21        2804.65            2805.86            1
    380        381,    SUCCESS        2            4            1.8        2805.86            2807.66            1
    430        431,    SUCCESS        2            4            1.47        2807.66            2809.13            1
    466        467,    SUCCESS        2            4            1.08        2809.13            2810.21            1
    471        472,    SUCCESS        2            4            1.58        2810.21            2811.79            1
    415        416,    SUCCESS        2            17            40.37        2778.9            2819.27            1
    435        436,    SUCCESS        2            17            1.08        2819.27            2820.35            1
    463        464,    SUCCESS        2            17            1.42        2820.35            2821.77            1
    293        294,    SUCCESS        2            19            37.97        2784.09            2822.06            1
    305        306,    SUCCESS        2            19            1.57        2822.06            2823.63            1
    316        317,    SUCCESS        2            19            1.02        2823.63            2824.65            1
    393        394,    SUCCESS        2            19            1.52        2824.65            2826.17            1
    400        401,    SUCCESS        2            19            0.98        2826.17            2827.15            1
    204        205,    SUCCESS        2            7            186.93        2800.48            2987.41            2
    172        173,    SUCCESS        2            12            287.2        2779.09            3066.29            2
    173        174,    SUCCESS        2            3            2.09        3066.29            3068.38            3
    174        175,    SUCCESS        2            7            3.34        3066.29            3069.63            3
    177        178,    SUCCESS        2            1            4.57        3066.29            3070.87            3
    53        54,    SUCCESS        2            16            517.13        2662.35            3179.48            2
    54        55,    SUCCESS        2            3            1.91        3179.48            3181.39            3
    55        56,    SUCCESS        2            1            5.62        3179.48            3185.11            3
    57        58,    SUCCESS        2            6            33.23        3181.39            3214.62            4
    324        325,    SUCCESS        2            10            467.12        2775.26            3242.38            2
    206        207,    SUCCESS        2            10            4.69        3242.38            3247.07            3
    329        330,    SUCCESS        2            19            5.47        3242.38            3247.86            3
    326        327,    SUCCESS        2            17            5.86        3242.38            3248.24            3
    20        21,    SUCCESS        2            14            3247.41        2.28            3249.69            1
    67        68,    SUCCESS        2            14            1.22        3249.69            3250.91            1
    75        76,    SUCCESS        2            14            1.22        3250.91            3252.13            1
    350        351,    SUCCESS        2            11            1312.38        1990.01            3302.39            1
    394        395,    SUCCESS        2            11            1.18        3302.39            3303.57            1
    433        434,    SUCCESS        2            11            1.44        3303.57            3305.01            1
    115        116,    SUCCESS        2            12            351.02        3066.29            3417.31            2
    117        118,    SUCCESS        2            7            5.97        3417.31            3423.28            3
    21        22,    SUCCESS        2            19            308.06        3249.69            3557.75            2
    22        23,    SUCCESS        2            6            1.91        3557.75            3559.66            3
    23        24,    SUCCESS        2            3            5.14        3557.75            3562.9            3
    26        27,    SUCCESS        2            19            5.72        3557.75            3563.48            3
    229        230,    SUCCESS        2            5            1890.85        1717.55            3608.4            1
    275        276,    SUCCESS        2            5            1.26        3608.4            3609.66            1
    278        279,    SUCCESS        2            5            1.29        3609.66            3610.95            1
    332        333,    SUCCESS        2            5            1.44        3610.95            3612.39            1
    404        405,    SUCCESS        2            5            1.75        3612.39            3614.14            1
    406        407,    SUCCESS        2            5            1.32        3614.14            3615.46            1
    437        438,    SUCCESS        2            5            1.47        3615.46            3616.93            1
    443        444,    SUCCESS        2            5            66.77        3616.93            3683.7            1
    122        123,    SUCCESS        2            5            0.11        3683.7            3683.81            2
    176        177,    SUCCESS        2            5            33        3683.81            3716.81            4
    116        117,    SUCCESS        2            5            1.94        3716.81            3718.75            3
    120        121,    SUCCESS        2            5            7.4        3718.75            3726.15            3
    119        120,    SUCCESS        2            1            33.23        3718.75            3751.98            4
    262        263,    SUCCESS        2            9            2151.31        1718.94            3870.25            1
    277        278,    SUCCESS        2            9            1.39        3870.25            3871.64            1
    416        417,    SUCCESS        2            8            2942.6        937.25            3879.85            1
    438        439,    SUCCESS        2            8            1.52        3879.85            3881.37            1
    294        295,    SUCCESS        2            9            31.8        3871.64            3903.44            1
    351        352,    SUCCESS        2            9            38.18        3903.44            3941.62            1
    362        363,    SUCCESS        2            9            1.07        3941.62            3942.69            1
    429        430,    SUCCESS        2            9            1.48        3942.69            3944.17            1
    442        443,    SUCCESS        2            9            46.83        3944.17            3991            1
    232        233,    SUCCESS        2            15            2257.13        1833            4090.13            1
    343        344,    SUCCESS        2            15            1.9        4090.13            4092.03            1
    348        349,    SUCCESS        2            15            1.28        4092.03            4093.31            1
    365        366,    SUCCESS        2            15            1.6        4093.31            4094.91            1
    263        264,    SUCCESS        2            12            499.46        3870.25            4369.71            2
    424        425,    SUCCESS        2            12            0.11        4369.71            4369.82            2
    264        265,    SUCCESS        2            17            2.04        4369.71            4371.75            3
    268        269,    SUCCESS        2            19            5.49        4369.71            4375.21            3
    265        266,    SUCCESS        2            5            5.65        4369.71            4375.37            3
    267        268,    SUCCESS        2            5            33        4375.37            4408.37            4
    233        234,    SUCCESS        2            0            381.24        4090.13            4471.37            2
    234        235,    SUCCESS        2            4            2.01        4471.37            4473.38            3
    237        238,    SUCCESS        2            17            33.23        4473.38            4506.61            4
    142        143,    SUCCESS        2            9            541.48        3991            4532.48            2
    143        144,    SUCCESS        2            1            1.98        4532.48            4534.46            3
    207        208,    SUCCESS        2            10            1360.91        3247.07            4607.98            3
    327        328,    SUCCESS        2            16            1383.2        3242.38            4625.59            3
    147        148,    SUCCESS        2            16            5.8        4625.59            4631.39            3
    25        26,    SUCCESS        2            10            33        4607.98            4640.98            4
    56        57,    SUCCESS        2            2            1469.41        3179.48            4648.89            3
    58        59,    SUCCESS        2            2            7.25        4648.89            4656.14            3
    146        147,    SUCCESS        2            16            33        4631.39            4664.39            4
    80        81,    SUCCESS        2            14            1480.23        3252.13            4732.36            1
    96        97,    SUCCESS        2            14            1.16        4732.36            4733.52            1
    106        107,    SUCCESS        2            14            1.27        4733.52            4734.79            1
    91        92,    SUCCESS        2            10            0.24        4734.79            4735.03            2
    155        156,    SUCCESS        2            14            1.59        4734.79            4736.38            1
    157        158,    SUCCESS        2            14            1.78        4736.38            4738.16            1
    159        160,    SUCCESS        2            14            1.18        4738.16            4739.34            1
    160        161,    SUCCESS        2            14            1.43        4739.34            4740.77            1
    149        150,    SUCCESS        2            10            0.2        4740.77            4740.97            2
    185        186,    SUCCESS        2            14            1.85        4740.77            4742.62            1
    179        180,    SUCCESS        2            10            0.22        4742.62            4742.84            2
    222        223,    SUCCESS        2            14            1.49        4742.62            4744.11            1
    245        246,    SUCCESS        2            14            0.69        4744.11            4744.8            1
    252        253,    SUCCESS        2            14            0.82        4744.8            4745.62            1
    240        241,    SUCCESS        2            9            0.2        4745.62            4745.82            2
    304        305,    SUCCESS        2            14            1.68        4745.62            4747.3            1
    318        319,    SUCCESS        2            14            1.55        4747.3            4748.85            1
    346        347,    SUCCESS        2            14            1.5        4748.85            4750.35            1
    349        350,    SUCCESS        2            14            0.95        4750.35            4751.3            1
    331        332,    SUCCESS        2            13            0.21        4751.3            4751.51            2
    372        373,    SUCCESS        2            14            1.02        4751.3            4752.32            1
    381        382,    SUCCESS        2            15            855.37        4094.91            4950.28            1
    408        409,    SUCCESS        2            15            1.64        4950.28            4951.92            1
    392        393,    SUCCESS        2            10            0.24        4951.92            4952.16            2
    454        455,    SUCCESS        2            15            1.74        4951.92            4953.66            1
    24        25,    SUCCESS        2            3            1443.44        3562.9            5006.34            3
    295        296,    SUCCESS        2            18            2222.76        2801.61            5024.37            1
    314        315,    SUCCESS        2            18            1.05        5024.37            5025.42            1
    364        365,    SUCCESS        2            18            0.99        5025.42            5026.41            1
    371        372,    SUCCESS        2            18            0.65        5026.41            5027.06            1
    467        468,    SUCCESS        2            18            0.91        5027.06            5027.97            1
    468        469,    SUCCESS        2            18            1.08        5027.97            5029.05            1
    354        355,    SUCCESS        2            3            401.54        5006.34            5407.88            2
    355        356,    SUCCESS        2            10            2.31        5407.88            5410.19            3
    144        145,    SUCCESS        2            3            2.9        5407.88            5410.78            3
    359        360,    SUCCESS        2            3            6.07        5410.78            5416.85            3
    296        297,    SUCCESS        2            7            396        5024.37            5420.37            2
    297        298,    SUCCESS        2            17            2.12        5420.37            5422.49            3
    356        357,    SUCCESS        2            7            5.56        5420.37            5425.93            3
    298        299,    SUCCESS        2            17            5.87        5422.49            5428.36            3
    300        301,    SUCCESS        2            5            33.23        5422.49            5455.72            4
    444        445,    SUCCESS        2            11            2381.42        3305.01            5686.43            1
    465        466,    SUCCESS        2            11            1.44        5686.43            5687.87            1
    28        29,    SUCCESS        2            11            0.11        5687.87            5687.98            2
    452        453,    SUCCESS        2            0            0.21        5687.87            5688.08            2
    59        60,    SUCCESS        2            3            1.81        5687.98            5689.79            5
    209        210,    SUCCESS        2            11            6.23        5687.98            5694.21            3
    145        146,    SUCCESS        2            6            1237.38        4532.48            5769.86            3
    148        149,    SUCCESS        2            16            2.21        5769.86            5772.07            5
    266        267,    SUCCESS        2            8            1553.08        4369.71            5922.79            3
    269        270,    SUCCESS        2            6            1.26        5922.79            5924.05            5
    118        119,    SUCCESS        2            2            1394.48        4656.14            6050.62            3
    270        271,    SUCCESS        2            2            0.11        6050.62            6050.73            2
    27        28,    SUCCESS        2            2            1.81        6050.73            6052.54            5
    121        122,    SUCCESS        2            3            2.02        6050.62            6052.64            5
    358        359,    SUCCESS        2            2            33        6052.54            6085.54            4
    175        176,    SUCCESS        2            18            1328.7        5029.05            6357.75            3
    84        85,    SUCCESS        2            8            436.28        5922.79            6359.07            2
    325        326,    SUCCESS        2            18            1.54        6357.75            6359.29            3
    211        212,    SUCCESS        2            18            0.11        6359.29            6359.4            2
    303        304,    SUCCESS        2            18            0.11        6359.4            6359.51            2
    361        362,    SUCCESS        2            18            0.11        6359.51            6359.62            2
    178        179,    SUCCESS        2            6            2.19        6357.75            6359.94            5
    86        87,    SUCCESS        2            0            5.51        6359.07            6364.58            3
    473        474,    SUCCESS        2            15            1668.5        4953.66            6622.16            1
    60        61,    SUCCESS        2            15            0.11        6622.16            6622.27            2
    235        236,    SUCCESS        2            15            6.5        6622.27            6628.77            3
    357        358,    SUCCESS        2            12            1305.29        5407.88            6713.17            3
    360        361,    SUCCESS        2            12            1.96        6713.17            6715.12            5
    299        300,    SUCCESS        2            17            1391.38        5428.36            6819.74            3
    301        302,    SUCCESS        2            17            6.08        6819.74            6825.82            3
    302        303,    SUCCESS        2            19            1.45        6825.82            6827.27            5
    85        86,    SUCCESS        2            17            1.85        6825.82            6827.67            3
    88        89,    SUCCESS        2            6            33.23        6827.67            6860.9            4
    477        478,    SUCCESS        2            3            481.79        6622.16            7103.95            2
    478        479,    SUCCESS        2            13            2.06        7103.95            7106.01            3
    479        480,    SUCCESS        2            10            5.64        7103.95            7109.59            3
    482        483,    SUCCESS        2            10            4.25        7109.59            7113.84            3
    481        482,    SUCCESS        2            18            33.23        7106.01            7139.24            4
    384        385,    SUCCESS        2            14            2634.88        4752.32            7387.2            1
    385        386,    SUCCESS        2            11            222.55        7387.2            7609.75            2
    386        387,    SUCCESS        2            16            1.96        7609.75            7611.71            3
    387        388,    SUCCESS        2            10            6.65        7609.75            7616.41            3
    390        391,    SUCCESS        2            16            5.77        7611.71            7617.48            3
    389        390,    SUCCESS        2            4            33.23        7611.71            7644.94            4
    236        237,    SUCCESS        2            15            1294.18        6628.77            7922.95            3
    238        239,    SUCCESS        2            15            5.03        7922.95            7927.98            3
    239        240,    SUCCESS        2            4            1.37        7927.98            7929.35            5
    328        329,    SUCCESS        2            15            33        7927.98            7960.98            4
    330        331,    SUCCESS        2            15            2.5        7960.98            7963.48            5
    87        88,    SUCCESS        2            17            1395.83        6827.67            8223.5            3
    413        414,    SUCCESS        2            14            1324.55        7387.2            8711.75            1
    205        206,    SUCCESS        2            14            1.81        8711.75            8713.56            3
    208        209,    SUCCESS        2            3            33.23        8713.56            8746.79            4
    445        446,    SUCCESS        2            14            307.85        8713.56            9021.41            2
    446        447,    SUCCESS        2            1            2.18        9021.41            9023.59            3
    447        448,    SUCCESS        2            3            5.47        9021.41            9026.88            3
    89        90,    SUCCESS        2            14            5.77        9021.41            9027.18            3
    450        451,    SUCCESS        2            1            5.83        9023.59            9029.42            3
    210        211,    SUCCESS        2            14            2.35        9027.18            9029.53            5
    90        91,    SUCCESS        2            14            0.85        9029.53            9030.38            5
    449        450,    SUCCESS        2            3            33        9026.88            9059.88            4
    388        389,    SUCCESS        2            10            1503.84        7616.41            9120.25            3
    391        392,    SUCCESS        2            7            2.56        9120.25            9122.8            5
    417        418,    SUCCESS        2            19            515.58        8711.75            9227.33            2
    418        419,    SUCCESS        2            7            1.86        9227.33            9229.19            3
    419        420,    SUCCESS        2            10            4.53        9227.33            9231.87            3
    421        422,    SUCCESS        2            0            33.23        9229.19            9262.42            4
    480        481,    SUCCESS        2            17            1436.44        8223.5            9659.94            3
    448        449,    SUCCESS        2            5            1265.61        9021.41            10287.02            3
    451        452,    SUCCESS        2            15            1.67        10287.02            10288.68            5
    420        421,    SUCCESS        2            17            1367.55        9659.94            11027.49            3
    422        423,    SUCCESS        2            17            5.55        11027.49            11033.04            3
    483        484,    SUCCESS        2            17            0.87        11033.04            11033.91            5
    423        424,    SUCCESS        2            3            1.71        11033.04            11034.75            5