========== OUTPUT ==========
Job ID    Task ID    STATUS    Data center ID    VM ID        Time    Start Time    Finish Time    Depth
    387        Stage-in    SUCCESS        2            2            0.11        0.1            0.21            0
    5        6,    SUCCESS        2            16            1.45        0.21            1.66            1
    44        45,    SUCCESS        2            3            1.49        0.21            1.7            1
    14        15,    SUCCESS        2            15            1.49        0.21            1.7            1
    4        5,    SUCCESS        2            18            1.49        0.21            1.7            1
    11        12,    SUCCESS        2            12            1.66        0.21            1.87            1
    2        3,    SUCCESS        2            7            1.7        0.21            1.91            1
    9        10,    SUCCESS        2            11            1.7        0.21            1.91            1
    31        32,    SUCCESS        2            2            1.72        0.21            1.93            1
    7        8,    SUCCESS        2            4            1.75        0.21            1.96            1
    62        63,    SUCCESS        2            10            1.75        0.21            1.96            1
    30        31,    SUCCESS        2            19            1.77        0.21            1.98            1
    1        2,    SUCCESS        2            8            1.78        0.21            1.99            1
    3        4,    SUCCESS        2            6            1.96        0.21            2.17            1
    6        7,    SUCCESS        2            13            1.96        0.21            2.17            1
    43        44,    SUCCESS        2            5            2.31        0.21            2.52            1
    8        9,    SUCCESS        2            18            0.93        1.7            2.63            1
    96        97,    SUCCESS        2            15            1.13        1.7            2.83            1
    42        43,    SUCCESS        2            4            0.98        1.96            2.94            1
    74        75,    SUCCESS        2            3            1.39        1.7            3.09            1
    94        95,    SUCCESS        2            7            1.29        1.91            3.2            1
    41        42,    SUCCESS        2            16            1.54        1.66            3.2            1
    15        16,    SUCCESS        2            6            1.14        2.17            3.31            1
    12        13,    SUCCESS        2            13            1.25        2.17            3.42            1
    10        11,    SUCCESS        2            18            0.79        2.63            3.42            1
    36        37,    SUCCESS        2            2            1.68        1.93            3.61            1
    34        35,    SUCCESS        2            19            1.74        1.98            3.72            1
    13        14,    SUCCESS        2            8            1.84        1.99            3.83            1
    95        96,    SUCCESS        2            10            1.87        1.96            3.83            1
    16        17,    SUCCESS        2            11            1.92        1.91            3.83            1
    64        65,    SUCCESS        2            4            1        2.94            3.94            1
    58        59,    SUCCESS        2            16            0.92        3.2            4.12            1
    101        102,    SUCCESS        2            3            1.14        3.09            4.23            1
    137        138,    SUCCESS        2            13            0.92        3.42            4.34            1
    66        67,    SUCCESS        2            2            1.21        3.61            4.82            1
    99        100,    SUCCESS        2            7            1.73        3.2            4.93            1
    33        34,    SUCCESS        2            11            1.1        3.83            4.93            1
    40        41,    SUCCESS        2            18            1.51        3.42            4.93            1
    77        78,    SUCCESS        2            4            1.1        3.94            5.04            1
    17        18,    SUCCESS        2            8            1.21        3.83            5.04            1
    102        103,    SUCCESS        2            19            1.43        3.72            5.15            1
    97        98,    SUCCESS        2            10            1.43        3.83            5.26            1
    60        61,    SUCCESS        2            16            1.46        4.12            5.58            1
    184        185,    SUCCESS        2            13            1.52        4.34            5.86            1
    123        124,    SUCCESS        2            4            1.16        5.04            6.2            1
    76        77,    SUCCESS        2            18            1.27        4.93            6.2            1
    121        122,    SUCCESS        2            7            1.38        4.93            6.31            1
    32        33,    SUCCESS        2            8            1.47        5.04            6.51            1
    61        62,    SUCCESS        2            11            1.69        4.93            6.62            1
    70        71,    SUCCESS        2            2            1.91        4.82            6.73            1
    130        131,    SUCCESS        2            16            1.47        5.58            7.05            1
    186        187,    SUCCESS        2            13            1.3        5.86            7.16            1
    136        137,    SUCCESS        2            7            0.96        6.31            7.27            1
    127        128,    SUCCESS        2            4            1.4        6.2            7.6            1
    63        64,    SUCCESS        2            11            1.15        6.62            7.77            1
    37        38,    SUCCESS        2            8            1.37        6.51            7.88            1
    133        134,    SUCCESS        2            18            1.85        6.2            8.05            1
    71        72,    SUCCESS        2            2            1.43        6.73            8.16            1
    255        256,    SUCCESS        2            13            1        7.16            8.16            1
    73        74,    SUCCESS        2            8            0.95        7.88            8.83            1
    160        161,    SUCCESS        2            7            1.8        7.27            9.07            1
    162        163,    SUCCESS        2            4            1.58        7.6            9.18            1
    75        76,    SUCCESS        2            11            1.41        7.77            9.18            1
    165        166,    SUCCESS        2            18            1.3        8.05            9.35            1
    274        275,    SUCCESS        2            13            1.3        8.16            9.46            1
    106        107,    SUCCESS        2            8            1.11        8.83            9.94            1
    217        218,    SUCCESS        2            18            0.79        9.35            10.14            1
    243        244,    SUCCESS        2            7            1.18        9.07            10.25            1
    195        196,    SUCCESS        2            4            1.25        9.18            10.43            1
    93        94,    SUCCESS        2            11            1.46        9.18            10.64            1
    277        278,    SUCCESS        2            13            1.43        9.46            10.89            1
    178        179,    SUCCESS        2            8            1.07        9.94            11.01            1
    252        253,    SUCCESS        2            7            1.59        10.25            11.84            1
    304        305,    SUCCESS        2            13            1.07        10.89            11.96            1
    100        101,    SUCCESS        2            11            1.55        10.64            12.19            1
    209        210,    SUCCESS        2            4            1.87        10.43            12.3            1
    183        184,    SUCCESS        2            8            1.45        11.01            12.46            1
    298        299,    SUCCESS        2            7            1.04        11.84            12.88            1
    305        306,    SUCCESS        2            13            1.21        11.96            13.17            1
    129        130,    SUCCESS        2            11            1.17        12.19            13.36            1
    216        217,    SUCCESS        2            4            1.64        12.3            13.94            1
    331        332,    SUCCESS        2            7            1.17        12.88            14.05            1
    239        240,    SUCCESS        2            8            1.75        12.46            14.21            1
    154        155,    SUCCESS        2            11            1.11        13.36            14.47            1
    314        315,    SUCCESS        2            13            1.51        13.17            14.68            1
    240        241,    SUCCESS        2            8            0.79        14.21            15            1
    333        334,    SUCCESS        2            8            1.67        15            16.67            1
    362        363,    SUCCESS        2            8            0.91        16.67            17.58            1
    365        366,    SUCCESS        2            8            0.9        17.58            18.48            1
    228        229,    SUCCESS        2            18            19.32        10.14            29.46            1
    19        20,    SUCCESS        2            1            36.53        0.21            36.74            1
    59        60,    SUCCESS        2            1            0.91        36.74            37.65            1
    108        109,    SUCCESS        2            10            32.71        5.26            37.97            1
    155        156,    SUCCESS        2            10            0.86        37.97            38.83            1
    69        70,    SUCCESS        2            1            1.35        37.65            39            1
    194        195,    SUCCESS        2            10            0.69        38.83            39.52            1
    134        135,    SUCCESS        2            1            0.93        39            39.93            1
    153        154,    SUCCESS        2            1            0.85        39.93            40.78            1
    215        216,    SUCCESS        2            1            1.23        40.78            42.01            1
    47        48,    SUCCESS        2            17            41.98        0.21            42.19            1
    219        220,    SUCCESS        2            1            1.3        42.01            43.31            1
    68        69,    SUCCESS        2            17            1.68        42.19            43.87            1
    139        140,    SUCCESS        2            16            37.34        7.05            44.39            1
    275        276,    SUCCESS        2            1            1.43        43.31            44.74            1
    98        99,    SUCCESS        2            17            1.15        43.87            45.02            1
    164        165,    SUCCESS        2            16            1.36        44.39            45.75            1
    300        301,    SUCCESS        2            1            1.54        44.74            46.28            1
    124        125,    SUCCESS        2            17            1.84        45.02            46.86            1
    179        180,    SUCCESS        2            16            1.45        45.75            47.2            1
    20        21,    SUCCESS        2            12            45.66        1.87            47.53            1
    161        162,    SUCCESS        2            17            1.14        46.86            48            1
    35        36,    SUCCESS        2            12            0.77        47.53            48.3            1
    214        215,    SUCCESS        2            17            1.14        48            49.14            1
    38        39,    SUCCESS        2            12            1.56        48.3            49.86            1
    218        219,    SUCCESS        2            17            1.68        49.14            50.82            1
    317        318,    SUCCESS        2            13            36.71        14.68            51.39            1
    268        269,    SUCCESS        2            17            1.45        50.82            52.27            1
    329        330,    SUCCESS        2            13            1.17        51.39            52.56            1
    299        300,    SUCCESS        2            17            1.47        52.27            53.74            1
    337        338,    SUCCESS        2            13            1.66        52.56            54.22            1
    48        49,    SUCCESS        2            0            61        0.21            61.21            1
    81        82,    SUCCESS        2            6            59        3.31            62.31            1
    104        105,    SUCCESS        2            0            1.44        61.21            62.65            1
    105        106,    SUCCESS        2            0            1.07        62.65            63.72            1
    109        110,    SUCCESS        2            3            59.97        4.23            64.2            1
    119        120,    SUCCESS        2            0            1.33        63.72            65.05            1
    156        157,    SUCCESS        2            3            1.01        64.2            65.21            1
    131        132,    SUCCESS        2            0            1.09        65.05            66.14            1
    223        224,    SUCCESS        2            3            1.1        65.21            66.31            1
    250        251,    SUCCESS        2            3            1.57        66.31            67.88            1
    306        307,    SUCCESS        2            3            1.23        67.88            69.11            1
    311        312,    SUCCESS        2            3            1.32        69.11            70.43            1
    312        313,    SUCCESS        2            3            0.9        70.43            71.33            1
    349        350,    SUCCESS        2            1            67.31        46.28            113.59            1
    363        364,    SUCCESS        2            1            0.92        113.59            114.51            1
    371        372,    SUCCESS        2            1            1.55        114.51            116.06            1
    372        373,    SUCCESS        2            1            1.47        116.06            117.53            1
    199        200,    SUCCESS        2            16            75.49        47.2            122.69            1
    340        341,    SUCCESS        2            16            0.94        122.69            123.63            1
    378        379,    SUCCESS        2            1            53.16        117.53            170.69            1
    138        139,    SUCCESS        2            19            744.65        5.15            749.8            1
    152        153,    SUCCESS        2            19            1.15        749.8            750.95            1
    159        160,    SUCCESS        2            19            1.71        750.95            752.66            1
    181        182,    SUCCESS        2            19            1.35        752.66            754.01            1
    198        199,    SUCCESS        2            19            35.34        754.01            789.35            1
    310        311,    SUCCESS        2            19            1.14        789.35            790.49            1
    364        365,    SUCCESS        2            19            1.28        790.49            791.77            1
    370        371,    SUCCESS        2            19            1.69        791.77            793.46            1
    18        19,    SUCCESS        2            9            841.63        0.21            841.84            1
    45        46,    SUCCESS        2            9            1.28        841.84            843.12            1
    67        68,    SUCCESS        2            9            1.3        843.12            844.42            1
    80        81,    SUCCESS        2            9            33.91        844.42            878.33            1
    120        121,    SUCCESS        2            9            1.8        878.33            880.13            1
    125        126,    SUCCESS        2            9            1.59        880.13            881.72            1
    150        151,    SUCCESS        2            9            1.07        881.72            882.79            1
    187        188,    SUCCESS        2            9            0.91        882.79            883.7            1
    188        189,    SUCCESS        2            9            1        883.7            884.7            1
    193        194,    SUCCESS        2            9            1.3        884.7            886            1
    196        197,    SUCCESS        2            9            1.12        886            887.12            1
    347        348,    SUCCESS        2            7            891.94        14.05            905.99            1
    366        367,    SUCCESS        2            7            0.69        905.99            906.68            1
    79        80,    SUCCESS        2            2            931        8.16            939.16            1
    122        123,    SUCCESS        2            2            1.14        939.16            940.3            1
    229        230,    SUCCESS        2            9            53.87        887.12            940.99            1
    247        248,    SUCCESS        2            9            1.11        940.99            942.1            1
    282        283,    SUCCESS        2            9            1.21        942.1            943.31            1
    328        329,    SUCCESS        2            9            0.93        943.31            944.24            1
    140        141,    SUCCESS        2            2            60.3        940.3            1000.6            1
    151        152,    SUCCESS        2            2            1.6        1000.6            1002.2            1
    157        158,    SUCCESS        2            2            1.33        1002.2            1003.53            1
    158        159,    SUCCESS        2            2            1.36        1003.53            1004.89            1
    185        186,    SUCCESS        2            2            1.24        1004.89            1006.13            1
    226        227,    SUCCESS        2            2            0.89        1006.13            1007.02            1
    166        167,    SUCCESS        2            11            1022.47        14.47            1036.94            1
    285        286,    SUCCESS        2            11            1.1        1036.94            1038.04            1
    301        302,    SUCCESS        2            11            1.64        1038.04            1039.68            1
    332        333,    SUCCESS        2            11            0.87        1039.68            1040.55            1
    343        344,    SUCCESS        2            11            0.92        1040.55            1041.47            1
    258        259,    SUCCESS        2            2            48.41        1007.02            1055.43            1
    308        309,    SUCCESS        2            2            1.48        1055.43            1056.91            1
    46        47,    SUCCESS        2            5            1487.7        2.52            1490.22            1
    128        129,    SUCCESS        2            5            1.59        1490.22            1491.81            1
    182        183,    SUCCESS        2            5            1.47        1491.81            1493.28            1
    213        214,    SUCCESS        2            5            1.04        1493.28            1494.32            1
    224        225,    SUCCESS        2            5            0.88        1494.32            1495.2            1
    241        242,    SUCCESS        2            5            1.09        1495.2            1496.29            1
    242        243,    SUCCESS        2            5            1.01        1496.29            1497.3            1
    245        246,    SUCCESS        2            5            1.4        1497.3            1498.7            1
    246        247,    SUCCESS        2            5            1.49        1498.7            1500.19            1
    227        228,    SUCCESS        2            4            1598.55        13.94            1612.49            1
    49        50,    SUCCESS        2            12            1643.99        49.86            1693.85            1
    72        73,    SUCCESS        2            12            1.05        1693.85            1694.9            1
    103        104,    SUCCESS        2            12            1.35        1694.9            1696.25            1
    135        136,    SUCCESS        2            12            1.18        1696.25            1697.43            1
    163        164,    SUCCESS        2            12            1.15        1697.43            1698.58            1
    149        150,    SUCCESS        2            9            0.2        1698.58            1698.78            2
    189        190,    SUCCESS        2            12            1.41        1698.58            1699.99            1
    210        211,    SUCCESS        2            12            1.35        1699.99            1701.34            1
    251        252,    SUCCESS        2            12            1.63        1701.34            1702.97            1
    270        271,    SUCCESS        2            12            1.81        1702.97            1704.78            1
    272        273,    SUCCESS        2            12            1.06        1704.78            1705.84            1
    315        316,    SUCCESS        2            12            1.67        1705.84            1707.51            1
    374        375,    SUCCESS        2            12            1.54        1707.51            1709.05            1
    200        201,    SUCCESS        2            10            1717.7        39.52            1757.22            1
    221        222,    SUCCESS        2            10            1.22        1757.22            1758.44            1
    141        142,    SUCCESS        2            0            1698.03        66.14            1764.17            1
    222        223,    SUCCESS        2            0            1.62        1764.17            1765.79            1
    244        245,    SUCCESS        2            0            0.69        1765.79            1766.48            1
    253        254,    SUCCESS        2            0            1.35        1766.48            1767.83            1
    279        280,    SUCCESS        2            0            1.35        1767.83            1769.18            1
    280        281,    SUCCESS        2            0            1.37        1769.18            1770.55            1
    334        335,    SUCCESS        2            0            1.09        1770.55            1771.64            1
    360        361,    SUCCESS        2            0            0.92        1771.64            1772.56            1
    375        376,    SUCCESS        2            0            1.23        1772.56            1773.79            1
    110        111,    SUCCESS        2            15            1783.02        2.83            1785.85            1
    257        258,    SUCCESS        2            10            42.32        1758.44            1800.76            1
    276        277,    SUCCESS        2            10            1.63        1800.76            1802.39            1
    283        284,    SUCCESS        2            10            1        1802.39            1803.39            1
    368        369,    SUCCESS        2            10            1.45        1803.39            1804.84            1
    21        22,    SUCCESS        2            14            1977.63        0.21            1977.84            1
    39        40,    SUCCESS        2            14            0.97        1977.84            1978.81            1
    65        66,    SUCCESS        2            14            1.7        1978.81            1980.51            1
    78        79,    SUCCESS        2            14            1.38        1980.51            1981.89            1
    57        58,    SUCCESS        2            1            0.21        1981.89            1982.1            2
    92        93,    SUCCESS        2            14            1.8        1981.89            1983.69            1
    350        351,    SUCCESS        2            16            2059.69        123.63            2183.32            1
    50        51,    SUCCESS        2            2            502.17        1693.85            2196.02            2
    51        52,    SUCCESS        2            8            1.7        2196.02            2197.72            3
    55        56,    SUCCESS        2            12            5.03        2196.02            2201.05            3
    52        53,    SUCCESS        2            8            5.41        2197.72            2203.13            3
    22        23,    SUCCESS        2            2            260        2196.02            2456.02            2
    23        24,    SUCCESS        2            2            1.91        2456.02            2457.93            3
    24        25,    SUCCESS        2            2            6.13        2457.93            2464.06            3
    26        27,    SUCCESS        2            16            33.23        2457.93            2491.17            4
    256        257,    SUCCESS        2            4            1206.16        1612.49            2818.65            1
    273        274,    SUCCESS        2            4            0.93        2818.65            2819.58            1
    307        308,    SUCCESS        2            4            1.36        2819.58            2820.94            1
    230        231,    SUCCESS        2            18            2922.34        29.46            2951.8            1
    254        255,    SUCCESS        2            18            1.15        2951.8            2952.95            1
    303        304,    SUCCESS        2            18            1.08        2952.95            2954.03            1
    313        314,    SUCCESS        2            18            1.61        2954.03            2955.64            1
    346        347,    SUCCESS        2            18            1.42        2955.64            2957.06            1
    377        378,    SUCCESS        2            18            25.9        2957.06            2982.96            1
    142        143,    SUCCESS        2            18            278.37        2982.96            3261.33            2
    143        144,    SUCCESS        2            1            2.11        3261.33            3263.45            3
    147        148,    SUCCESS        2            9            3.39        3261.33            3264.72            3
    144        145,    SUCCESS        2            12            4.32        3261.33            3265.65            3
    146        147,    SUCCESS        2            16            33.23        3263.45            3296.68            4
    82        83,    SUCCESS        2            6            3519.57        62.31            3581.88            1
    91        92,    SUCCESS        2            6            1.38        3581.88            3583.26            1
    90        91,    SUCCESS        2            16            0.2        3583.26            3583.46            2
    126        127,    SUCCESS        2            6            1.27        3583.26            3584.53            1
    132        133,    SUCCESS        2            6            1.28        3584.53            3585.81            1
    118        119,    SUCCESS        2            18            0.22        3585.81            3586.03            2
    167        168,    SUCCESS        2            6            29.07        3585.81            3614.88            1
    191        192,    SUCCESS        2            6            1.47        3614.88            3616.35            1
    107        108,    SUCCESS        2            14            1670.54        1983.69            3654.23            1
    168        169,    SUCCESS        2            14            42.15        3654.23            3696.38            1
    192        193,    SUCCESS        2            14            1.36        3696.38            3697.74            1
    212        213,    SUCCESS        2            14            1.82        3697.74            3699.56            1
    220        221,    SUCCESS        2            14            1.58        3699.56            3701.14            1
    225        226,    SUCCESS        2            14            1.52        3701.14            3702.66            1
    249        250,    SUCCESS        2            14            1.26        3702.66            3703.92            1
    269        270,    SUCCESS        2            14            1.02        3703.92            3704.94            1
    336        337,    SUCCESS        2            14            1.31        3704.94            3706.25            1
    341        342,    SUCCESS        2            14            1.84        3706.25            3708.09            1
    25        26,    SUCCESS        2            3            1445.49        2456.02            3901.51            3
    83        84,    SUCCESS        2            8            320.07        3581.88            3901.95            2
    84        85,    SUCCESS        2            9            2.11        3901.95            3904.06            3
    27        28,    SUCCESS        2            3            3.57        3901.51            3905.08            3
    88        89,    SUCCESS        2            2            4.46        3901.95            3906.41            3
    259        260,    SUCCESS        2            5            2425.98        1500.19            3926.17            1
    278        279,    SUCCESS        2            5            1.49        3926.17            3927.66            1
    111        112,    SUCCESS        2            7            410.32        3654.23            4064.55            2
    113        114,    SUCCESS        2            0            4.12        4064.55            4068.67            3
    197        198,    SUCCESS        2            6            678.1        3616.35            4294.45            1
    211        212,    SUCCESS        2            6            1.5        4294.45            4295.95            1
    284        285,    SUCCESS        2            6            1.36        4295.95            4297.31            1
    287        288,    SUCCESS        2            6            22.25        4297.31            4319.56            1
    379        380,    SUCCESS        2            10            2572.39        1804.84            4377.23            1
    260        261,    SUCCESS        2            2            487.5        3926.17            4413.67            2
    261        262,    SUCCESS        2            17            1.85        4413.67            4415.52            3
    265        266,    SUCCESS        2            17            5.64        4415.52            4421.16            3
    169        170,    SUCCESS        2            15            2912.08        1785.85            4697.93            1
    180        181,    SUCCESS        2            15            0.7        4697.93            4698.63            1
    190        191,    SUCCESS        2            15            1.45        4698.63            4700.08            1
    248        249,    SUCCESS        2            15            1.08        4700.08            4701.16            1
    238        239,    SUCCESS        2            0            0.2        4701.16            4701.36            2
    271        272,    SUCCESS        2            15            0.77        4701.16            4701.93            1
    281        282,    SUCCESS        2            15            1.46        4701.93            4703.39            1
    201        202,    SUCCESS        2            19            432.77        4294.45            4727.22            2
    177        178,    SUCCESS        2            19            0.11        4727.22            4727.33            2
    202        203,    SUCCESS        2            0            1.91        4727.22            4729.13            3
    203        204,    SUCCESS        2            19            6        4727.33            4733.33            3
    206        207,    SUCCESS        2            10            7.44        4727.22            4734.66            3
    288        289,    SUCCESS        2            15            70.74        4703.39            4774.13            1
    302        303,    SUCCESS        2            15            1.5        4774.13            4775.63            1
    318        319,    SUCCESS        2            15            38.5        4775.63            4814.13            1
    359        360,    SUCCESS        2            15            1.36        4814.13            4815.49            1
    286        287,    SUCCESS        2            5            1013.34        3927.66            4941            1
    170        171,    SUCCESS        2            1            264.75        4697.93            4962.68            2
    171        172,    SUCCESS        2            14            1.82        4962.68            4964.5            3
    172        173,    SUCCESS        2            19            5.52        4962.68            4968.2            3
    175        176,    SUCCESS        2            10            5.82        4962.68            4968.5            3
    174        175,    SUCCESS        2            11            33.23        4964.5            4997.74            4
    316        317,    SUCCESS        2            6            908.31        4319.56            5227.87            1
    335        336,    SUCCESS        2            6            0.99        5227.87            5228.86            1
    342        343,    SUCCESS        2            6            0.64        5228.86            5229.5            1
    369        370,    SUCCESS        2            6            1.89        5229.5            5231.39            1
    29        30,    SUCCESS        2            6            0.12        5231.39            5231.51            2
    86        87,    SUCCESS        2            9            1359.16        3904.06            5263.22            3
    112        113,    SUCCESS        2            9            1.79        5263.22            5265.01            3
    262        263,    SUCCESS        2            9            5.29        5265.01            5270.3            3
    115        116,    SUCCESS        2            17            33.23        5265.01            5298.25            4
    114        115,    SUCCESS        2            8            1446.26        4064.55            5510.8            3
    376        377,    SUCCESS        2            15            1125.77        4815.49            5941.26            1
    0        1,    SUCCESS        2            15            0.12        5941.26            5941.38            2
    208        209,    SUCCESS        2            15            0.11        5941.38            5941.49            2
    28        29,    SUCCESS        2            2            1.81        5941.38            5943.19            5
    205        206,    SUCCESS        2            15            33        5941.49            5974.49            4
    319        320,    SUCCESS        2            4            3281.74        2820.94            6102.68            1
    330        331,    SUCCESS        2            4            1.08        6102.68            6103.76            1
    338        339,    SUCCESS        2            4            1.57        6103.76            6105.33            1
    348        349,    SUCCESS        2            4            29.49        6105.33            6134.82            1
    361        362,    SUCCESS        2            4            1.3        6134.82            6136.12            1
    373        374,    SUCCESS        2            4            1.67        6136.12            6137.79            1
    87        88,    SUCCESS        2            4            33        6137.79            6170.79            4
    116        117,    SUCCESS        2            4            4.9        6170.79            6175.69            3
    117        118,    SUCCESS        2            11            1.47        6175.69            6177.16            5
    173        174,    SUCCESS        2            12            1428.77        4962.68            6391.45            3
    176        177,    SUCCESS        2            15            2.58        6391.45            6394.03            5
    53        54,    SUCCESS        2            6            1254.64        5231.51            6486.15            3
    351        352,    SUCCESS        2            16            498.92        6134.82            6633.74            2
    352        353,    SUCCESS        2            12            2.15        6633.74            6635.89            3
    356        357,    SUCCESS        2            19            5.37        6633.74            6639.11            3
    355        356,    SUCCESS        2            16            33.23        6635.89            6669.13            4
    204        205,    SUCCESS        2            9            1496.25        5270.3            6766.55            3
    207        208,    SUCCESS        2            19            1.52        6766.55            6768.07            5
    289        290,    SUCCESS        2            5            1883.59        4941            6824.59            1
    309        310,    SUCCESS        2            5            1.46        6824.59            6826.05            1
    297        298,    SUCCESS        2            18            0.21        6826.05            6826.26            2
    339        340,    SUCCESS        2            5            1.49        6826.05            6827.54            1
    344        345,    SUCCESS        2            5            1.14        6827.54            6828.68            1
    345        346,    SUCCESS        2            5            1.33        6828.68            6830.01            1
    327        328,    SUCCESS        2            18            0.21        6830.01            6830.22            2
    367        368,    SUCCESS        2            5            1.47        6830.01            6831.48            1
    231        232,    SUCCESS        2            6            356.32        6486.15            6842.47            2
    232        233,    SUCCESS        2            14            1.97        6842.47            6844.44            3
    236        237,    SUCCESS        2            2            6.15        6842.47            6848.62            3
    54        55,    SUCCESS        2            5            33        6831.48            6864.48            4
    56        57,    SUCCESS        2            7            1.98        6864.48            6866.46            5
    235        236,    SUCCESS        2            8            33.23        6844.44            6877.68            4
    380        381,    SUCCESS        2            5            214.41        6864.48            7078.89            2
    358        359,    SUCCESS        2            5            0.11        7078.89            7079            2
    382        383,    SUCCESS        2            11            6.52        7078.89            7085.42            3
    320        321,    SUCCESS        2            9            427.04        6766.55            7193.59            2
    321        322,    SUCCESS        2            8            2.03        7193.59            7195.63            3
    325        326,    SUCCESS        2            18            4.73        7193.59            7198.33            3
    322        323,    SUCCESS        2            0            5.04        7193.59            7198.64            3
    353        354,    SUCCESS        2            9            5.3        7193.59            7198.89            3
    324        325,    SUCCESS        2            13            33.23        7195.63            7228.86            4
    290        291,    SUCCESS        2            15            501.86        6824.59            7326.45            2
    233        234,    SUCCESS        2            15            4.25        7326.45            7330.7            3
    263        264,    SUCCESS        2            4            1533.89        6175.69            7709.58            3
    291        292,    SUCCESS        2            4            1.37        7709.58            7710.95            3
    354        355,    SUCCESS        2            12            1359.95        6635.89            7995.84            3
    357        358,    SUCCESS        2            2            2.1        7995.84            7997.94            5
    294        295,    SUCCESS        2            12            33        7995.84            8028.84            4
    145        146,    SUCCESS        2            6            1274.85        6842.47            8117.32            3
    148        149,    SUCCESS        2            18            1.86        8117.32            8119.18            5
    85        86,    SUCCESS        2            6            6.66        8117.32            8123.98            3
    264        265,    SUCCESS        2            6            33        8123.98            8156.98            4
    267        268,    SUCCESS        2            6            0.11        8156.98            8157.09            2
    292        293,    SUCCESS        2            6            6.17        8157.09            8163.26            3
    234        235,    SUCCESS        2            3            1414.17        6842.47            8256.64            3
    381        382,    SUCCESS        2            3            1.76        8256.64            8258.4            3
    237        238,    SUCCESS        2            16            2.27        8256.64            8258.9            5
    384        385,    SUCCESS        2            17            33.23        8258.4            8291.63            4
    383        384,    SUCCESS        2            11            1703.75        7085.42            8789.17            3
    385        386,    SUCCESS        2            11            4.59        8789.17            8793.76            3
    386        387,    SUCCESS        2            16            1.73        8793.76            8795.48            5
    295        296,    SUCCESS        2            11            3.73        8793.76            8797.49            3
    266        267,    SUCCESS        2            11            2.46        8797.49            8799.95            5
    293        294,    SUCCESS        2            19            1550.92        7326.45            8877.37            3
    323        324,    SUCCESS        2            3            1415.41        8258.4            9673.81            3
    326        327,    SUCCESS        2            17            2.35        9673.81            9676.15            5
    89        90,    SUCCESS        2            3            2.45        9673.81            9676.26            5
    296        297,    SUCCESS        2            3            2.44        9676.26            9678.7            5