========== OUTPUT ==========
Job ID    Task ID    STATUS    Data center ID    VM ID        Time    Start Time    Finish Time    Depth
    97        Stage-in    SUCCESS        2            18            0.11        0.1            0.21            0
    83        84,    SUCCESS        2            6            1.26        0.21            1.47            1
    64        65,    SUCCESS        2            9            1.32        0.21            1.53            1
    32        33,    SUCCESS        2            10            1.43        0.21            1.64            1
    18        19,    SUCCESS        2            2            1.45        0.21            1.66            1
    80        81,    SUCCESS        2            16            1.48        0.21            1.69            1
    37        38,    SUCCESS        2            13            1.5        0.21            1.71            1
    5        6,    SUCCESS        2            18            1.57        0.21            1.78            1
    1        2,    SUCCESS        2            7            1.64        0.21            1.84            1
    44        45,    SUCCESS        2            4            1.69        0.21            1.9            1
    2        3,    SUCCESS        2            15            1.69        0.21            1.9            1
    4        5,    SUCCESS        2            14            1.79        0.21            2            1
    10        11,    SUCCESS        2            8            1.81        0.21            2.02            1
    15        16,    SUCCESS        2            17            1.95        0.21            2.16            1
    3        4,    SUCCESS        2            3            1.98        0.21            2.19            1
    6        7,    SUCCESS        2            12            2.06        0.21            2.27            1
    67        68,    SUCCESS        2            9            0.78        1.53            2.31            1
    9        10,    SUCCESS        2            0            2.17        0.21            2.38            1
    11        12,    SUCCESS        2            15            0.68        1.9            2.57            1
    48        49,    SUCCESS        2            13            1.03        1.71            2.73            1
    8        9,    SUCCESS        2            18            1.15        1.78            2.93            1
    33        34,    SUCCESS        2            10            1.41        1.64            3.04            1
    69        70,    SUCCESS        2            17            1        2.16            3.15            1
    36        37,    SUCCESS        2            2            1.61        1.66            3.26            1
    16        17,    SUCCESS        2            7            1.42        1.84            3.26            1
    7        8,    SUCCESS        2            12            1        2.27            3.26            1
    17        18,    SUCCESS        2            14            1.26        2            3.26            1
    13        14,    SUCCESS        2            0            1        2.38            3.37            1
    81        82,    SUCCESS        2            9            1.06        2.31            3.37            1
    12        13,    SUCCESS        2            3            1.37        2.19            3.55            1
    66        67,    SUCCESS        2            4            1.66        1.9            3.55            1
    14        15,    SUCCESS        2            18            1.15        2.93            4.08            1
    34        35,    SUCCESS        2            15            1.62        2.57            4.19            1
    42        43,    SUCCESS        2            2            1.07        3.26            4.33            1
    35        36,    SUCCESS        2            10            1.4        3.04            4.44            1
    19        20,    SUCCESS        2            0            1.18        3.37            4.55            1
    47        48,    SUCCESS        2            7            1.44        3.26            4.71            1
    41        42,    SUCCESS        2            12            1.55        3.26            4.82            1
    40        41,    SUCCESS        2            15            1.11        4.19            5.31            1
    65        66,    SUCCESS        2            18            1.33        4.08            5.42            1
    45        46,    SUCCESS        2            2            1.31        4.33            5.65            1
    50        51,    SUCCESS        2            10            1.31        4.44            5.76            1
    38        39,    SUCCESS        2            0            1.59        4.55            6.15            1
    43        44,    SUCCESS        2            12            1.5        4.82            6.32            1
    70        71,    SUCCESS        2            15            1.25        5.31            6.56            1
    85        86,    SUCCESS        2            18            1.69        5.42            7.11            1
    49        50,    SUCCESS        2            12            0.9        6.32            7.22            1
    46        47,    SUCCESS        2            0            1.59        6.15            7.74            1
    51        52,    SUCCESS        2            12            1.44        7.22            8.66            1
    73        74,    SUCCESS        2            0            1.14        7.74            8.88            1
    74        75,    SUCCESS        2            0            1.15        8.88            10.03            1
    22        23,    SUCCESS        2            3            35.87        3.55            39.42            1
    0        1,    SUCCESS        2            3            0.11        39.42            39.53            2
    87        88,    SUCCESS        2            6            39.65        1.47            41.12            1
    21        22,    SUCCESS        2            14            39.68        3.26            42.95            1
    53        54,    SUCCESS        2            10            41.13        5.76            46.88            1
    79        80,    SUCCESS        2            10            1.2        46.88            48.09            1
    20        21,    SUCCESS        2            1            1801.2        0.21            1801.41            1
    54        55,    SUCCESS        2            1            34.76        1801.41            1836.17            1
    75        76,    SUCCESS        2            1            0.87        1836.17            1837.04            1
    52        53,    SUCCESS        2            12            1894.82        8.66            1903.47            1
    71        72,    SUCCESS        2            12            1.2        1903.47            1904.67            1
    55        56,    SUCCESS        2            11            2367.53        0.21            2367.74            1
    68        69,    SUCCESS        2            11            1.15        2367.74            2368.89            1
    77        78,    SUCCESS        2            11            1.51        2368.89            2370.41            1
    78        79,    SUCCESS        2            11            1.45        2370.41            2371.86            1
    84        85,    SUCCESS        2            11            1.75        2371.86            2373.61            1
    88        89,    SUCCESS        2            11            79.13        2373.61            2452.74            1
    23        24,    SUCCESS        2            5            2626.04        0.21            2626.25            1
    39        40,    SUCCESS        2            5            1.03        2626.25            2627.28            1
    31        32,    SUCCESS        2            11            0.22        2627.28            2627.5            2
    72        73,    SUCCESS        2            5            1.19        2627.28            2628.47            1
    76        77,    SUCCESS        2            5            1.34        2628.47            2629.81            1
    82        83,    SUCCESS        2            5            0.99        2629.81            2630.8            1
    63        64,    SUCCESS        2            14            0.23        2630.8            2631.04            2
    56        57,    SUCCESS        2            17            484.69        2367.74            2852.43            2
    57        58,    SUCCESS        2            5            2.41        2852.43            2854.84            3
    89        90,    SUCCESS        2            15            2849.33        6.56            2855.88            1
    58        59,    SUCCESS        2            1            6.1        2852.43            2858.54            3
    61        62,    SUCCESS        2            1            5.13        2858.54            2863.67            3
    60        61,    SUCCESS        2            7            33.23        2854.84            2888.07            4
    86        87,    SUCCESS        2            12            990.38        1904.67            2895.05            1
    24        25,    SUCCESS        2            0            506.73        2626.25            3132.98            2
    26        27,    SUCCESS        2            19            4.59        3132.98            3137.57            3
    29        30,    SUCCESS        2            14            4.81        3132.98            3137.79            3
    90        91,    SUCCESS        2            18            292.39        2895.05            3187.44            2
    91        92,    SUCCESS        2            4            1.44        3187.44            3188.88            3
    25        26,    SUCCESS        2            18            2.11        3187.44            3189.55            3
    92        93,    SUCCESS        2            7            5.12        3187.44            3192.57            3
    95        96,    SUCCESS        2            19            5.96        3187.44            3193.41            3
    94        95,    SUCCESS        2            11            33.23        3188.88            3222.11            4
    59        60,    SUCCESS        2            3            1301.93        2852.43            4154.36            3
    28        29,    SUCCESS        2            3            33        4154.36            4187.36            4
    27        28,    SUCCESS        2            12            1404.38        3132.98            4537.36            3
    30        31,    SUCCESS        2            5            1.58        4537.36            4538.94            5
    62        63,    SUCCESS        2            12            1.97        4537.36            4539.33            5
    93        94,    SUCCESS        2            8            1420.36        3187.44            4607.8            3
    96        97,    SUCCESS        2            13            2.27        4607.8            4610.07            5
