========== OUTPUT ==========
Job ID    Task ID    STATUS    Data center ID    VM ID        Time    Start Time    Finish Time    Depth
    194        Stage-in    SUCCESS        2            14            0.11        0.1            0.21            0
    14        15,    SUCCESS        2            14            1.31        0.21            1.52            1
    11        12,    SUCCESS        2            3            1.38        0.21            1.59            1
    96        97,    SUCCESS        2            10            1.41        0.21            1.62            1
    31        32,    SUCCESS        2            1            1.68        0.21            1.89            1
    5        6,    SUCCESS        2            2            1.71        0.21            1.92            1
    42        43,    SUCCESS        2            4            1.74        0.21            1.95            1
    15        16,    SUCCESS        2            12            1.74        0.21            1.95            1
    13        14,    SUCCESS        2            13            1.74        0.21            1.95            1
    16        17,    SUCCESS        2            19            1.74        0.21            1.95            1
    66        67,    SUCCESS        2            8            1.78        0.21            1.99            1
    2        3,    SUCCESS        2            11            1.78        0.21            1.99            1
    1        2,    SUCCESS        2            17            1.9        0.21            2.11            1
    73        74,    SUCCESS        2            0            1.92        0.21            2.13            1
    6        7,    SUCCESS        2            9            1.98        0.21            2.19            1
    18        19,    SUCCESS        2            15            2.04        0.21            2.25            1
    3        4,    SUCCESS        2            6            2.14        0.21            2.35            1
    39        40,    SUCCESS        2            3            1.04        1.59            2.63            1
    47        48,    SUCCESS        2            14            1.28        1.52            2.8            1
    67        68,    SUCCESS        2            4            0.96        1.95            2.91            1
    70        71,    SUCCESS        2            8            0.92        1.99            2.91            1
    10        11,    SUCCESS        2            11            1.03        1.99            3.02            1
    37        38,    SUCCESS        2            1            1.26        1.89            3.15            1
    8        9,    SUCCESS        2            2            1.34        1.92            3.26            1
    48        49,    SUCCESS        2            13            1.31        1.95            3.26            1
    9        10,    SUCCESS        2            9            1.18        2.19            3.37            1
    7        8,    SUCCESS        2            17            1.26        2.11            3.37            1
    17        18,    SUCCESS        2            19            1.53        1.95            3.48            1
    79        80,    SUCCESS        2            0            1.46        2.13            3.59            1
    162        163,    SUCCESS        2            10            1.97        1.62            3.59            1
    71        72,    SUCCESS        2            4            0.85        2.91            3.76            1
    32        33,    SUCCESS        2            15            1.68        2.25            3.93            1
    50        51,    SUCCESS        2            14            1.24        2.8            4.04            1
    43        44,    SUCCESS        2            3            1.53        2.63            4.16            1
    4        5,    SUCCESS        2            6            1.92        2.35            4.27            1
    72        73,    SUCCESS        2            8            1.36        2.91            4.27            1
    102        103,    SUCCESS        2            13            1.01        3.26            4.27            1
    97        98,    SUCCESS        2            0            0.81        3.59            4.4            1
    109        110,    SUCCESS        2            4            0.9        3.76            4.66            1
    12        13,    SUCCESS        2            2            1.54        3.26            4.8            1
    99        100,    SUCCESS        2            1            1.76        3.15            4.91            1
    35        36,    SUCCESS        2            19            1.43        3.48            4.91            1
    52        53,    SUCCESS        2            15            1.32        3.93            5.25            1
    116        117,    SUCCESS        2            13            1.09        4.27            5.36            1
    168        169,    SUCCESS        2            0            1.07        4.4            5.47            1
    77        78,    SUCCESS        2            8            1.2        4.27            5.47            1
    44        45,    SUCCESS        2            6            1.31        4.27            5.58            1
    166        167,    SUCCESS        2            1            0.78        4.91            5.69            1
    34        35,    SUCCESS        2            2            1        4.8            5.8            1
    139        140,    SUCCESS        2            4            1.43        4.66            6.09            1
    81        82,    SUCCESS        2            15            0.95        5.25            6.2            1
    40        41,    SUCCESS        2            19            1.29        4.91            6.2            1
    137        138,    SUCCESS        2            8            1.14        5.47            6.61            1
    174        175,    SUCCESS        2            1            1.2        5.69            6.89            1
    100        101,    SUCCESS        2            15            1.49        6.2            7.69            1
    46        47,    SUCCESS        2            19            1.6        6.2            7.8            1
    176        177,    SUCCESS        2            8            1.8        6.61            8.41            1
    117        118,    SUCCESS        2            19            1.12        7.8            8.92            1
    169        170,    SUCCESS        2            15            1.46        7.69            9.15            1
    182        183,    SUCCESS        2            8            1.51        8.41            9.92            1
    136        137,    SUCCESS        2            19            1.17        8.92            10.09            1
    165        166,    SUCCESS        2            19            0.98        10.09            11.07            1
    54        55,    SUCCESS        2            18            31.89        0.21            32.1            1
    69        70,    SUCCESS        2            18            1.36        32.1            33.46            1
    20        21,    SUCCESS        2            7            33.34        0.21            33.55            1
    36        37,    SUCCESS        2            7            0.69        33.55            34.24            1
    120        121,    SUCCESS        2            16            34.51        0.21            34.72            1
    74        75,    SUCCESS        2            18            1.37        33.46            34.83            1
    45        46,    SUCCESS        2            7            1.27        34.24            35.51            1
    148        149,    SUCCESS        2            16            1        34.72            35.72            1
    75        76,    SUCCESS        2            18            1.04        34.83            35.87            1
    51        52,    SUCCESS        2            7            1.03        35.51            36.54            1
    85        86,    SUCCESS        2            12            34.76        1.95            36.71            1
    65        66,    SUCCESS        2            7            1.36        36.54            37.9            1
    104        105,    SUCCESS        2            12            1.48        36.71            38.19            1
    111        112,    SUCCESS        2            12            1.61        38.19            39.8            1
    115        116,    SUCCESS        2            12            1.6        39.8            41.4            1
    134        135,    SUCCESS        2            12            1.07        41.4            42.47            1
    143        144,    SUCCESS        2            12            1.33        42.47            43.8            1
    86        87,    SUCCESS        2            5            45.42        0.21            45.63            1
    106        107,    SUCCESS        2            5            1.25        45.63            46.88            1
    114        115,    SUCCESS        2            5            1.23        46.88            48.11            1
    135        136,    SUCCESS        2            5            1.1        48.11            49.21            1
    171        172,    SUCCESS        2            5            0.9        49.21            50.11            1
    121        122,    SUCCESS        2            13            57.36        5.36            62.72            1
    178        179,    SUCCESS        2            13            1.47        62.72            64.19            1
    55        56,    SUCCESS        2            14            65.38        4.04            69.41            1
    78        79,    SUCCESS        2            14            0.79        69.41            70.2            1
    133        134,    SUCCESS        2            14            1.01        70.2            71.22            1
    144        145,    SUCCESS        2            14            1.39        71.22            72.61            1
    173        174,    SUCCESS        2            14            1.64        72.61            74.25            1
    21        22,    SUCCESS        2            17            82.71        3.37            86.08            1
    76        77,    SUCCESS        2            17            1.39        86.08            87.47            1
    83        84,    SUCCESS        2            17            0.94        87.47            88.41            1
    101        102,    SUCCESS        2            17            1.18        88.41            89.59            1
    108        109,    SUCCESS        2            17            0.86        89.59            90.45            1
    185        186,    SUCCESS        2            16            54.84        35.72            90.56            1
    110        111,    SUCCESS        2            17            1.6        90.45            92.05            1
    112        113,    SUCCESS        2            17            1.12        92.05            93.17            1
    118        119,    SUCCESS        2            17            1.02        93.17            94.19            1
    141        142,    SUCCESS        2            17            1.66        94.19            95.85            1
    142        143,    SUCCESS        2            17            1.35        95.85            97.2            1
    84        85,    SUCCESS        2            7            896.96        37.9            934.86            1
    140        141,    SUCCESS        2            7            1.56        934.86            936.42            1
    161        162,    SUCCESS        2            7            0.72        936.42            937.14            1
    177        178,    SUCCESS        2            7            1.31        937.14            938.45            1
    184        185,    SUCCESS        2            7            30.17        938.45            968.62            1
    53        54,    SUCCESS        2            6            1636.33        5.58            1641.91            1
    68        69,    SUCCESS        2            6            1.41        1641.91            1643.32            1
    98        99,    SUCCESS        2            6            1.36        1643.32            1644.68            1
    132        133,    SUCCESS        2            6            1.29        1644.68            1645.97            1
    145        146,    SUCCESS        2            6            1.08        1645.97            1647.05            1
    146        147,    SUCCESS        2            6            1.4        1647.05            1648.45            1
    19        20,    SUCCESS        2            11            1840.49        3.02            1843.51            1
    38        39,    SUCCESS        2            11            1.77        1843.51            1845.28            1
    49        50,    SUCCESS        2            11            1.19        1845.28            1846.47            1
    103        104,    SUCCESS        2            11            1.14        1846.47            1847.61            1
    113        114,    SUCCESS        2            11            1.48        1847.61            1849.09            1
    179        180,    SUCCESS        2            11            1.6        1849.09            1850.69            1
    22        23,    SUCCESS        2            9            2031.56        3.37            2034.93            1
    33        34,    SUCCESS        2            9            1.24        2034.93            2036.17            1
    41        42,    SUCCESS        2            9            1.25        2036.17            2037.42            1
    30        31,    SUCCESS        2            8            0.23        2037.42            2037.65            2
    80        81,    SUCCESS        2            9            1.11        2037.42            2038.53            1
    82        83,    SUCCESS        2            9            0.74        2038.53            2039.27            1
    107        108,    SUCCESS        2            9            1.89        2039.27            2041.16            1
    56        57,    SUCCESS        2            2            2113.03        5.8            2118.83            1
    151        152,    SUCCESS        2            9            77.83        2041.16            2118.99            1
    181        182,    SUCCESS        2            9            0.84        2118.99            2119.83            1
    122        123,    SUCCESS        2            3            2186.75        4.16            2190.91            1
    147        148,    SUCCESS        2            3            1.23        2190.91            2192.14            1
    150        151,    SUCCESS        2            3            42.51        2192.14            2234.65            1
    163        164,    SUCCESS        2            3            0.98        2234.65            2235.63            1
    172        173,    SUCCESS        2            3            1.08        2235.63            2236.71            1
    87        88,    SUCCESS        2            18            2437.12        35.87            2472.99            1
    105        106,    SUCCESS        2            18            0.64        2472.99            2473.63            1
    95        96,    SUCCESS        2            12            0.24        2473.63            2473.87            2
    131        132,    SUCCESS        2            18            1.46        2473.63            2475.09            1
    138        139,    SUCCESS        2            18            1.33        2475.09            2476.42            1
    23        24,    SUCCESS        2            7            505.42        2034.93            2540.34            2
    64        65,    SUCCESS        2            7            0.11        2540.34            2540.45            2
    24        25,    SUCCESS        2            6            1.61        2540.34            2541.96            3
    28        29,    SUCCESS        2            16            5.11        2540.34            2545.46            3
    57        58,    SUCCESS        2            17            519.37        2118.83            2638.19            2
    58        59,    SUCCESS        2            15            2.07        2638.19            2640.26            3
    59        60,    SUCCESS        2            5            4.64        2638.19            2642.84            3
    62        63,    SUCCESS        2            12            5.56        2638.19            2643.76            3
    61        62,    SUCCESS        2            15            33.23        2640.26            2673.49            4
    186        187,    SUCCESS        2            13            2789.56        64.19            2853.75            1
    183        184,    SUCCESS        2            3            868.66        2236.71            3105.37            1
    0        1,    SUCCESS        2            3            0.11        3105.37            3105.48            2
    130        131,    SUCCESS        2            3            0.11        3105.48            3105.59            2
    27        28,    SUCCESS        2            3            33        3105.59            3138.59            4
    149        150,    SUCCESS        2            18            1074.85        2476.42            3551.27            1
    175        176,    SUCCESS        2            18            1.7        3551.27            3552.97            1
    180        181,    SUCCESS        2            18            1.63        3552.97            3554.6            1
    119        120,    SUCCESS        2            2            1669.56        2118.83            3788.39            1
    88        89,    SUCCESS        2            18            308.71        3554.6            3863.31            2
    89        90,    SUCCESS        2            8            1.93        3863.31            3865.24            3
    90        91,    SUCCESS        2            1            4.32        3863.31            3867.63            3
    25        26,    SUCCESS        2            18            5.45        3863.31            3868.76            3
    93        94,    SUCCESS        2            1            3.97        3867.63            3871.6            3
    92        93,    SUCCESS        2            17            33.23        3865.24            3898.47            4
    26        27,    SUCCESS        2            6            1427.44        2541.96            3969.4            3
    29        30,    SUCCESS        2            4            1.81        3969.4            3971.21            5
    60        61,    SUCCESS        2            5            1409.41        2642.84            4052.25            3
    63        64,    SUCCESS        2            18            2.64        4052.25            4054.89            5
    123        124,    SUCCESS        2            15            316.23        3788.39            4104.61            2
    124        125,    SUCCESS        2            4            1.74        4104.61            4106.36            3
    128        129,    SUCCESS        2            1            4.39        4104.61            4109.01            3
    125        126,    SUCCESS        2            19            4.93        4104.61            4109.54            3
    187        188,    SUCCESS        2            5            406.16        4052.25            4458.41            2
    188        189,    SUCCESS        2            18            2.03        4458.41            4460.44            3
    192        193,    SUCCESS        2            9            3.11        4458.41            4461.52            3
    189        190,    SUCCESS        2            3            5.6        4458.41            4464.01            3
    127        128,    SUCCESS        2            5            33        4458.41            4491.41            4
    191        192,    SUCCESS        2            17            33.23        4460.44            4493.67            4
    91        92,    SUCCESS        2            8            1388.42        3865.24            5253.66            3
    94        95,    SUCCESS        2            0            2.11        5253.66            5255.77            5
    126        127,    SUCCESS        2            4            1409.96        4106.36            5516.32            3
    129        130,    SUCCESS        2            4            2.54        5516.32            5518.86            5
    190        191,    SUCCESS        2            18            1177.54        4460.44            5637.98            3
    152        153,    SUCCESS        2            2            2297.15        3788.39            6085.54            1
    164        165,    SUCCESS        2            2            1.21        6085.54            6086.75            1
    167        168,    SUCCESS        2            2            1.72        6086.75            6088.47            1
    170        171,    SUCCESS        2            2            1.64        6088.47            6090.11            1
    160        161,    SUCCESS        2            11            0.23        6090.11            6090.34            2
    193        194,    SUCCESS        2            9            2.24        6090.34            6092.58            5
    153        154,    SUCCESS        2            1            369.18        6085.54            6454.71            2
    154        155,    SUCCESS        2            16            1.85        6454.71            6456.56            3
    155        156,    SUCCESS        2            17            4.94        6454.71            6459.66            3
    158        159,    SUCCESS        2            7            6.2        6454.71            6460.92            3
    157        158,    SUCCESS        2            4            33.23        6456.56            6489.79            4
    156        157,    SUCCESS        2            17            1391.69        6459.66            7851.35            3
    159        160,    SUCCESS        2            7            1.21        7851.35            7852.56            5