========== OUTPUT ==========
Job ID    Task ID    STATUS    Data center ID    VM ID        Time    Start Time    Finish Time    Depth
    290        Stage-in    SUCCESS        2            7            0.11        0.1            0.21            0
    10        11,    SUCCESS        2            5            1.45        0.21            1.66            1
    12        13,    SUCCESS        2            10            1.54        0.21            1.75            1
    6        7,    SUCCESS        2            13            1.54        0.21            1.75            1
    15        16,    SUCCESS        2            4            1.66        0.21            1.87            1
    7        8,    SUCCESS        2            6            1.72        0.21            1.93            1
    14        15,    SUCCESS        2            8            1.72        0.21            1.93            1
    18        19,    SUCCESS        2            11            1.72        0.21            1.93            1
    36        37,    SUCCESS        2            12            1.77        0.21            1.98            1
    11        12,    SUCCESS        2            2            1.89        0.21            2.1            1
    2        3,    SUCCESS        2            1            1.93        0.21            2.14            1
    5        6,    SUCCESS        2            14            1.93        0.21            2.14            1
    3        4,    SUCCESS        2            3            2        0.21            2.21            1
    1        2,    SUCCESS        2            0            2.04        0.21            2.25            1
    17        18,    SUCCESS        2            7            2.07        0.21            2.28            1
    40        41,    SUCCESS        2            19            2.12        0.21            2.33            1
    69        70,    SUCCESS        2            18            2.14        0.21            2.35            1
    33        34,    SUCCESS        2            15            2.26        0.21            2.47            1
    38        39,    SUCCESS        2            10            1.06        1.75            2.81            1
    93        94,    SUCCESS        2            5            1.26        1.66            2.92            1
    4        5,    SUCCESS        2            0            0.78        2.25            3.03            1
    35        36,    SUCCESS        2            8            1.1        1.93            3.03            1
    71        72,    SUCCESS        2            11            1.21        1.93            3.14            1
    32        33,    SUCCESS        2            3            1.04        2.21            3.25            1
    42        43,    SUCCESS        2            6            1.32        1.93            3.25            1
    34        35,    SUCCESS        2            7            0.97        2.28            3.25            1
    8        9,    SUCCESS        2            13            1.8        1.75            3.55            1
    37        38,    SUCCESS        2            1            1.52        2.14            3.66            1
    39        40,    SUCCESS        2            2            1.56        2.1            3.66            1
    9        10,    SUCCESS        2            14            1.52        2.14            3.66            1
    148        149,    SUCCESS        2            18            1.42        2.35            3.77            1
    41        42,    SUCCESS        2            8            0.85        3.03            3.88            1
    70        71,    SUCCESS        2            10            1.07        2.81            3.88            1
    63        64,    SUCCESS        2            12            1.9        1.98            3.88            1
    58        59,    SUCCESS        2            0            0.99        3.03            4.02            1
    131        132,    SUCCESS        2            11            1.14        3.14            4.28            1
    64        65,    SUCCESS        2            3            1.14        3.25            4.39            1
    121        122,    SUCCESS        2            5            1.58        2.92            4.5            1
    68        69,    SUCCESS        2            2            0.95        3.66            4.61            1
    72        73,    SUCCESS        2            6            1.36        3.25            4.61            1
    13        14,    SUCCESS        2            13            1.17        3.55            4.72            1
    94        95,    SUCCESS        2            1            1.2        3.66            4.86            1
    100        101,    SUCCESS        2            8            1.09        3.88            4.97            1
    73        74,    SUCCESS        2            12            1.09        3.88            4.97            1
    16        17,    SUCCESS        2            14            1.31        3.66            4.97            1
    89        90,    SUCCESS        2            10            1.2        3.88            5.08            1
    184        185,    SUCCESS        2            18            1.51        3.77            5.28            1
    59        60,    SUCCESS        2            0            1.37        4.02            5.39            1
    98        99,    SUCCESS        2            3            1.16        4.39            5.55            1
    125        126,    SUCCESS        2            1            0.82        4.86            5.68            1
    87        88,    SUCCESS        2            2            1.18        4.61            5.79            1
    43        44,    SUCCESS        2            13            1.07        4.72            5.79            1
    128        129,    SUCCESS        2            6            1.4        4.61            6.01            1
    188        189,    SUCCESS        2            18            0.86        5.28            6.14            1
    129        130,    SUCCESS        2            5            1.81        4.5            6.31            1
    126        127,    SUCCESS        2            8            1.45        4.97            6.42            1
    31        32,    SUCCESS        2            14            1.57        4.97            6.54            1
    96        97,    SUCCESS        2            10            1.58        5.08            6.66            1
    153        154,    SUCCESS        2            6            1.06        6.01            7.07            1
    130        131,    SUCCESS        2            1            1.5        5.68            7.18            1
    213        214,    SUCCESS        2            18            1.21        6.14            7.35            1
    90        91,    SUCCESS        2            2            1.67        5.79            7.46            1
    151        152,    SUCCESS        2            5            1.59        6.31            7.9            1
    147        148,    SUCCESS        2            10            1.54        6.66            8.2            1
    149        150,    SUCCESS        2            1            1.13        7.18            8.31            1
    183        184,    SUCCESS        2            6            1.24        7.07            8.31            1
    102        103,    SUCCESS        2            2            1.41        7.46            8.87            1
    157        158,    SUCCESS        2            5            1.13        7.9            9.03            1
    187        188,    SUCCESS        2            6            1.32        8.31            9.63            1
    207        208,    SUCCESS        2            1            1.43        8.31            9.74            1
    175        176,    SUCCESS        2            10            1.65        8.2            9.85            1
    263        264,    SUCCESS        2            6            0.71        9.63            10.34            1
    158        159,    SUCCESS        2            5            1.42        9.03            10.45            1
    215        216,    SUCCESS        2            1            0.94        9.74            10.68            1
    160        161,    SUCCESS        2            2            1.92        8.87            10.79            1
    186        187,    SUCCESS        2            5            1.31        10.45            11.76            1
    217        218,    SUCCESS        2            1            1.59        10.68            12.27            1
    177        178,    SUCCESS        2            2            1.59        10.79            12.38            1
    191        192,    SUCCESS        2            5            1.56        11.76            13.32            1
    241        242,    SUCCESS        2            5            1.4        13.32            14.72            1
    265        266,    SUCCESS        2            5            1.11        14.72            15.83            1
    270        271,    SUCCESS        2            5            1.09        15.83            16.92            1
    271        272,    SUCCESS        2            5            1.46        16.92            18.38            1
    46        47,    SUCCESS        2            19            19.3        2.33            21.63            1
    67        68,    SUCCESS        2            19            1.31        21.63            22.94            1
    101        102,    SUCCESS        2            19            1.13        22.94            24.07            1
    20        21,    SUCCESS        2            16            34.12        0.21            34.34            1
    60        61,    SUCCESS        2            16            1.07        34.34            35.41            1
    76        77,    SUCCESS        2            14            33.03        6.54            39.57            1
    99        100,    SUCCESS        2            14            0.82        39.57            40.39            1
    251        252,    SUCCESS        2            1            28.25        12.27            40.52            1
    21        22,    SUCCESS        2            17            46.67        0.21            46.88            1
    44        45,    SUCCESS        2            17            1.29        46.88            48.17            1
    116        117,    SUCCESS        2            17            1        48.17            49.17            1
    146        147,    SUCCESS        2            17            1.72        49.17            50.89            1
    161        162,    SUCCESS        2            17            1.76        50.89            52.65            1
    135        136,    SUCCESS        2            19            29.08        24.07            53.15            1
    150        151,    SUCCESS        2            19            1.44        53.15            54.59            1
    155        156,    SUCCESS        2            19            0.97        54.59            55.56            1
    105        106,    SUCCESS        2            3            54.16        5.55            59.71            1
    119        120,    SUCCESS        2            3            1.67        59.71            61.38            1
    120        121,    SUCCESS        2            3            1.2        61.38            62.58            1
    218        219,    SUCCESS        2            3            1.49        62.58            64.07            1
    47        48,    SUCCESS        2            13            59.58        5.79            65.37            1
    219        220,    SUCCESS        2            3            1.54        64.07            65.61            1
    77        78,    SUCCESS        2            0            60.65        5.39            66.04            1
    244        245,    SUCCESS        2            3            1.43        65.61            67.04            1
    65        66,    SUCCESS        2            13            1.78        65.37            67.15            1
    95        96,    SUCCESS        2            0            1.62        66.04            67.66            1
    274        275,    SUCCESS        2            3            1.35        67.04            68.39            1
    97        98,    SUCCESS        2            0            0.99        67.66            68.65            1
    88        89,    SUCCESS        2            13            1.71        67.15            68.86            1
    145        146,    SUCCESS        2            0            1.25        68.65            69.9            1
    117        118,    SUCCESS        2            13            1.15        68.86            70.01            1
    156        157,    SUCCESS        2            0            0.73        69.9            70.63            1
    212        213,    SUCCESS        2            0            1.25        70.63            71.88            1
    236        237,    SUCCESS        2            0            1.5        71.88            73.38            1
    238        239,    SUCCESS        2            0            1.02        73.38            74.4            1
    248        249,    SUCCESS        2            0            1.02        74.4            75.42            1
    278        279,    SUCCESS        2            0            1.34        75.42            76.76            1
    134        135,    SUCCESS        2            13            27.82        70.01            97.83            1
    178        179,    SUCCESS        2            13            1.33        97.83            99.16            1
    204        205,    SUCCESS        2            13            1.4        99.16            100.56            1
    208        209,    SUCCESS        2            13            1.22        100.56            101.78            1
    262        263,    SUCCESS        2            13            1.37        101.78            103.15            1
    272        273,    SUCCESS        2            13            1.14        103.15            104.29            1
    164        165,    SUCCESS        2            19            64.63        55.56            120.19            1
    174        175,    SUCCESS        2            19            0.9        120.19            121.09            1
    180        181,    SUCCESS        2            19            1.62        121.09            122.71            1
    181        182,    SUCCESS        2            19            1.5        122.71            124.21            1
    239        240,    SUCCESS        2            19            1.05        124.21            125.26            1
    243        244,    SUCCESS        2            19            1.48        125.26            126.74            1
    192        193,    SUCCESS        2            10            821.6        9.85            831.45            1
    234        235,    SUCCESS        2            10            1.3        831.45            832.75            1
    245        246,    SUCCESS        2            10            1.49        832.75            834.24            1
    75        76,    SUCCESS        2            16            842.76        35.41            878.16            1
    104        105,    SUCCESS        2            16            33.13        878.16            911.29            1
    103        104,    SUCCESS        2            14            1203.64        40.39            1244.03            1
    214        215,    SUCCESS        2            14            1.18        1244.03            1245.21            1
    237        238,    SUCCESS        2            14            0.84        1245.21            1246.05            1
    247        248,    SUCCESS        2            14            1.06        1246.05            1247.11            1
    267        268,    SUCCESS        2            14            1.51        1247.11            1248.62            1
    276        277,    SUCCESS        2            14            1.53        1248.62            1250.15            1
    221        222,    SUCCESS        2            2            1272.73        12.38            1285.11            1
    280        281,    SUCCESS        2            14            49.78        1250.15            1299.93            1
    19        20,    SUCCESS        2            4            1506.93        1.87            1508.8            1
    57        58,    SUCCESS        2            4            1.08        1508.8            1509.88            1
    61        62,    SUCCESS        2            4            1.8        1509.88            1511.68            1
    74        75,    SUCCESS        2            4            0.92        1511.68            1512.6            1
    92        93,    SUCCESS        2            4            1.3        1512.6            1513.9            1
    123        124,    SUCCESS        2            4            1.3        1513.9            1515.2            1
    127        128,    SUCCESS        2            4            0.66        1515.2            1515.86            1
    152        153,    SUCCESS        2            4            1.44        1515.86            1517.3            1
    190        191,    SUCCESS        2            4            0.9        1517.3            1518.2            1
    261        262,    SUCCESS        2            4            1.04        1518.2            1519.24            1
    30        31,    SUCCESS        2            4            0.11        1519.24            1519.35            2
    22        23,    SUCCESS        2            9            1735.56        0.21            1735.77            1
    179        180,    SUCCESS        2            9            1.37        1735.77            1737.14            1
    252        253,    SUCCESS        2            1            1783.61        40.52            1824.13            1
    266        267,    SUCCESS        2            1            1.02        1824.13            1825.15            1
    45        46,    SUCCESS        2            7            1848.16        3.25            1851.41            1
    62        63,    SUCCESS        2            7            1.37        1851.41            1852.78            1
    118        119,    SUCCESS        2            7            1.15        1852.78            1853.93            1
    163        164,    SUCCESS        2            7            39.36        1853.93            1893.29            1
    182        183,    SUCCESS        2            7            1.66        1893.29            1894.95            1
    209        210,    SUCCESS        2            7            1.79        1894.95            1896.74            1
    216        217,    SUCCESS        2            7            1.31        1896.74            1898.05            1
    223        224,    SUCCESS        2            7            75.59        1898.05            1973.64            1
    242        243,    SUCCESS        2            7            1.43        1973.64            1975.07            1
    268        269,    SUCCESS        2            7            0.76        1975.07            1975.83            1
    195        196,    SUCCESS        2            8            2077.71        6.42            2084.13            1
    210        211,    SUCCESS        2            8            0.85        2084.13            2084.98            1
    269        270,    SUCCESS        2            8            1.58        2084.98            2086.56            1
    277        278,    SUCCESS        2            8            1.27        2086.56            2087.83            1
    281        282,    SUCCESS        2            8            69.7        2087.83            2157.53            1
    23        24,    SUCCESS        2            14            467.13        1735.77            2202.9            2
    24        25,    SUCCESS        2            8            2.26        2202.9            2205.16            3
    25        26,    SUCCESS        2            19            5.45        2202.9            2208.35            3
    27        28,    SUCCESS        2            14            33.24        2205.16            2238.4            4
    48        49,    SUCCESS        2            15            2315.05        2.47            2317.52            1
    66        67,    SUCCESS        2            15            1.18        2317.52            2318.7            1
    56        57,    SUCCESS        2            0            0.21        2318.7            2318.91            2
    91        92,    SUCCESS        2            15            1.3        2318.7            2320            1
    115        116,    SUCCESS        2            15            1.23        2320            2321.23            1
    124        125,    SUCCESS        2            15            1.07        2321.23            2322.3            1
    132        133,    SUCCESS        2            15            1.42        2322.3            2323.72            1
    233        234,    SUCCESS        2            15            1.66        2323.72            2325.38            1
    240        241,    SUCCESS        2            15            1.17        2325.38            2326.55            1
    275        276,    SUCCESS        2            15            1.09        2326.55            2327.64            1
    282        283,    SUCCESS        2            2            1177.55        1285.11            2462.66            1
    249        250,    SUCCESS        2            10            1789.96        834.24            2624.2            1
    273        274,    SUCCESS        2            10            1.26        2624.2            2625.46            1
    28        29,    SUCCESS        2            10            4.71        2625.46            2630.17            3
    49        50,    SUCCESS        2            6            333.17        2317.52            2650.69            2
    50        51,    SUCCESS        2            19            1.96        2650.69            2652.65            3
    51        52,    SUCCESS        2            6            4.49        2650.69            2655.18            3
    136        137,    SUCCESS        2            11            2721.76        4.28            2726.04            1
    159        160,    SUCCESS        2            11            0.98        2726.04            2727.02            1
    106        107,    SUCCESS        2            16            2113.71        911.29            3025            1
    122        123,    SUCCESS        2            16            1.34        3025            3026.34            1
    114        115,    SUCCESS        2            4            0.21        3026.34            3026.55            2
    224        225,    SUCCESS        2            9            1414.99        1737.14            3152.13            1
    0        1,    SUCCESS        2            9            0.11        3152.13            3152.24            2
    86        87,    SUCCESS        2            9            0.11        3152.24            3152.35            2
    78        79,    SUCCESS        2            12            3213.88        4.97            3218.85            1
    154        155,    SUCCESS        2            12            0.99        3218.85            3219.84            1
    144        145,    SUCCESS        2            13            0.21        3219.84            3220.05            2
    193        194,    SUCCESS        2            12            23.96        3219.84            3243.8            1
    205        206,    SUCCESS        2            12            0.82        3243.8            3244.62            1
    235        236,    SUCCESS        2            12            1.07        3244.62            3245.69            1
    246        247,    SUCCESS        2            12            1.35        3245.69            3247.04            1
    232        233,    SUCCESS        2            14            0.19        3247.04            3247.23            2
    165        166,    SUCCESS        2            17            3203.24        52.65            3255.89            1
    176        177,    SUCCESS        2            17            1.2        3255.89            3257.09            1
    189        190,    SUCCESS        2            17            1.35        3257.09            3258.44            1
    194        195,    SUCCESS        2            17            46.7        3258.44            3305.14            1
    220        221,    SUCCESS        2            17            1.01        3305.14            3306.15            1
    222        223,    SUCCESS        2            17            28.4        3306.15            3334.55            1
    53        54,    SUCCESS        2            17            33        3334.55            3367.55            4
    162        163,    SUCCESS        2            11            740.91        2727.02            3467.93            1
    206        207,    SUCCESS        2            11            1.11        3467.93            3469.04            1
    79        80,    SUCCESS        2            3            252.37        3218.85            3471.22            2
    80        81,    SUCCESS        2            10            2        3471.22            3473.22            3
    84        85,    SUCCESS        2            2            5.56        3471.22            3476.78            3
    81        82,    SUCCESS        2            17            5.89        3471.22            3477.11            3
    196        197,    SUCCESS        2            7            199.66        3305.14            3504.8            2
    197        198,    SUCCESS        2            13            1.93        3504.8            3506.73            3
    198        199,    SUCCESS        2            6            7.03        3504.8            3511.83            3
    201        202,    SUCCESS        2            6            6.46        3511.83            3518.29            3
    200        201,    SUCCESS        2            9            33.24        3506.73            3539.97            4
    26        27,    SUCCESS        2            8            1533.7        2205.16            3738.86            3
    29        30,    SUCCESS        2            18            2.36        3738.86            3741.22            5
    225        226,    SUCCESS        2            8            407.06        3738.86            4145.92            2
    227        228,    SUCCESS        2            11            7.28        4145.92            4153.2            3
    279        280,    SUCCESS        2            12            940.82        3247.04            4187.86            1
    54        55,    SUCCESS        2            12            4.38        4187.86            4192.24            3
    133        134,    SUCCESS        2            16            1250.67        3026.34            4277.01            1
    185        186,    SUCCESS        2            16            1.73        4277.01            4278.74            1
    173        174,    SUCCESS        2            5            0.2        4278.74            4278.94            2
    211        212,    SUCCESS        2            16            1.48        4278.74            4280.22            1
    203        204,    SUCCESS        2            4            0.21        4280.22            4280.44            2
    250        251,    SUCCESS        2            16            39.15        4280.22            4319.37            1
    264        265,    SUCCESS        2            16            1.13        4319.37            4320.5            1
    260        261,    SUCCESS        2            15            0.21        4320.5            4320.71            2
    107        108,    SUCCESS        2            12            359.4        4192.24            4551.64            2
    112        113,    SUCCESS        2            11            4.69        4551.64            4556.33            3
    109        110,    SUCCESS        2            18            5.99        4551.64            4557.63            3
    166        167,    SUCCESS        2            8            475.05        4145.92            4620.97            2
    171        172,    SUCCESS        2            9            4.67        4620.97            4625.64            3
    283        284,    SUCCESS        2            0            465.65        4187.86            4653.51            2
    83        84,    SUCCESS        2            8            33        4620.97            4653.97            4
    285        286,    SUCCESS        2            19            5.52        4653.51            4659.03            3
    82        83,    SUCCESS        2            3            1240.68        3471.22            4711.9            3
    137        138,    SUCCESS        2            6            526.97        4277.01            4803.99            2
    138        139,    SUCCESS        2            9            1.43        4803.99            4805.42            3
    167        168,    SUCCESS        2            6            1.79        4803.99            4805.78            3
    139        140,    SUCCESS        2            17            4.86        4803.99            4808.85            3
    253        254,    SUCCESS        2            7            507.36        4319.37            4826.74            2
    254        255,    SUCCESS        2            0            1.74        4826.74            4828.48            3
    258        259,    SUCCESS        2            11            4.19        4826.74            4830.93            3
    141        142,    SUCCESS        2            5            33.24        4805.42            4838.66            4
    170        171,    SUCCESS        2            10            33.24        4805.78            4839.02            4
    199        200,    SUCCESS        2            2            1574.48        3504.8            5079.28            3
    226        227,    SUCCESS        2            2            1.85        5079.28            5081.13            3
    202        203,    SUCCESS        2            4            2.18        5079.28            5081.47            5
    168        169,    SUCCESS        2            2            5.31        5081.13            5086.44            3
    284        285,    SUCCESS        2            2            1.54        5086.44            5087.98            3
    229        230,    SUCCESS        2            9            33.24        5081.13            5114.38            4
    287        288,    SUCCESS        2            4            33.24        5087.98            5121.23            4
    228        229,    SUCCESS        2            14            1500.07        4145.92            5645.99            3
    230        231,    SUCCESS        2            14            7.1        5645.99            5653.09            3
    231        232,    SUCCESS        2            5            1.59        5653.09            5654.68            5
    255        256,    SUCCESS        2            14            6.03        5653.09            5659.12            3
    257        258,    SUCCESS        2            14            33        5659.12            5692.12            4
    110        111,    SUCCESS        2            13            1240.71        4551.64            5792.35            3
    85        86,    SUCCESS        2            13            1.18        5792.35            5793.53            5
    52        53,    SUCCESS        2            16            1517.14        4320.5            5837.64            3
    55        56,    SUCCESS        2            0            1.47        5837.64            5839.12            5
    108        109,    SUCCESS        2            16            1.67        5837.64            5839.31            3
    111        112,    SUCCESS        2            11            33.24        5839.31            5872.56            4
    113        114,    SUCCESS        2            13            2.55        5872.56            5875.11            5
    169        170,    SUCCESS        2            15            1502.28        4620.97            6123.25            3
    172        173,    SUCCESS        2            3            1.18        6123.25            6124.43            5
    256        257,    SUCCESS        2            1            1430.63        4826.74            6257.37            3
    259        260,    SUCCESS        2            18            1.28        6257.37            6258.65            5
    286        287,    SUCCESS        2            2            1338.46        5087.98            6426.44            3
    288        289,    SUCCESS        2            2            5.18        6426.44            6431.62            3
    289        290,    SUCCESS        2            17            2.53        6431.62            6434.16            5
    140        141,    SUCCESS        2            2            1386.74        6431.62            7818.36            3
    142        143,    SUCCESS        2            2            7.09        7818.36            7825.45            3
    143        144,    SUCCESS        2            8            1.65        7825.45            7827.11            5